Number of Nodes,AVL Height,BST Height
1,1,1
2,2,2
3,2,2
4,2,3
5,2,3
6,3,3
7,3,4
8,3,4
9,4,5
10,4,4
11,4,4
12,4,5
13,4,5
14,4,5
15,4,7
16,4,5
17,5,6
18,4,5
19,5,8
20,5,5
21,5,7
22,5,8
23,5,8
24,5,7
25,5,7
26,5,7
27,5,8
28,5,8
29,5,8
30,5,8
31,5,9
32,6,9
33,5,8
34,6,8
35,6,9
36,6,8
37,6,8
38,6,9
39,6,9
40,6,9
41,6,9
42,6,10
43,6,9
44,6,8
45,6,8
46,6,10
47,6,9
48,6,10
49,6,11
50,6,8
51,6,10
52,6,10
53,6,12
54,6,11
55,6,10
56,6,10
57,7,11
58,6,10
59,7,10
60,7,10
61,6,10
62,6,10
63,6,12
64,7,10
65,7,10
66,6,9
67,6,12
68,7,10
69,7,9
70,7,12
71,7,9
72,7,11
73,7,11
74,7,9
75,7,11
76,7,10
77,7,11
78,7,12
79,7,11
80,7,11
81,7,11
82,7,12
83,7,13
84,7,12
85,7,11
86,7,11
87,7,12
88,7,13
89,7,12
90,7,12
91,7,13
92,7,11
93,7,11
94,7,12
95,7,11
96,7,12
97,7,12
98,7,11
99,7,12
100,7,12
101,7,11
102,7,12
103,8,11
104,8,11
105,7,14
106,7,12
107,7,12
108,8,11
109,8,12
110,8,13
111,7,13
112,7,12
113,8,13
114,8,13
115,8,12
116,8,12
117,8,12
118,8,13
119,7,12
120,8,12
121,8,12
122,8,12
123,8,12
124,8,11
125,8,14
126,8,13
127,8,13
128,8,14
129,8,12
130,8,14
131,8,12
132,8,12
133,8,12
134,8,13
135,8,12
136,8,13
137,8,14
138,8,12
139,8,13
140,8,14
141,8,16
142,8,14
143,8,12
144,8,14
145,8,14
146,8,14
147,8,11
148,8,14
149,8,13
150,8,13
151,8,12
152,8,15
153,8,15
154,8,13
155,8,14
156,8,13
157,8,15
158,8,12
159,8,14
160,8,13
161,8,14
162,8,14
163,8,13
164,8,15
165,8,14
166,8,14
167,9,14
168,8,14
169,9,13
170,8,13
171,8,13
172,8,14
173,8,17
174,9,14
175,8,13
176,8,14
177,8,14
178,8,13
179,9,13
180,8,13
181,8,14
182,9,14
183,8,13
184,8,15
185,8,14
186,8,17
187,9,14
188,8,14
189,9,13
190,9,15
191,8,15
192,8,13
193,8,13
194,9,16
195,9,15
196,9,14
197,8,16
198,9,15
199,8,15
200,9,15
201,9,13
202,9,15
203,9,13
204,9,14
205,9,15
206,9,15
207,9,15
208,9,15
209,9,15
210,9,15
211,9,13
212,9,13
213,9,15
214,9,15
215,8,16
216,9,14
217,9,16
218,9,18
219,9,15
220,9,15
221,9,14
222,9,15
223,9,17
224,9,15
225,9,15
226,9,14
227,9,16
228,9,15
229,9,16
230,9,15
231,9,15
232,8,15
233,9,16
234,9,14
235,9,16
236,9,14
237,9,15
238,9,16
239,9,17
240,9,16
241,9,16
242,9,15
243,9,15
244,9,16
245,9,16
246,9,16
247,9,18
248,9,16
249,9,15
250,9,16
251,9,14
252,9,16
253,9,14
254,9,14
255,9,15
256,9,14
257,9,18
258,9,14
259,9,16
260,9,14
261,9,15
262,9,16
263,9,15
264,9,17
265,9,15
266,9,15
267,9,14
268,9,15
269,9,15
270,9,16
271,9,17
272,9,16
273,9,15
274,9,18
275,9,16
276,9,16
277,9,16
278,9,16
279,9,17
280,9,15
281,9,17
282,9,15
283,9,18
284,9,16
285,9,17
286,9,16
287,9,16
288,9,15
289,9,17
290,9,16
291,9,18
292,9,16
293,9,16
294,9,17
295,9,15
296,9,16
297,9,15
298,9,16
299,9,15
300,9,17
301,9,16
302,9,16
303,9,16
304,9,17
305,9,16
306,10,15
307,9,16
308,9,15
309,9,15
310,10,16
311,9,15
312,10,16
313,9,16
314,9,16
315,9,18
316,9,15
317,9,17
318,9,17
319,9,16
320,10,15
321,10,17
322,10,17
323,9,17
324,9,15
325,10,17
326,9,18
327,9,19
328,9,15
329,9,16
330,10,16
331,10,17
332,9,16
333,9,14
334,10,17
335,10,18
336,9,16
337,10,16
338,9,15
339,9,16
340,10,17
341,9,17
342,9,16
343,9,16
344,10,17
345,10,15
346,10,17
347,10,17
348,10,15
349,10,17
350,9,17
351,10,17
352,10,16
353,9,20
354,9,16
355,10,17
356,10,16
357,10,15
358,9,17
359,10,16
360,10,19
361,10,17
362,10,17
363,10,16
364,10,15
365,10,18
366,9,18
367,10,16
368,10,17
369,9,17
370,10,18
371,10,16
372,10,16
373,10,17
374,10,17
375,9,18
376,10,17
377,10,17
378,10,18
379,9,17
380,10,15
381,10,18
382,10,18
383,10,17
384,10,17
385,10,18
386,10,17
387,10,16
388,10,18
389,10,17
390,10,17
391,10,18
392,10,19
393,10,18
394,10,19
395,10,16
396,10,17
397,10,18
398,10,15
399,10,19
400,10,19
401,10,17
402,10,17
403,10,17
404,10,16
405,10,18
406,10,16
407,10,16
408,10,16
409,10,17
410,10,17
411,10,17
412,10,17
413,10,16
414,10,18
415,10,16
416,10,17
417,10,18
418,10,18
419,10,16
420,10,18
421,10,18
422,10,17
423,10,16
424,10,18
425,10,16
426,10,18
427,10,20
428,10,18
429,10,18
430,10,18
431,10,17
432,10,17
433,10,16
434,10,20
435,10,18
436,10,18
437,10,17
438,10,17
439,10,18
440,10,18
441,10,17
442,10,19
443,10,16
444,10,18
445,10,18
446,10,17
447,10,16
448,10,18
449,10,20
450,10,18
451,10,19
452,10,18
453,10,16
454,10,19
455,10,18
456,10,19
457,10,16
458,10,18
459,10,19
460,10,17
461,10,17
462,10,19
463,10,19
464,10,18
465,10,18
466,10,17
467,10,19
468,10,20
469,10,16
470,10,18
471,10,19
472,10,18
473,10,18
474,10,19
475,10,17
476,10,17
477,10,21
478,10,17
479,10,18
480,10,16
481,10,19
482,10,19
483,10,19
484,10,17
485,10,17
486,10,21
487,10,18
488,10,18
489,10,19
490,10,19
491,10,19
492,10,18
493,10,18
494,10,19
495,10,18
496,10,18
497,10,20
498,10,17
499,10,18
500,10,18
501,10,17
502,10,18
503,10,18
504,10,18
505,10,18
506,10,17
507,10,17
508,10,18
509,10,17
510,10,17
511,10,18
512,10,20
513,10,19
514,10,17
515,10,20
516,10,18
517,10,17
518,10,17
519,10,16
520,10,17
521,10,19
522,10,18
523,10,20
524,10,17
525,10,17
526,10,17
527,10,18
528,10,18
529,10,17
530,10,18
531,10,17
532,10,18
533,10,18
534,10,20
535,10,17
536,10,18
537,10,18
538,10,19
539,10,18
540,10,17
541,10,18
542,10,18
543,10,19
544,10,20
545,10,18
546,10,18
547,10,17
548,10,19
549,11,18
550,10,20
551,10,20
552,10,20
553,10,20
554,10,17
555,11,18
556,11,17
557,10,18
558,10,19
559,10,18
560,10,18
561,11,19
562,10,18
563,10,17
564,10,18
565,11,18
566,10,18
567,10,19
568,10,19
569,10,18
570,10,17
571,10,18
572,10,20
573,10,21
574,10,19
575,11,18
576,10,21
577,10,18
578,10,18
579,10,19
580,10,19
581,10,20
582,10,19
583,11,19
584,10,18
585,10,21
586,11,17
587,10,19
588,10,20
589,11,19
590,10,17
591,10,18
592,10,20
593,10,19
594,10,19
595,11,18
596,10,20
597,10,18
598,10,19
599,10,19
600,11,21
601,11,19
602,10,21
603,11,19
604,11,20
605,10,18
606,10,20
607,11,21
608,10,18
609,10,18
610,10,17
611,11,20
612,11,18
613,11,20
614,11,19
615,11,18
616,10,19
617,11,17
618,10,17
619,10,18
620,11,18
621,11,19
622,11,19
623,11,19
624,11,19
625,11,16
626,11,17
627,11,18
628,11,20
629,11,19
630,11,18
631,11,18
632,10,19
633,10,19
634,11,20
635,11,19
636,11,19
637,11,21
638,11,18
639,10,18
640,10,18
641,11,19
642,11,19
643,11,20
644,11,19
645,10,18
646,11,20
647,11,19
648,11,18
649,11,18
650,11,17
651,11,20
652,11,19
653,10,18
654,11,22
655,11,19
656,11,19
657,11,18
658,11,20
659,11,18
660,11,18
661,11,20
662,11,20
663,11,18
664,11,18
665,11,18
666,11,18
667,11,20
668,11,20
669,10,20
670,11,22
671,11,19
672,11,19
673,11,19
674,11,19
675,11,20
676,11,20
677,10,19
678,10,19
679,11,18
680,11,19
681,11,19
682,11,18
683,11,19
684,11,18
685,11,19
686,11,20
687,11,19
688,11,19
689,11,19
690,11,19
691,11,19
692,11,20
693,11,19
694,11,19
695,11,18
696,11,19
697,11,20
698,11,19
699,11,19
700,11,18
701,11,20
702,11,19
703,11,22
704,11,22
705,11,18
706,11,20
707,11,21
708,11,20
709,11,20
710,11,19
711,11,19
712,11,21
713,11,18
714,11,20
715,11,21
716,11,19
717,11,19
718,11,19
719,11,20
720,11,19
721,11,19
722,11,18
723,11,18
724,11,20
725,11,19
726,11,19
727,11,19
728,11,20
729,11,19
730,11,21
731,11,19
732,11,19
733,11,20
734,11,19
735,11,18
736,11,19
737,11,19
738,11,20
739,11,22
740,11,20
741,11,20
742,11,19
743,11,18
744,11,19
745,11,18
746,11,19
747,11,20
748,11,21
749,11,19
750,11,21
751,11,19
752,11,20
753,11,20
754,11,20
755,11,19
756,11,22
757,11,20
758,11,19
759,11,21
760,11,19
761,11,19
762,11,21
763,11,19
764,11,21
765,11,18
766,11,19
767,11,20
768,11,19
769,11,19
770,11,19
771,11,20
772,11,20
773,11,22
774,11,22
775,11,18
776,11,20
777,11,20
778,11,20
779,11,19
780,11,21
781,11,19
782,11,20
783,11,20
784,11,19
785,11,20
786,11,19
787,11,19
788,11,20
789,11,20
790,11,19
791,11,21
792,11,22
793,11,19
794,11,20
795,11,22
796,11,18
797,11,18
798,11,22
799,11,22
800,11,18
801,11,20
802,11,19
803,11,21
804,11,20
805,11,20
806,11,20
807,11,18
808,11,21
809,11,21
810,11,20
811,11,19
812,11,20
813,11,20
814,11,20
815,11,18
816,11,22
817,11,20
818,11,18
819,11,19
820,11,22
821,11,22
822,11,20
823,11,20
824,11,20
825,11,19
826,11,20
827,11,21
828,11,20
829,11,19
830,11,20
831,11,19
832,11,19
833,11,20
834,11,20
835,11,20
836,11,18
837,11,19
838,11,19
839,11,19
840,11,19
841,11,20
842,11,23
843,11,20
844,11,19
845,11,22
846,11,20
847,11,20
848,11,20
849,11,19
850,11,21
851,11,20
852,11,21
853,11,21
854,11,19
855,11,21
856,11,21
857,11,19
858,11,21
859,11,21
860,11,20
861,11,21
862,11,19
863,11,20
864,11,19
865,11,20
866,11,23
867,11,21
868,11,22
869,11,20
870,11,20
871,11,19
872,11,21
873,11,19
874,11,21
875,11,20
876,11,18
877,11,20
878,11,23
879,11,20
880,11,20
881,11,21
882,11,20
883,11,19
884,11,20
885,11,20
886,11,20
887,11,18
888,11,18
889,11,21
890,11,20
891,11,19
892,11,20
893,11,18
894,11,20
895,11,24
896,11,20
897,11,19
898,11,21
899,11,21
900,11,20
901,11,19
902,11,20
903,11,22
904,11,20
905,11,19
906,11,18
907,11,19
908,11,20
909,11,20
910,11,22
911,11,21
912,11,21
913,11,22
914,11,21
915,11,19
916,11,21
917,11,20
918,11,20
919,11,20
920,11,20
921,11,21
922,11,21
923,11,20
924,11,19
925,11,20
926,11,22
927,11,22
928,11,19
929,11,22
930,11,20
931,11,21
932,11,19
933,11,21
934,11,19
935,11,20
936,11,20
937,11,21
938,11,20
939,11,21
940,11,20
941,11,21
942,11,20
943,11,21
944,11,21
945,11,19
946,11,20
947,11,22
948,12,21
949,11,20
950,11,20
951,11,22
952,11,20
953,12,22
954,11,21
955,12,20
956,11,20
957,11,21
958,11,21
959,11,20
960,11,19
961,11,22
962,11,21
963,11,21
964,12,22
965,11,21
966,11,19
967,11,20
968,11,20
969,11,21
970,11,20
971,11,21
972,11,20
973,11,22
974,11,23
975,12,22
976,11,20
977,11,20
978,11,19
979,11,21
980,11,19
981,12,20
982,11,21
983,11,20
984,11,22
985,11,21
986,11,19
987,12,22
988,11,19
989,11,19
990,11,24
991,11,20
992,11,19
993,11,19
994,11,20
995,12,22
996,11,20
997,11,23
998,11,24
999,11,22
1000,11,22
1001,11,19
1002,11,20
1003,11,24
1004,11,20
1005,11,21
1006,11,21
1007,11,20
1008,11,21
1009,11,22
1010,11,20
1011,12,23
1012,11,23
1013,12,22
1014,11,21
1015,11,21
1016,11,19
1017,11,20
1018,12,21
1019,11,20
1020,11,20
1021,12,20
1022,11,22
1023,12,20
1024,11,20
1025,12,22
1026,11,22
1027,11,23
1028,11,20
1029,12,19
1030,11,19
1031,12,20
1032,12,22
1033,12,19
1034,11,20
1035,11,21
1036,11,21
1037,11,21
1038,12,22
1039,11,22
1040,11,21
1041,11,21
1042,11,22
1043,11,21
1044,12,20
1045,11,20
1046,11,20
1047,12,21
1048,11,22
1049,12,21
1050,11,23
1051,11,21
1052,11,21
1053,11,21
1054,12,22
1055,11,22
1056,12,19
1057,11,23
1058,12,20
1059,11,22
1060,11,22
1061,12,20
1062,11,20
1063,11,21
1064,11,20
1065,11,20
1066,11,22
1067,11,19
1068,11,22
1069,11,20
1070,11,21
1071,12,21
1072,11,21
1073,11,19
1074,11,22
1075,11,21
1076,12,22
1077,11,23
1078,12,20
1079,11,21
1080,11,19
1081,12,19
1082,12,22
1083,12,20
1084,12,21
1085,12,20
1086,12,21
1087,11,22
1088,12,21
1089,12,23
1090,12,20
1091,12,21
1092,12,22
1093,11,21
1094,11,22
1095,11,20
1096,11,21
1097,12,20
1098,11,19
1099,12,21
1100,12,19
1101,11,21
1102,12,22
1103,12,22
1104,11,22
1105,12,23
1106,11,21
1107,12,20
1108,11,21
1109,12,19
1110,11,20
1111,11,20
1112,11,22
1113,12,19
1114,12,22
1115,12,21
1116,12,21
1117,12,22
1118,11,21
1119,12,21
1120,12,23
1121,12,23
1122,12,20
1123,12,22
1124,12,22
1125,12,20
1126,12,21
1127,11,21
1128,12,23
1129,12,21
1130,12,21
1131,12,20
1132,11,22
1133,12,22
1134,11,22
1135,11,22
1136,12,20
1137,12,22
1138,12,23
1139,12,21
1140,12,22
1141,12,22
1142,12,22
1143,12,21
1144,12,20
1145,12,21
1146,12,21
1147,12,22
1148,12,22
1149,12,22
1150,12,22
1151,12,19
1152,12,21
1153,12,22
1154,12,22
1155,12,23
1156,12,22
1157,12,20
1158,12,20
1159,12,21
1160,12,23
1161,11,21
1162,12,22
1163,12,22
1164,12,22
1165,12,21
1166,12,23
1167,12,20
1168,12,20
1169,12,22
1170,12,21
1171,12,21
1172,12,20
1173,12,24
1174,11,21
1175,12,22
1176,12,22
1177,12,23
1178,12,22
1179,12,20
1180,12,22
1181,12,21
1182,12,22
1183,11,21
1184,12,22
1185,12,21
1186,12,21
1187,12,20
1188,12,24
1189,12,22
1190,12,21
1191,12,21
1192,12,22
1193,12,21
1194,12,23
1195,12,20
1196,12,21
1197,12,23
1198,12,21
1199,12,20
1200,12,22
1201,12,22
1202,12,20
1203,12,21
1204,12,20
1205,12,21
1206,12,24
1207,12,23
1208,12,26
1209,11,21
1210,12,22
1211,12,22
1212,12,23
1213,12,21
1214,12,22
1215,12,22
1216,12,22
1217,11,21
1218,12,24
1219,12,22
1220,12,23
1221,12,24
1222,11,23
1223,12,24
1224,12,23
1225,12,21
1226,12,23
1227,12,22
1228,12,21
1229,12,21
1230,11,22
1231,12,22
1232,12,23
1233,12,22
1234,12,22
1235,12,21
1236,12,20
1237,12,21
1238,12,21
1239,12,22
1240,12,21
1241,12,23
1242,12,20
1243,12,21
1244,12,21
1245,12,22
1246,12,21
1247,12,21
1248,12,21
1249,12,23
1250,12,22
1251,12,22
1252,12,22
1253,12,22
1254,12,21
1255,12,22
1256,12,23
1257,12,21
1258,12,21
1259,12,23
1260,12,23
1261,12,22
1262,12,23
1263,12,21
1264,12,21
1265,12,22
1266,12,21
1267,12,21
1268,12,25
1269,12,23
1270,12,21
1271,12,21
1272,12,23
1273,12,21
1274,12,22
1275,12,24
1276,12,22
1277,12,24
1278,12,22
1279,12,22
1280,12,22
1281,12,22
1282,12,22
1283,12,22
1284,12,20
1285,12,23
1286,12,21
1287,12,21
1288,12,23
1289,12,24
1290,12,24
1291,12,23
1292,12,21
1293,12,21
1294,12,22
1295,12,23
1296,12,22
1297,12,22
1298,12,20
1299,12,21
1300,12,21
1301,12,22
1302,11,21
1303,12,21
1304,12,21
1305,12,21
1306,12,22
1307,12,22
1308,12,23
1309,12,22
1310,12,21
1311,12,22
1312,12,22
1313,12,23
1314,12,21
1315,12,23
1316,12,20
1317,12,21
1318,12,23
1319,12,24
1320,12,24
1321,12,22
1322,12,22
1323,12,23
1324,12,23
1325,12,24
1326,12,23
1327,12,20
1328,12,21
1329,12,22
1330,12,22
1331,12,24
1332,12,23
1333,12,22
1334,12,21
1335,12,22
1336,12,23
1337,12,22
1338,12,24
1339,12,23
1340,12,22
1341,12,21
1342,12,23
1343,12,20
1344,12,24
1345,12,23
1346,12,21
1347,12,24
1348,12,22
1349,12,23
1350,12,20
1351,12,21
1352,12,22
1353,12,25
1354,12,23
1355,12,21
1356,12,25
1357,12,24
1358,12,21
1359,12,22
1360,12,21
1361,12,21
1362,12,23
1363,12,22
1364,12,22
1365,12,21
1366,12,23
1367,12,22
1368,12,23
1369,12,22
1370,12,22
1371,12,24
1372,12,21
1373,12,21
1374,12,20
1375,12,22
1376,12,23
1377,12,22
1378,12,20
1379,12,23
1380,12,24
1381,12,21
1382,12,21
1383,12,24
1384,12,21
1385,12,21
1386,12,22
1387,12,21
1388,12,22
1389,12,23
1390,12,21
1391,12,22
1392,12,21
1393,12,24
1394,12,20
1395,12,23
1396,12,21
1397,12,20
1398,12,23
1399,12,20
1400,12,21
1401,12,22
1402,12,22
1403,12,21
1404,12,21
1405,12,23
1406,12,23
1407,12,22
1408,12,22
1409,12,24
1410,12,23
1411,12,23
1412,12,24
1413,12,22
1414,12,23
1415,12,22
1416,12,21
1417,12,21
1418,12,22
1419,12,22
1420,12,21
1421,12,23
1422,12,23
1423,12,22
1424,12,24
1425,12,20
1426,12,21
1427,12,22
1428,12,20
1429,12,22
1430,12,20
1431,12,22
1432,12,23
1433,12,23
1434,12,23
1435,12,22
1436,12,22
1437,12,21
1438,12,22
1439,12,20
1440,12,22
1441,12,22
1442,12,21
1443,12,21
1444,12,21
1445,12,21
1446,12,23
1447,12,21
1448,12,22
1449,12,24
1450,12,24
1451,12,20
1452,12,22
1453,12,23
1454,12,25
1455,12,21
1456,12,24
1457,12,21
1458,12,22
1459,12,23
1460,12,24
1461,12,23
1462,12,23
1463,12,21
1464,12,23
1465,12,23
1466,12,22
1467,12,23
1468,12,23
1469,12,26
1470,12,23
1471,12,24
1472,12,22
1473,12,23
1474,12,21
1475,12,21
1476,12,21
1477,12,21
1478,12,23
1479,12,22
1480,12,21
1481,12,22
1482,12,23
1483,12,23
1484,12,23
1485,12,22
1486,12,22
1487,12,21
1488,12,22
1489,12,22
1490,12,21
1491,12,22
1492,12,24
1493,12,24
1494,12,21
1495,12,22
1496,12,23
1497,12,22
1498,12,21
1499,12,22
1500,12,25
1501,12,21
1502,12,22
1503,12,20
1504,12,23
1505,12,23
1506,12,21
1507,12,22
1508,12,22
1509,12,24
1510,12,22
1511,12,21
1512,12,21
1513,12,22
1514,12,24
1515,12,22
1516,12,22
1517,12,25
1518,12,20
1519,12,24
1520,12,22
1521,12,23
1522,12,22
1523,12,22
1524,12,22
1525,12,23
1526,12,23
1527,12,23
1528,12,23
1529,12,24
1530,12,23
1531,12,22
1532,12,21
1533,12,22
1534,12,23
1535,12,23
1536,12,22
1537,12,24
1538,12,22
1539,12,21
1540,13,21
1541,12,23
1542,12,24
1543,12,21
1544,12,23
1545,12,23
1546,12,24
1547,12,24
1548,12,22
1549,12,24
1550,12,22
1551,12,26
1552,12,23
1553,12,22
1554,12,21
1555,12,23
1556,12,24
1557,12,24
1558,12,23
1559,12,21
1560,12,23
1561,12,21
1562,12,21
1563,12,23
1564,12,23
1565,12,23
1566,12,23
1567,12,22
1568,12,23
1569,12,23
1570,12,22
1571,12,23
1572,12,21
1573,12,23
1574,12,22
1575,12,23
1576,12,23
1577,12,25
1578,12,23
1579,12,24
1580,12,24
1581,12,22
1582,12,22
1583,12,21
1584,12,22
1585,12,23
1586,12,23
1587,12,22
1588,12,23
1589,12,22
1590,12,22
1591,12,23
1592,12,22
1593,12,24
1594,12,23
1595,12,21
1596,12,23
1597,12,22
1598,12,22
1599,12,24
1600,12,21
1601,12,23
1602,12,22
1603,12,23
1604,12,25
1605,12,21
1606,12,23
1607,12,23
1608,12,23
1609,12,24
1610,12,23
1611,12,22
1612,12,24
1613,12,22
1614,12,22
1615,12,23
1616,12,23
1617,13,23
1618,12,22
1619,12,22
1620,12,26
1621,12,23
1622,12,21
1623,12,22
1624,12,24
1625,12,22
1626,12,22
1627,12,24
1628,12,20
1629,12,22
1630,12,23
1631,12,24
1632,12,22
1633,12,23
1634,12,21
1635,12,23
1636,12,23
1637,12,22
1638,12,23
1639,12,22
1640,12,22
1641,12,23
1642,12,23
1643,12,23
1644,12,22
1645,12,25
1646,12,24
1647,12,22
1648,12,23
1649,12,25
1650,12,22
1651,12,21
1652,12,22
1653,12,23
1654,12,22
1655,12,21
1656,12,23
1657,12,24
1658,12,23
1659,12,25
1660,12,23
1661,13,22
1662,12,22
1663,12,21
1664,12,23
1665,12,22
1666,12,23
1667,12,22
1668,12,24
1669,12,22
1670,12,23
1671,12,25
1672,12,23
1673,12,23
1674,12,21
1675,12,22
1676,12,23
1677,12,23
1678,12,22
1679,12,24
1680,12,22
1681,13,23
1682,12,24
1683,12,25
1684,12,24
1685,12,23
1686,12,22
1687,12,24
1688,12,24
1689,12,24
1690,12,22
1691,12,22
1692,12,23
1693,12,22
1694,12,21
1695,12,25
1696,12,23
1697,12,24
1698,12,24
1699,12,25
1700,12,22
1701,12,22
1702,12,23
1703,12,24
1704,13,23
1705,12,23
1706,12,22
1707,12,22
1708,13,24
1709,12,26
1710,12,23
1711,12,22
1712,12,22
1713,12,23
1714,12,22
1715,12,23
1716,12,21
1717,12,22
1718,12,23
1719,12,22
1720,12,23
1721,12,22
1722,12,25
1723,12,22
1724,12,24
1725,12,23
1726,12,22
1727,12,24
1728,13,24
1729,12,23
1730,12,24
1731,12,22
1732,12,24
1733,13,24
1734,12,23
1735,12,22
1736,12,22
1737,12,24
1738,12,23
1739,12,23
1740,12,23
1741,12,21
1742,13,24
1743,12,23
1744,12,22
1745,12,22
1746,12,23
1747,12,24
1748,12,22
1749,12,21
1750,12,23
1751,12,23
1752,12,24
1753,12,23
1754,12,21
1755,12,22
1756,12,22
1757,13,22
1758,13,23
1759,13,22
1760,13,23
1761,13,24
1762,12,23
1763,13,24
1764,13,22
1765,12,25
1766,12,23
1767,12,24
1768,13,21
1769,12,24
1770,12,23
1771,13,23
1772,12,23
1773,12,23
1774,12,22
1775,12,22
1776,12,23
1777,12,23
1778,12,25
1779,13,22
1780,13,22
1781,12,23
1782,12,22
1783,13,24
1784,12,26
1785,12,25
1786,12,23
1787,12,21
1788,13,23
1789,12,21
1790,12,23
1791,12,22
1792,12,23
1793,12,21
1794,12,24
1795,13,24
1796,12,24
1797,12,23
1798,13,25
1799,12,23
1800,12,25
1801,13,23
1802,13,24
1803,13,24
1804,12,23
1805,13,22
1806,12,24
1807,12,23
1808,12,22
1809,13,23
1810,13,24
1811,12,22
1812,13,23
1813,12,25
1814,13,22
1815,12,21
1816,12,23
1817,13,23
1818,12,22
1819,12,23
1820,12,25
1821,12,23
1822,12,22
1823,12,24
1824,13,24
1825,12,23
1826,12,25
1827,12,21
1828,12,23
1829,13,23
1830,13,23
1831,12,22
1832,13,21
1833,12,26
1834,12,23
1835,12,23
1836,12,23
1837,12,22
1838,12,22
1839,12,23
1840,13,23
1841,13,24
1842,12,22
1843,12,25
1844,12,24
1845,13,24
1846,13,22
1847,12,21
1848,13,25
1849,13,23
1850,13,23
1851,12,24
1852,12,24
1853,12,23
1854,13,25
1855,12,24
1856,12,25
1857,12,24
1858,13,23
1859,12,25
1860,12,24
1861,13,24
1862,12,23
1863,12,24
1864,12,23
1865,13,23
1866,12,23
1867,13,23
1868,12,22
1869,12,22
1870,12,24
1871,13,22
1872,12,24
1873,12,23
1874,12,25
1875,13,21
1876,13,23
1877,12,24
1878,12,21
1879,13,22
1880,13,23
1881,13,22
1882,13,23
1883,13,25
1884,12,21
1885,13,23
1886,12,23
1887,13,22
1888,12,23
1889,13,24
1890,12,25
1891,13,24
1892,12,24
1893,13,23
1894,12,23
1895,13,23
1896,13,24
1897,12,23
1898,13,23
1899,13,24
1900,13,24
1901,12,23
1902,13,22
1903,12,22
1904,13,22
1905,12,23
1906,12,24
1907,13,22
1908,12,21
1909,12,24
1910,13,21
1911,12,23
1912,12,24
1913,13,24
1914,13,21
1915,13,25
1916,13,22
1917,12,25
1918,12,25
1919,12,23
1920,12,23
1921,12,23
1922,13,23
1923,12,24
1924,12,22
1925,13,24
1926,12,23
1927,13,23
1928,13,22
1929,12,23
1930,13,22
1931,13,25
1932,13,22
1933,12,22
1934,13,22
1935,12,22
1936,13,23
1937,13,23
1938,12,25
1939,13,23
1940,13,26
1941,12,24
1942,13,22
1943,13,23
1944,13,24
1945,12,23
1946,13,24
1947,13,22
1948,13,24
1949,12,24
1950,12,23
1951,13,25
1952,13,23
1953,13,25
1954,13,25
1955,13,23
1956,12,22
1957,12,24
1958,13,22
1959,13,23
1960,12,22
1961,13,23
1962,13,24
1963,12,23
1964,13,25
1965,12,23
1966,12,23
1967,12,22
1968,13,23
1969,13,24
1970,13,24
1971,12,22
1972,13,23
1973,13,24
1974,13,22
1975,13,27
1976,13,27
1977,12,23
1978,12,26
1979,12,23
1980,12,22
1981,12,23
1982,13,21
1983,13,23
1984,13,22
1985,12,23
1986,13,24
1987,13,25
1988,13,23
1989,13,24
1990,13,24
1991,13,25
1992,12,23
1993,13,24
1994,13,23
1995,12,22
1996,12,24
1997,13,25
1998,13,23
1999,13,24
2000,13,24
2001,13,22
2002,13,22
2003,13,23
2004,12,23
2005,12,22
2006,13,27
2007,13,23
2008,13,23
2009,13,26
2010,13,24
2011,13,25
2012,13,24
2013,12,23
2014,13,23
2015,13,24
2016,12,22
2017,13,23
2018,13,23
2019,13,22
2020,13,27
2021,13,24
2022,13,22
2023,13,23
2024,12,24
2025,13,22
2026,12,23
2027,13,22
2028,13,23
2029,12,25
2030,13,24
2031,12,23
2032,13,25
2033,13,24
2034,13,24
2035,13,24
2036,13,23
2037,13,24
2038,13,22
2039,13,22
2040,13,23
2041,13,22
2042,13,24
2043,13,27
2044,13,24
2045,13,24
2046,12,25
2047,12,23
2048,13,25
2049,13,22
2050,12,23
2051,13,23
2052,13,23
2053,13,22
2054,13,23
2055,13,23
2056,13,22
2057,13,23
2058,12,25
2059,13,22
2060,13,23
2061,13,22
2062,13,23
2063,13,24
2064,13,24
2065,13,22
2066,12,25
2067,13,25
2068,13,25
2069,13,26
2070,13,23
2071,13,23
2072,13,22
2073,13,24
2074,13,24
2075,13,23
2076,13,23
2077,13,23
2078,12,22
2079,13,24
2080,13,24
2081,13,23
2082,13,23
2083,13,24
2084,12,22
2085,13,21
2086,13,23
2087,13,23
2088,13,22
2089,13,23
2090,13,25
2091,13,22
2092,13,23
2093,13,23
2094,13,22
2095,13,25
2096,13,25
2097,13,24
2098,13,24
2099,13,23
2100,13,25
2101,12,24
2102,13,24
2103,13,20
2104,13,24
2105,13,25
2106,13,26
2107,13,24
2108,13,22
2109,13,25
2110,13,24
2111,13,22
2112,13,23
2113,13,23
2114,13,24
2115,13,25
2116,13,24
2117,13,24
2118,13,23
2119,13,25
2120,13,23
2121,13,23
2122,13,23
2123,13,23
2124,13,23
2125,13,22
2126,13,23
2127,13,23
2128,13,23
2129,13,21
2130,13,25
2131,13,22
2132,13,24
2133,13,23
2134,13,23
2135,13,23
2136,13,25
2137,13,25
2138,13,25
2139,13,23
2140,13,26
2141,13,25
2142,13,24
2143,13,23
2144,13,23
2145,13,27
2146,13,25
2147,13,26
2148,13,25
2149,13,22
2150,13,25
2151,13,23
2152,13,24
2153,13,22
2154,13,22
2155,13,25
2156,13,23
2157,13,21
2158,13,22
2159,13,23
2160,13,24
2161,12,22
2162,13,24
2163,13,25
2164,13,23
2165,13,25
2166,13,22
2167,13,26
2168,13,24
2169,13,24
2170,13,24
2171,13,25
2172,13,23
2173,13,24
2174,13,24
2175,13,23
2176,13,22
2177,13,22
2178,13,23
2179,13,24
2180,13,25
2181,13,23
2182,13,24
2183,13,24
2184,13,25
2185,12,23
2186,13,23
2187,13,25
2188,13,25
2189,13,24
2190,13,24
2191,13,26
2192,13,23
2193,13,23
2194,13,23
2195,13,24
2196,13,24
2197,13,25
2198,13,23
2199,13,25
2200,13,24
2201,13,25
2202,13,24
2203,13,24
2204,13,23
2205,13,24
2206,13,25
2207,13,25
2208,13,25
2209,13,25
2210,13,24
2211,13,25
2212,13,23
2213,13,25
2214,13,23
2215,13,24
2216,13,23
2217,13,25
2218,13,23
2219,13,25
2220,13,21
2221,13,25
2222,13,25
2223,13,26
2224,13,23
2225,13,23
2226,13,23
2227,13,26
2228,13,24
2229,13,26
2230,13,25
2231,13,24
2232,13,23
2233,13,25
2234,13,23
2235,13,25
2236,13,24
2237,13,24
2238,13,23
2239,13,25
2240,13,23
2241,13,23
2242,13,23
2243,13,24
2244,13,24
2245,13,22
2246,13,26
2247,13,24
2248,13,25
2249,13,25
2250,13,25
2251,13,26
2252,13,25
2253,13,23
2254,13,23
2255,13,23
2256,13,23
2257,13,24
2258,13,24
2259,13,25
2260,13,25
2261,13,24
2262,13,26
2263,13,24
2264,13,23
2265,13,25
2266,13,24
2267,13,23
2268,13,24
2269,13,23
2270,13,24
2271,13,23
2272,13,22
2273,13,23
2274,13,22
2275,13,23
2276,13,24
2277,13,24
2278,13,25
2279,13,24
2280,13,24
2281,13,24
2282,13,23
2283,13,24
2284,13,25
2285,13,24
2286,13,25
2287,13,25
2288,13,22
2289,13,23
2290,13,23
2291,13,26
2292,13,24
2293,13,23
2294,13,25
2295,13,24
2296,13,25
2297,13,23
2298,13,24
2299,13,23
2300,13,23
2301,13,23
2302,13,23
2303,13,24
2304,13,24
2305,13,23
2306,13,25
2307,13,26
2308,13,23
2309,13,25
2310,13,24
2311,13,26
2312,13,23
2313,13,26
2314,13,26
2315,13,23
2316,13,23
2317,13,23
2318,13,23
2319,13,24
2320,13,25
2321,13,23
2322,13,25
2323,13,22
2324,13,24
2325,13,22
2326,13,25
2327,13,23
2328,13,24
2329,13,26
2330,13,24
2331,13,23
2332,13,21
2333,13,23
2334,13,24
2335,13,24
2336,13,24
2337,13,26
2338,13,24
2339,13,24
2340,13,24
2341,13,24
2342,13,24
2343,13,25
2344,13,24
2345,13,24
2346,13,23
2347,13,25
2348,13,25
2349,13,26
2350,13,24
2351,13,24
2352,13,24
2353,13,23
2354,13,25
2355,13,24
2356,13,24
2357,13,23
2358,13,25
2359,13,25
2360,13,26
2361,13,25
2362,13,24
2363,13,24
2364,13,25
2365,13,25
2366,13,25
2367,13,23
2368,13,23
2369,13,24
2370,13,22
2371,13,25
2372,13,26
2373,13,24
2374,13,23
2375,13,25
2376,13,24
2377,13,24
2378,13,22
2379,13,24
2380,13,23
2381,13,25
2382,13,23
2383,13,25
2384,13,25
2385,13,25
2386,13,23
2387,13,25
2388,13,23
2389,13,24
2390,13,24
2391,13,22
2392,13,25
2393,13,23
2394,13,24
2395,13,23
2396,13,25
2397,13,24
2398,13,24
2399,13,26
2400,13,24
2401,13,24
2402,13,23
2403,13,25
2404,13,26
2405,13,23
2406,13,23
2407,13,24
2408,13,23
2409,13,24
2410,13,25
2411,13,24
2412,13,23
2413,13,24
2414,13,25
2415,13,23
2416,13,27
2417,13,23
2418,13,24
2419,13,23
2420,13,23
2421,13,23
2422,13,23
2423,13,22
2424,13,27
2425,13,24
2426,13,25
2427,13,24
2428,13,25
2429,13,24
2430,13,24
2431,13,23
2432,13,23
2433,13,24
2434,13,23
2435,13,27
2436,13,24
2437,13,24
2438,13,26
2439,13,26
2440,13,25
2441,13,25
2442,13,24
2443,13,23
2444,13,24
2445,13,26
2446,13,24
2447,13,24
2448,13,24
2449,13,25
2450,13,27
2451,13,25
2452,13,25
2453,13,23
2454,13,24
2455,13,23
2456,13,25
2457,13,25
2458,13,25
2459,13,24
2460,13,23
2461,13,25
2462,13,25
2463,13,24
2464,13,26
2465,13,25
2466,13,24
2467,13,25
2468,13,23
2469,13,26
2470,13,25
2471,13,24
2472,13,25
2473,13,24
2474,13,23
2475,13,26
2476,13,24
2477,13,24
2478,13,23
2479,13,24
2480,13,25
2481,13,25
2482,13,25
2483,13,23
2484,13,24
2485,13,24
2486,13,24
2487,13,25
2488,13,24
2489,13,27
2490,13,23
2491,13,24
2492,13,26
2493,13,24
2494,13,25
2495,13,25
2496,13,24
2497,13,25
2498,13,25
2499,13,25
2500,13,24
2501,13,25
2502,13,24
2503,13,25
2504,13,24
2505,13,23
2506,13,22
2507,13,25
2508,13,26
2509,13,25
2510,13,25
2511,13,24
2512,13,23
2513,13,25
2514,13,25
2515,13,24
2516,13,24
2517,13,24
2518,13,25
2519,13,24
2520,13,25
2521,13,24
2522,13,25
2523,13,25
2524,13,23
2525,13,24
2526,13,25
2527,13,23
2528,13,23
2529,13,25
2530,13,24
2531,13,24
2532,13,25
2533,13,25
2534,13,24
2535,13,24
2536,13,26
2537,13,23
2538,13,26
2539,13,25
2540,13,24
2541,13,25
2542,13,23
2543,13,24
2544,13,25
2545,13,24
2546,13,25
2547,13,22
2548,13,24
2549,13,24
2550,13,25
2551,13,26
2552,13,25
2553,13,23
2554,13,25
2555,13,24
2556,13,24
2557,13,25
2558,13,22
2559,13,25
2560,13,25
2561,13,24
2562,13,26
2563,13,24
2564,13,25
2565,13,24
2566,13,25
2567,13,25
2568,13,25
2569,13,24
2570,13,24
2571,13,24
2572,13,24
2573,13,24
2574,13,24
2575,13,26
2576,13,22
2577,13,24
2578,13,24
2579,13,25
2580,13,26
2581,13,24
2582,13,24
2583,13,26
2584,13,24
2585,13,24
2586,13,23
2587,13,24
2588,13,24
2589,13,24
2590,13,23
2591,13,25
2592,13,23
2593,13,24
2594,13,23
2595,13,26
2596,13,25
2597,13,27
2598,13,25
2599,13,24
2600,13,25
2601,13,23
2602,13,25
2603,13,24
2604,13,24
2605,13,25
2606,13,24
2607,13,25
2608,13,23
2609,13,24
2610,13,25
2611,13,24
2612,13,25
2613,13,24
2614,13,24
2615,13,24
2616,13,24
2617,13,24
2618,13,25
2619,13,25
2620,13,26
2621,13,24
2622,13,25
2623,13,23
2624,13,25
2625,13,24
2626,13,24
2627,13,23
2628,13,26
2629,13,24
2630,13,28
2631,13,25
2632,13,23
2633,13,23
2634,13,24
2635,13,25
2636,13,25
2637,13,26
2638,13,26
2639,13,26
2640,13,25
2641,13,22
2642,13,25
2643,13,27
2644,13,26
2645,13,24
2646,13,26
2647,13,27
2648,13,22
2649,13,25
2650,13,26
2651,13,24
2652,13,29
2653,13,25
2654,13,23
2655,13,23
2656,13,24
2657,13,25
2658,13,25
2659,13,24
2660,13,24
2661,13,25
2662,13,24
2663,13,23
2664,13,25
2665,13,26
2666,13,23
2667,13,29
2668,13,26
2669,13,24
2670,13,24
2671,13,24
2672,13,23
2673,13,26
2674,13,24
2675,13,25
2676,13,25
2677,13,25
2678,13,27
2679,13,25
2680,13,24
2681,13,23
2682,13,23
2683,13,25
2684,13,27
2685,13,23
2686,13,22
2687,13,23
2688,13,25
2689,13,26
2690,13,26
2691,13,24
2692,13,24
2693,13,24
2694,13,24
2695,13,26
2696,13,23
2697,13,26
2698,13,24
2699,13,25
2700,13,26
2701,13,26
2702,13,23
2703,13,25
2704,13,25
2705,13,24
2706,13,26
2707,13,25
2708,13,26
2709,13,25
2710,13,25
2711,13,25
2712,13,26
2713,13,24
2714,13,24
2715,13,24
2716,13,24
2717,13,25
2718,13,26
2719,13,25
2720,13,24
2721,13,25
2722,13,25
2723,13,25
2724,13,24
2725,13,24
2726,13,26
2727,13,24
2728,13,24
2729,13,23
2730,13,25
2731,13,23
2732,13,24
2733,13,26
2734,13,25
2735,13,25
2736,13,26
2737,13,25
2738,13,24
2739,13,24
2740,13,26
2741,13,24
2742,13,23
2743,13,24
2744,13,25
2745,13,25
2746,13,24
2747,13,24
2748,13,25
2749,13,24
2750,13,23
2751,13,24
2752,13,27
2753,13,26
2754,13,23
2755,13,25
2756,13,23
2757,13,23
2758,13,27
2759,13,26
2760,13,24
2761,13,23
2762,13,24
2763,13,24
2764,13,23
2765,13,26
2766,13,24
2767,13,25
2768,13,24
2769,13,24
2770,13,25
2771,13,23
2772,13,23
2773,13,24
2774,13,24
2775,13,23
2776,13,24
2777,13,25
2778,13,23
2779,13,25
2780,13,24
2781,13,28
2782,13,24
2783,13,25
2784,13,24
2785,13,26
2786,13,25
2787,13,24
2788,13,24
2789,13,25
2790,13,23
2791,13,23
2792,13,24
2793,13,26
2794,13,25
2795,13,26
2796,13,24
2797,13,24
2798,13,24
2799,13,24
2800,13,23
2801,13,26
2802,13,25
2803,13,27
2804,13,26
2805,13,25
2806,13,25
2807,13,24
2808,13,24
2809,13,24
2810,13,26
2811,13,24
2812,13,24
2813,13,26
2814,13,25
2815,13,24
2816,13,25
2817,13,24
2818,13,27
2819,13,24
2820,13,26
2821,13,26
2822,13,26
2823,13,26
2824,13,23
2825,13,23
2826,13,26
2827,13,24
2828,13,24
2829,13,26
2830,13,25
2831,13,25
2832,13,24
2833,13,25
2834,13,25
2835,13,24
2836,13,26
2837,13,25
2838,13,26
2839,13,27
2840,13,25
2841,13,26
2842,13,23
2843,13,24
2844,13,26
2845,13,24
2846,13,27
2847,13,25
2848,13,26
2849,13,24
2850,13,24
2851,13,24
2852,13,26
2853,13,24
2854,13,27
2855,13,25
2856,13,26
2857,13,24
2858,13,27
2859,13,25
2860,13,25
2861,13,26
2862,13,25
2863,13,25
2864,13,25
2865,13,23
2866,13,26
2867,13,26
2868,13,24
2869,13,25
2870,13,24
2871,13,25
2872,13,26
2873,13,24
2874,13,25
2875,13,25
2876,13,25
2877,13,24
2878,13,24
2879,13,24
2880,13,25
2881,13,23
2882,13,25
2883,13,25
2884,13,25
2885,13,24
2886,13,23
2887,13,25
2888,13,25
2889,13,25
2890,13,26
2891,13,25
2892,13,26
2893,13,24
2894,13,28
2895,13,25
2896,13,23
2897,13,24
2898,13,25
2899,13,23
2900,13,24
2901,13,24
2902,13,27
2903,13,25
2904,13,26
2905,13,27
2906,13,25
2907,13,23
2908,13,26
2909,13,25
2910,13,25
2911,13,25
2912,13,24
2913,13,25
2914,13,27
2915,13,24
2916,13,25
2917,13,26
2918,13,25
2919,13,24
2920,13,23
2921,13,25
2922,13,26
2923,13,25
2924,13,24
2925,13,27
2926,13,28
2927,13,25
2928,13,25
2929,13,23
2930,13,28
2931,13,23
2932,13,24
2933,13,24
2934,13,26
2935,13,24
2936,13,26
2937,13,23
2938,13,25
2939,13,25
2940,13,23
2941,13,25
2942,13,26
2943,13,23
2944,13,26
2945,13,23
2946,13,26
2947,13,25
2948,13,24
2949,13,25
2950,13,24
2951,13,24
2952,13,24
2953,13,25
2954,13,27
2955,13,27
2956,13,24
2957,13,24
2958,13,24
2959,13,25
2960,13,25
2961,13,26
2962,13,25
2963,13,26
2964,13,24
2965,13,26
2966,13,24
2967,13,26
2968,13,25
2969,13,26
2970,13,24
2971,13,24
2972,13,26
2973,13,25
2974,13,25
2975,13,24
2976,13,25
2977,13,25
2978,14,26
2979,13,23
2980,13,26
2981,13,24
2982,13,26
2983,13,25
2984,13,24
2985,13,24
2986,13,24
2987,13,27
2988,13,26
2989,13,25
2990,13,23
2991,13,24
2992,13,25
2993,13,26
2994,13,25
2995,13,22
2996,13,24
2997,13,24
2998,13,25
2999,13,25
3000,13,24
3001,13,26
3002,13,26
3003,13,25
3004,13,25
3005,13,25
3006,13,24
3007,13,26
3008,13,25
3009,14,26
3010,14,25
3011,13,25
3012,13,25
3013,13,26
3014,13,25
3015,13,25
3016,13,25
3017,13,24
3018,13,24
3019,13,25
3020,13,26
3021,13,24
3022,13,24
3023,13,24
3024,13,25
3025,13,25
3026,13,24
3027,13,25
3028,13,26
3029,13,22
3030,13,26
3031,13,24
3032,13,25
3033,13,24
3034,13,24
3035,13,24
3036,13,25
3037,13,23
3038,13,25
3039,13,26
3040,13,23
3041,13,23
3042,13,25
3043,13,24
3044,13,26
3045,13,27
3046,13,25
3047,13,25
3048,13,25
3049,13,24
3050,13,25
3051,13,24
3052,13,25
3053,13,26
3054,13,25
3055,13,25
3056,13,25
3057,13,25
3058,13,24
3059,13,25
3060,13,27
3061,13,25
3062,13,24
3063,13,24
3064,13,25
3065,14,24
3066,13,28
3067,13,25
3068,13,25
3069,13,26
3070,13,25
3071,14,26
3072,13,24
3073,13,25
3074,13,25
3075,13,24
3076,13,26
3077,13,25
3078,13,25
3079,13,23
3080,14,25
3081,13,27
3082,13,25
3083,13,25
3084,13,24
3085,13,25
3086,13,24
3087,13,27
3088,13,26
3089,13,23
3090,13,26
3091,13,27
3092,13,24
3093,14,26
3094,14,27
3095,13,25
3096,13,27
3097,13,25
3098,13,26
3099,13,26
3100,13,24
3101,13,26
3102,14,27
3103,13,24
3104,14,24
3105,13,24
3106,13,24
3107,13,25
3108,13,24
3109,13,24
3110,14,25
3111,13,27
3112,13,24
3113,13,26
3114,13,26
3115,13,25
3116,13,27
3117,14,25
3118,14,25
3119,13,26
3120,13,25
3121,13,23
3122,13,25
3123,14,25
3124,13,24
3125,13,23
3126,14,25
3127,13,23
3128,13,24
3129,13,25
3130,13,25
3131,13,25
3132,13,26
3133,13,24
3134,14,24
3135,13,25
3136,13,24
3137,13,24
3138,13,25
3139,13,25
3140,13,25
3141,13,25
3142,13,26
3143,13,25
3144,14,27
3145,13,25
3146,13,25
3147,13,26
3148,13,23
3149,13,25
3150,14,30
3151,13,25
3152,13,24
3153,13,25
3154,14,25
3155,13,27
3156,13,24
3157,14,24
3158,13,25
3159,13,26
3160,13,28
3161,13,25
3162,13,26
3163,13,25
3164,13,25
3165,13,25
3166,13,26
3167,13,27
3168,13,25
3169,13,26
3170,14,24
3171,13,25
3172,13,27
3173,13,25
3174,13,25
3175,14,26
3176,13,25
3177,13,24
3178,14,25
3179,13,24
3180,13,27
3181,13,24
3182,13,26
3183,13,26
3184,13,26
3185,14,24
3186,13,24
3187,13,24
3188,14,25
3189,13,26
3190,13,24
3191,14,26
3192,13,26
3193,13,25
3194,13,26
3195,13,25
3196,13,24
3197,13,27
3198,13,24
3199,13,26
3200,13,24
3201,13,25
3202,13,26
3203,14,28
3204,13,26
3205,14,26
3206,14,26
3207,13,25
3208,13,24
3209,13,25
3210,14,24
3211,13,24
3212,13,26
3213,13,26
3214,13,28
3215,13,24
3216,13,26
3217,14,27
3218,13,25
3219,13,27
3220,13,24
3221,13,26
3222,13,27
3223,13,25
3224,13,25
3225,13,25
3226,13,25
3227,14,24
3228,13,27
3229,14,27
3230,13,27
3231,13,27
3232,14,26
3233,13,25
3234,13,25
3235,13,25
3236,13,26
3237,13,27
3238,14,25
3239,13,27
3240,14,25
3241,14,25
3242,13,26
3243,13,25
3244,14,24
3245,13,26
3246,14,26
3247,14,26
3248,14,26
3249,13,25
3250,13,26
3251,14,25
3252,13,28
3253,14,24
3254,14,26
3255,13,27
3256,14,28
3257,13,25
3258,13,25
3259,13,26
3260,14,26
3261,13,24
3262,14,25
3263,13,25
3264,13,26
3265,14,24
3266,14,26
3267,13,27
3268,14,26
3269,13,24
3270,13,25
3271,13,26
3272,13,25
3273,14,26
3274,14,25
3275,14,25
3276,14,27
3277,13,24
3278,13,24
3279,14,24
3280,13,26
3281,13,26
3282,14,26
3283,13,27
3284,13,25
3285,13,24
3286,13,24
3287,13,26
3288,14,24
3289,14,25
3290,14,25
3291,14,24
3292,13,27
3293,13,27
3294,13,25
3295,13,27
3296,13,26
3297,14,23
3298,14,27
3299,14,26
3300,13,26
3301,14,28
3302,13,26
3303,14,25
3304,14,27
3305,13,26
3306,13,24
3307,14,27
3308,13,26
3309,14,25
3310,13,25
3311,14,26
3312,13,25
3313,14,28
3314,13,26
3315,13,25
3316,13,24
3317,13,26
3318,13,25
3319,14,28
3320,14,27
3321,14,29
3322,14,27
3323,14,25
3324,13,25
3325,13,25
3326,14,28
3327,13,26
3328,13,23
3329,13,26
3330,13,26
3331,13,25
3332,14,25
3333,14,25
3334,13,23
3335,13,27
3336,13,26
3337,14,24
3338,14,25
3339,13,27
3340,13,27
3341,14,25
3342,14,25
3343,14,25
3344,13,28
3345,13,26
3346,13,25
3347,13,25
3348,13,24
3349,13,27
3350,13,24
3351,14,27
3352,13,26
3353,14,25
3354,13,28
3355,13,27
3356,13,26
3357,14,25
3358,14,25
3359,13,25
3360,14,24
3361,13,25
3362,14,25
3363,13,24
3364,13,25
3365,13,27
3366,13,25
3367,14,26
3368,14,25
3369,14,27
3370,14,26
3371,13,26
3372,14,24
3373,14,24
3374,14,24
3375,13,24
3376,14,25
3377,13,27
3378,13,26
3379,13,27
3380,14,26
3381,14,28
3382,13,25
3383,14,26
3384,13,27
3385,13,26
3386,13,26
3387,13,27
3388,14,24
3389,13,25
3390,13,27
3391,13,27
3392,13,27
3393,14,23
3394,13,26
3395,13,27
3396,13,27
3397,13,24
3398,13,24
3399,13,26
3400,14,27
3401,13,24
3402,14,26
3403,14,27
3404,13,26
3405,14,27
3406,13,27
3407,14,28
3408,13,26
3409,13,26
3410,13,27
3411,14,26
3412,14,26
3413,13,26
3414,13,26
3415,13,26
3416,13,27
3417,13,27
3418,13,25
3419,14,25
3420,14,26
3421,13,27
3422,14,24
3423,14,27
3424,14,24
3425,13,26
3426,13,25
3427,14,24
3428,14,27
3429,14,25
3430,14,25
3431,14,27
3432,13,25
3433,14,25
3434,14,25
3435,13,26
3436,13,24
3437,14,26
3438,14,28
3439,13,27
3440,13,25
3441,14,24
3442,13,24
3443,14,26
3444,13,24
3445,14,25
3446,14,26
3447,13,25
3448,14,25
3449,14,27
3450,13,26
3451,14,25
3452,14,24
3453,14,27
3454,13,25
3455,13,25
3456,14,24
3457,14,25
3458,13,25
3459,14,23
3460,13,28
3461,14,26
3462,14,26
3463,14,26
3464,13,24
3465,13,26
3466,14,26
3467,13,24
3468,13,26
3469,14,26
3470,13,25
3471,14,25
3472,13,27
3473,14,26
3474,14,27
3475,14,25
3476,14,25
3477,14,26
3478,14,23
3479,14,26
3480,14,26
3481,14,26
3482,14,28
3483,14,28
3484,13,25
3485,13,25
3486,13,27
3487,14,25
3488,13,25
3489,14,26
3490,13,26
3491,14,24
3492,13,24
3493,14,26
3494,14,25
3495,13,26
3496,14,25
3497,14,25
3498,14,25
3499,14,25
3500,13,26
3501,14,25
3502,14,26
3503,13,25
3504,13,27
3505,14,26
3506,14,26
3507,14,25
3508,14,25
3509,13,27
3510,14,25
3511,14,28
3512,14,27
3513,14,25
3514,13,25
3515,14,27
3516,14,26
3517,13,24
3518,13,26
3519,13,28
3520,14,26
3521,13,26
3522,13,26
3523,14,27
3524,13,26
3525,14,26
3526,13,28
3527,13,26
3528,14,25
3529,13,24
3530,13,26
3531,14,28
3532,14,27
3533,14,25
3534,14,26
3535,14,26
3536,14,26
3537,13,26
3538,14,26
3539,14,26
3540,14,25
3541,14,24
3542,13,24
3543,13,25
3544,13,25
3545,14,25
3546,14,26
3547,13,25
3548,13,26
3549,14,27
3550,14,25
3551,13,24
3552,14,26
3553,14,25
3554,14,25
3555,14,25
3556,14,26
3557,14,25
3558,14,25
3559,13,26
3560,13,27
3561,13,26
3562,13,24
3563,14,24
3564,14,26
3565,13,26
3566,14,26
3567,14,26
3568,14,26
3569,14,25
3570,14,26
3571,14,24
3572,14,27
3573,14,25
3574,13,25
3575,14,29
3576,13,25
3577,14,26
3578,13,26
3579,14,26
3580,14,25
3581,14,29
3582,14,27
3583,14,28
3584,14,27
3585,14,25
3586,14,26
3587,14,26
3588,14,25
3589,13,25
3590,14,25
3591,14,29
3592,14,25
3593,13,26
3594,14,27
3595,14,26
3596,13,24
3597,14,25
3598,13,24
3599,14,23
3600,13,24
3601,14,26
3602,14,27
3603,14,28
3604,14,27
3605,14,26
3606,13,25
3607,14,26
3608,14,27
3609,14,28
3610,14,26
3611,14,25
3612,14,25
3613,13,27
3614,14,26
3615,14,28
3616,14,27
3617,14,25
3618,14,26
3619,14,25
3620,14,26
3621,14,25
3622,13,26
3623,14,25
3624,14,26
3625,14,26
3626,14,26
3627,14,25
3628,13,24
3629,13,27
3630,14,26
3631,14,26
3632,14,24
3633,14,27
3634,14,27
3635,14,25
3636,13,24
3637,14,31
3638,14,24
3639,14,26
3640,14,23
3641,13,27
3642,14,26
3643,14,26
3644,13,27
3645,14,27
3646,14,25
3647,14,26
3648,14,26
3649,13,25
3650,14,27
3651,14,26
3652,14,25
3653,14,27
3654,14,24
3655,14,26
3656,13,26
3657,13,26
3658,14,27
3659,14,25
3660,14,26
3661,14,27
3662,14,24
3663,13,25
3664,13,24
3665,14,27
3666,14,25
3667,14,25
3668,14,26
3669,13,25
3670,14,24
3671,14,27
3672,14,26
3673,13,25
3674,14,25
3675,14,26
3676,14,25
3677,14,26
3678,14,27
3679,14,24
3680,14,27
3681,14,25
3682,14,26
3683,13,24
3684,14,25
3685,14,26
3686,14,27
3687,14,25
3688,14,26
3689,14,25
3690,14,26
3691,14,26
3692,14,27
3693,14,26
3694,14,26
3695,14,24
3696,13,24
3697,14,28
3698,14,26
3699,14,26
3700,14,27
3701,14,27
3702,14,26
3703,14,26
3704,14,26
3705,14,26
3706,14,25
3707,14,26
3708,14,25
3709,14,25
3710,14,25
3711,14,26
3712,13,28
3713,14,24
3714,14,27
3715,14,27
3716,14,27
3717,14,28
3718,14,25
3719,14,24
3720,14,25
3721,13,26
3722,14,27
3723,14,25
3724,14,26
3725,14,25
3726,14,28
3727,14,27
3728,14,24
3729,14,24
3730,14,26
3731,14,26
3732,14,27
3733,14,25
3734,14,26
3735,14,27
3736,14,28
3737,14,25
3738,14,26
3739,14,26
3740,14,25
3741,14,26
3742,14,24
3743,14,26
3744,14,26
3745,14,29
3746,14,25
3747,14,26
3748,14,28
3749,14,26
3750,14,28
3751,14,26
3752,14,27
3753,14,26
3754,14,26
3755,14,25
3756,14,26
3757,14,27
3758,14,26
3759,13,26
3760,14,25
3761,14,24
3762,14,25
3763,14,26
3764,14,26
3765,14,24
3766,14,27
3767,14,26
3768,14,24
3769,14,24
3770,14,27
3771,14,26
3772,14,27
3773,14,25
3774,14,29
3775,14,24
3776,14,25
3777,14,26
3778,14,25
3779,14,24
3780,14,26
3781,14,27
3782,14,28
3783,14,25
3784,13,26
3785,14,25
3786,14,26
3787,14,26
3788,14,28
3789,14,27
3790,14,24
3791,14,26
3792,14,27
3793,14,28
3794,14,25
3795,14,26
3796,14,26
3797,13,27
3798,14,28
3799,14,26
3800,14,27
3801,14,25
3802,14,26
3803,14,26
3804,14,25
3805,14,26
3806,14,25
3807,14,27
3808,14,25
3809,14,27
3810,14,24
3811,14,26
3812,14,27
3813,14,25
3814,14,27
3815,14,28
3816,14,27
3817,14,25
3818,14,25
3819,14,25
3820,14,26
3821,14,25
3822,14,27
3823,14,25
3824,14,27
3825,14,27
3826,14,26
3827,14,27
3828,14,26
3829,14,25
3830,14,25
3831,14,26
3832,14,27
3833,14,26
3834,14,26
3835,14,26
3836,14,27
3837,14,26
3838,14,27
3839,14,24
3840,14,28
3841,14,25
3842,14,28
3843,14,26
3844,14,25
3845,14,27
3846,14,27
3847,14,26
3848,14,26
3849,14,26
3850,14,26
3851,14,28
3852,14,26
3853,14,27
3854,14,26
3855,14,26
3856,14,25
3857,13,25
3858,14,26
3859,14,26
3860,14,25
3861,14,26
3862,14,28
3863,14,28
3864,14,25
3865,14,25
3866,14,25
3867,14,26
3868,14,25
3869,14,25
3870,14,28
3871,14,28
3872,14,30
3873,14,27
3874,14,28
3875,14,25
3876,14,25
3877,14,29
3878,14,26
3879,14,24
3880,14,26
3881,14,28
3882,14,27
3883,14,27
3884,14,25
3885,14,26
3886,14,25
3887,14,26
3888,14,27
3889,14,26
3890,14,26
3891,14,24
3892,14,25
3893,14,25
3894,14,28
3895,14,27
3896,14,25
3897,14,26
3898,14,24
3899,14,25
3900,14,29
3901,14,26
3902,14,28
3903,14,27
3904,14,26
3905,14,26
3906,14,24
3907,14,27
3908,14,28
3909,14,28
3910,14,25
3911,14,26
3912,14,25
3913,14,27
3914,14,29
3915,14,26
3916,14,25
3917,14,27
3918,14,26
3919,14,25
3920,14,25
3921,14,24
3922,14,25
3923,14,28
3924,14,25
3925,14,25
3926,14,26
3927,14,24
3928,14,25
3929,14,28
3930,14,26
3931,14,26
3932,14,28
3933,14,27
3934,14,25
3935,14,25
3936,14,26
3937,14,27
3938,14,27
3939,14,27
3940,14,26
3941,14,27
3942,13,26
3943,14,28
3944,14,27
3945,14,25
3946,14,25
3947,14,24
3948,14,25
3949,14,27
3950,14,24
3951,14,25
3952,14,28
3953,14,27
3954,14,27
3955,14,26
3956,14,25
3957,14,24
3958,14,26
3959,14,27
3960,14,27
3961,14,25
3962,14,26
3963,14,25
3964,14,25
3965,14,25
3966,14,26
3967,14,26
3968,14,27
3969,14,25
3970,14,25
3971,14,26
3972,14,27
3973,14,26
3974,14,27
3975,14,25
3976,14,26
3977,14,26
3978,14,26
3979,14,28
3980,14,27
3981,14,25
3982,14,25
3983,14,26
3984,14,27
3985,14,26
3986,14,24
3987,14,27
3988,14,28
3989,14,27
3990,14,25
3991,14,26
3992,14,27
3993,14,27
3994,14,26
3995,14,27
3996,14,23
3997,14,27
3998,14,27
3999,14,26
4000,14,26
4001,14,26
4002,14,25
4003,14,26
4004,14,25
4005,14,26
4006,14,25
4007,14,25
4008,14,27
4009,14,25
4010,14,26
4011,14,25
4012,14,26
4013,14,26
4014,14,27
4015,14,25
4016,14,25
4017,14,25
4018,14,28
4019,14,27
4020,14,25
4021,14,24
4022,14,25
4023,14,25
4024,14,26
4025,14,26
4026,14,28
4027,14,26
4028,14,25
4029,14,24
4030,14,27
4031,14,25
4032,14,26
4033,14,29
4034,14,25
4035,14,26
4036,14,25
4037,14,25
4038,14,26
4039,14,27
4040,14,27
4041,14,28
4042,14,26
4043,14,24
4044,14,25
4045,14,26
4046,14,25
4047,14,24
4048,14,25
4049,14,27
4050,14,29
4051,14,26
4052,14,25
4053,14,25
4054,14,28
4055,14,26
4056,14,25
4057,14,24
4058,14,27
4059,14,26
4060,14,26
4061,14,26
4062,14,25
4063,14,26
4064,14,27
4065,14,24
4066,14,28
4067,14,26
4068,14,27
4069,14,25
4070,14,27
4071,14,25
4072,14,25
4073,14,27
4074,14,26
4075,14,26
4076,14,27
4077,14,25
4078,14,28
4079,14,26
4080,14,25
4081,14,26
4082,14,28
4083,14,26
4084,14,26
4085,14,25
4086,14,24
4087,14,26
4088,14,25
4089,14,25
4090,14,25
4091,14,27
4092,14,26
4093,14,26
4094,14,29
4095,14,27
4096,14,28
4097,14,26
4098,14,27
4099,14,26
4100,14,27
4101,14,26
4102,14,26
4103,14,27
4104,14,25
4105,14,26
4106,14,26
4107,14,25
4108,14,27
4109,14,24
4110,14,26
4111,14,26
4112,14,26
4113,14,25
4114,14,26
4115,14,26
4116,14,26
4117,14,27
4118,14,28
4119,14,27
4120,14,26
4121,14,25
4122,14,25
4123,14,28
4124,14,25
4125,14,26
4126,14,26
4127,14,25
4128,14,25
4129,14,29
4130,14,27
4131,14,25
4132,14,28
4133,14,27
4134,14,27
4135,14,26
4136,14,26
4137,14,26
4138,14,26
4139,14,26
4140,14,25
4141,14,26
4142,14,26
4143,14,26
4144,14,26
4145,14,26
4146,14,27
4147,14,26
4148,14,29
4149,14,26
4150,14,26
4151,14,26
4152,14,26
4153,14,25
4154,14,26
4155,14,27
4156,14,26
4157,14,27
4158,14,26
4159,14,26
4160,14,26
4161,14,26
4162,14,26
4163,14,27
4164,14,28
4165,14,27
4166,14,28
4167,14,26
4168,14,27
4169,14,27
4170,14,26
4171,14,25
4172,14,28
4173,14,26
4174,14,27
4175,14,27
4176,14,27
4177,14,28
4178,14,25
4179,14,27
4180,14,24
4181,14,25
4182,14,26
4183,14,29
4184,14,25
4185,14,24
4186,14,26
4187,14,27
4188,14,25
4189,14,27
4190,14,27
4191,14,26
4192,14,26
4193,14,26
4194,14,26
4195,14,26
4196,14,26
4197,14,26
4198,14,26
4199,14,25
4200,14,27
4201,14,27
4202,14,28
4203,14,28
4204,14,26
4205,14,28
4206,14,25
4207,14,26
4208,14,27
4209,14,26
4210,14,27
4211,14,26
4212,14,27
4213,14,28
4214,14,25
4215,14,24
4216,14,26
4217,14,26
4218,14,26
4219,14,28
4220,14,27
4221,14,26
4222,14,26
4223,14,25
4224,14,27
4225,14,28
4226,14,29
4227,14,27
4228,14,26
4229,14,26
4230,14,26
4231,14,27
4232,14,26
4233,14,26
4234,14,27
4235,14,26
4236,14,25
4237,14,26
4238,14,27
4239,14,28
4240,14,27
4241,14,26
4242,14,26
4243,14,28
4244,14,25
4245,14,26
4246,14,25
4247,14,27
4248,14,27
4249,14,26
4250,14,26
4251,14,27
4252,14,25
4253,14,26
4254,14,28
4255,14,26
4256,14,29
4257,14,26
4258,14,28
4259,14,26
4260,14,27
4261,14,26
4262,14,25
4263,14,25
4264,14,27
4265,14,24
4266,14,26
4267,14,29
4268,14,26
4269,14,26
4270,14,25
4271,14,27
4272,14,26
4273,14,26
4274,14,26
4275,14,27
4276,14,25
4277,14,26
4278,14,27
4279,14,27
4280,14,25
4281,14,27
4282,14,25
4283,14,29
4284,14,26
4285,14,30
4286,14,25
4287,14,25
4288,14,25
4289,14,30
4290,14,27
4291,14,26
4292,14,27
4293,14,26
4294,14,26
4295,14,26
4296,14,26
4297,14,25
4298,14,28
4299,14,28
4300,14,25
4301,14,27
4302,14,27
4303,14,26
4304,14,28
4305,14,26
4306,14,26
4307,14,28
4308,14,27
4309,14,25
4310,14,26
4311,14,28
4312,14,26
4313,14,26
4314,14,30
4315,14,29
4316,14,25
4317,14,27
4318,14,26
4319,14,27
4320,14,29
4321,14,27
4322,14,26
4323,14,26
4324,14,27
4325,14,28
4326,14,26
4327,14,27
4328,14,29
4329,14,28
4330,14,26
4331,14,25
4332,14,26
4333,14,25
4334,14,26
4335,14,26
4336,14,28
4337,14,25
4338,14,27
4339,14,27
4340,14,26
4341,14,27
4342,14,26
4343,14,26
4344,14,27
4345,14,26
4346,14,27
4347,14,28
4348,14,25
4349,14,28
4350,14,26
4351,14,26
4352,14,27
4353,14,26
4354,14,25
4355,14,29
4356,14,27
4357,14,27
4358,14,26
4359,14,26
4360,14,25
4361,14,25
4362,14,27
4363,14,27
4364,14,26
4365,14,28
4366,14,25
4367,14,28
4368,14,26
4369,14,25
4370,14,25
4371,14,27
4372,14,27
4373,14,27
4374,14,25
4375,14,28
4376,14,26
4377,14,26
4378,14,28
4379,14,26
4380,14,26
4381,14,26
4382,14,25
4383,14,26
4384,14,26
4385,14,27
4386,14,26
4387,14,26
4388,14,26
4389,14,27
4390,14,25
4391,14,27
4392,14,25
4393,14,27
4394,14,27
4395,14,26
4396,14,26
4397,14,27
4398,14,27
4399,14,26
4400,14,27
4401,14,28
4402,14,26
4403,14,26
4404,14,27
4405,14,27
4406,14,26
4407,14,26
4408,14,28
4409,14,25
4410,14,27
4411,14,30
4412,14,27
4413,14,27
4414,14,25
4415,14,25
4416,14,26
4417,14,25
4418,14,26
4419,14,29
4420,14,26
4421,14,26
4422,14,25
4423,14,27
4424,14,27
4425,14,27
4426,14,29
4427,14,25
4428,14,26
4429,14,26
4430,14,27
4431,14,27
4432,14,26
4433,14,27
4434,14,27
4435,14,28
4436,14,25
4437,14,25
4438,14,28
4439,14,26
4440,14,25
4441,14,26
4442,14,27
4443,14,25
4444,14,27
4445,14,27
4446,14,28
4447,14,26
4448,14,26
4449,14,26
4450,14,27
4451,14,27
4452,14,25
4453,14,28
4454,14,25
4455,14,27
4456,14,26
4457,14,27
4458,14,26
4459,14,29
4460,14,26
4461,14,27
4462,14,26
4463,14,27
4464,14,27
4465,14,26
4466,14,26
4467,14,27
4468,14,27
4469,14,25
4470,14,27
4471,14,25
4472,14,26
4473,14,26
4474,14,26
4475,14,26
4476,14,25
4477,14,24
4478,14,26
4479,14,26
4480,14,26
4481,14,28
4482,14,27
4483,14,24
4484,14,28
4485,14,25
4486,14,30
4487,14,29
4488,14,26
4489,14,27
4490,14,25
4491,14,26
4492,14,25
4493,14,24
4494,14,27
4495,14,26
4496,14,27
4497,14,26
4498,14,28
4499,14,26
4500,14,25
4501,14,26
4502,14,28
4503,14,26
4504,14,26
4505,14,26
4506,14,26
4507,14,26
4508,14,29
4509,14,27
4510,14,29
4511,14,26
4512,14,27
4513,14,27
4514,14,27
4515,14,26
4516,14,27
4517,14,26
4518,14,26
4519,14,28
4520,14,27
4521,14,28
4522,14,25
4523,14,26
4524,14,26
4525,14,24
4526,14,27
4527,14,25
4528,14,27
4529,14,26
4530,14,28
4531,14,26
4532,14,29
4533,14,27
4534,14,27
4535,14,27
4536,14,27
4537,14,26
4538,14,27
4539,14,27
4540,14,28
4541,14,26
4542,14,27
4543,14,29
4544,14,28
4545,14,26
4546,14,25
4547,14,27
4548,14,27
4549,14,28
4550,14,26
4551,14,27
4552,14,28
4553,14,27
4554,14,27
4555,14,27
4556,14,26
4557,14,27
4558,14,27
4559,14,27
4560,14,27
4561,14,25
4562,14,27
4563,14,27
4564,14,28
4565,14,25
4566,14,26
4567,14,28
4568,14,27
4569,14,27
4570,14,27
4571,14,28
4572,14,26
4573,14,26
4574,14,25
4575,14,26
4576,14,28
4577,14,27
4578,14,26
4579,14,25
4580,14,27
4581,14,26
4582,14,25
4583,14,28
4584,14,25
4585,14,28
4586,14,28
4587,14,27
4588,14,27
4589,14,27
4590,14,29
4591,14,26
4592,14,26
4593,14,26
4594,14,26
4595,14,28
4596,14,26
4597,14,28
4598,14,27
4599,14,27
4600,14,26
4601,14,28
4602,14,29
4603,14,28
4604,14,26
4605,14,28
4606,14,27
4607,14,28
4608,14,28
4609,14,29
4610,14,26
4611,14,26
4612,14,28
4613,14,26
4614,14,28
4615,14,25
4616,14,26
4617,14,27
4618,14,27
4619,14,28
4620,14,26
4621,14,27
4622,14,28
4623,14,26
4624,14,26
4625,14,27
4626,14,26
4627,14,26
4628,14,26
4629,14,29
4630,14,26
4631,14,29
4632,14,28
4633,14,28
4634,14,26
4635,14,28
4636,14,26
4637,14,28
4638,14,27
4639,14,25
4640,14,28
4641,14,27
4642,14,29
4643,14,30
4644,14,27
4645,14,26
4646,14,29
4647,14,28
4648,14,27
4649,14,28
4650,14,27
4651,14,26
4652,14,27
4653,14,27
4654,14,27
4655,14,28
4656,14,28
4657,14,26
4658,14,29
4659,14,27
4660,14,26
4661,14,27
4662,14,27
4663,14,27
4664,14,27
4665,14,27
4666,14,27
4667,14,26
4668,14,25
4669,14,28
4670,14,27
4671,14,28
4672,14,26
4673,14,27
4674,14,29
4675,14,27
4676,14,28
4677,14,27
4678,14,26
4679,14,27
4680,14,27
4681,14,27
4682,14,27
4683,14,28
4684,14,27
4685,14,26
4686,14,24
4687,14,27
4688,14,26
4689,14,27
4690,14,29
4691,14,27
4692,14,29
4693,14,26
4694,14,25
4695,14,29
4696,14,25
4697,14,27
4698,14,27
4699,14,26
4700,14,27
4701,14,26
4702,14,26
4703,14,27
4704,14,26
4705,14,27
4706,14,27
4707,14,26
4708,14,28
4709,14,26
4710,14,26
4711,14,27
4712,14,27
4713,14,25
4714,14,27
4715,14,29
4716,14,27
4717,14,26
4718,14,26
4719,14,26
4720,14,26
4721,14,25
4722,14,27
4723,14,29
4724,14,26
4725,14,26
4726,14,26
4727,14,26
4728,14,28
4729,14,26
4730,14,26
4731,14,26
4732,14,27
4733,14,26
4734,14,27
4735,14,26
4736,14,25
4737,14,27
4738,14,28
4739,14,26
4740,14,26
4741,14,25
4742,14,27
4743,14,25
4744,14,28
4745,14,27
4746,14,25
4747,14,26
4748,14,28
4749,14,26
4750,14,27
4751,14,27
4752,14,28
4753,14,27
4754,14,26
4755,14,29
4756,14,26
4757,14,28
4758,14,27
4759,14,26
4760,14,26
4761,14,27
4762,14,29
4763,14,27
4764,14,29
4765,14,28
4766,14,25
4767,14,28
4768,14,27
4769,14,28
4770,14,28
4771,14,27
4772,14,28
4773,14,27
4774,14,28
4775,14,26
4776,14,24
4777,14,28
4778,14,28
4779,14,28
4780,14,28
4781,14,28
4782,14,25
4783,14,28
4784,14,25
4785,14,27
4786,14,27
4787,14,28
4788,14,27
4789,14,29
4790,14,27
4791,14,28
4792,14,28
4793,14,28
4794,14,27
4795,14,27
4796,14,29
4797,14,28
4798,14,27
4799,14,27
4800,14,27
4801,14,28
4802,14,26
4803,14,29
4804,14,28
4805,14,28
4806,14,25
4807,14,27
4808,14,28
4809,14,28
4810,14,26
4811,14,28
4812,14,25
4813,14,26
4814,14,27
4815,14,28
4816,14,27
4817,14,27
4818,14,26
4819,14,27
4820,14,26
4821,14,31
4822,14,27
4823,14,27
4824,14,26
4825,14,28
4826,14,26
4827,14,28
4828,14,27
4829,14,28
4830,14,29
4831,14,27
4832,14,27
4833,14,26
4834,14,28
4835,14,26
4836,14,26
4837,14,27
4838,14,30
4839,14,25
4840,14,29
4841,14,28
4842,14,26
4843,14,29
4844,14,25
4845,14,28
4846,14,27
4847,14,29
4848,14,25
4849,14,29
4850,14,26
4851,14,27
4852,14,29
4853,14,29
4854,14,27
4855,14,29
4856,14,26
4857,14,26
4858,14,25
4859,14,27
4860,14,27
4861,14,26
4862,14,29
4863,14,27
4864,14,26
4865,14,28
4866,14,26
4867,14,27
4868,14,26
4869,14,27
4870,14,28
4871,14,27
4872,14,28
4873,14,26
4874,14,29
4875,14,26
4876,14,27
4877,14,25
4878,14,27
4879,14,28
4880,14,27
4881,14,26
4882,14,26
4883,14,28
4884,14,27
4885,14,25
4886,14,28
4887,14,28
4888,14,28
4889,14,28
4890,14,26
4891,14,26
4892,14,26
4893,14,26
4894,14,30
4895,14,27
4896,14,26
4897,14,28
4898,14,27
4899,14,27
4900,14,28
4901,14,29
4902,14,27
4903,14,27
4904,14,27
4905,14,30
4906,14,27
4907,14,27
4908,14,28
4909,14,27
4910,14,26
4911,14,26
4912,14,30
4913,14,30
4914,14,25
4915,14,29
4916,14,25
4917,14,28
4918,14,27
4919,14,29
4920,14,25
4921,14,27
4922,14,26
4923,14,27
4924,14,27
4925,14,27
4926,14,28
4927,14,28
4928,14,26
4929,14,29
4930,14,26
4931,14,26
4932,14,27
4933,14,25
4934,14,27
4935,14,27
4936,14,27
4937,14,27
4938,14,29
4939,14,28
4940,14,29
4941,14,27
4942,14,25
4943,14,26
4944,14,26
4945,14,26
4946,14,25
4947,14,28
4948,14,28
4949,14,29
4950,14,26
4951,14,27
4952,14,27
4953,14,26
4954,14,28
4955,14,27
4956,14,28
4957,14,28
4958,14,26
4959,14,28
4960,14,27
4961,14,27
4962,14,28
4963,14,29
4964,14,26
4965,14,25
4966,14,27
4967,14,27
4968,14,25
4969,14,28
4970,14,28
4971,14,27
4972,14,27
4973,14,27
4974,14,27
4975,14,26
4976,14,27
4977,14,27
4978,14,28
4979,14,29
4980,14,29
4981,14,28
4982,14,27
4983,14,26
4984,14,27
4985,14,26
4986,14,28
4987,14,26
4988,14,28
4989,14,29
4990,14,29
4991,14,26
4992,14,27
4993,14,28
4994,14,27
4995,14,26
4996,14,26
4997,14,28
4998,14,28
4999,14,25
5000,14,25
5001,14,26
5002,14,27
5003,14,26
5004,14,26
5005,14,27
5006,14,28
5007,14,27
5008,14,26
5009,14,29
5010,14,29
5011,14,25
5012,14,27
5013,14,28
5014,14,27
5015,14,29
5016,14,25
5017,14,27
5018,14,29
5019,14,29
5020,14,27
5021,14,27
5022,14,29
5023,14,26
5024,14,27
5025,14,25
5026,14,26
5027,14,27
5028,14,26
5029,14,27
5030,14,27
5031,14,27
5032,14,28
5033,14,26
5034,14,26
5035,14,25
5036,14,26
5037,14,29
5038,14,27
5039,14,28
5040,14,26
5041,14,29
5042,14,26
5043,14,26
5044,14,27
5045,14,30
5046,14,28
5047,14,26
5048,14,26
5049,14,27
5050,14,28
5051,14,25
5052,14,28
5053,14,26
5054,14,27
5055,14,26
5056,14,29
5057,14,28
5058,14,28
5059,14,29
5060,14,26
5061,14,28
5062,14,28
5063,14,27
5064,14,28
5065,14,29
5066,14,27
5067,14,28
5068,14,27
5069,14,27
5070,14,26
5071,14,26
5072,14,30
5073,14,27
5074,14,29
5075,14,27
5076,14,26
5077,14,27
5078,14,29
5079,14,27
5080,14,28
5081,14,26
5082,14,28
5083,14,27
5084,14,28
5085,14,28
5086,14,26
5087,14,29
5088,14,27
5089,14,27
5090,14,27
5091,14,29
5092,14,28
5093,14,28
5094,14,28
5095,14,29
5096,14,27
5097,14,28
5098,14,31
5099,14,26
5100,14,27
5101,14,26
5102,14,28
5103,14,28
5104,14,26
5105,14,28
5106,14,26
5107,14,25
5108,14,29
5109,14,26
5110,14,25
5111,14,26
5112,14,26
5113,14,26
5114,15,27
5115,14,27
5116,14,28
5117,14,26
5118,14,28
5119,14,28
5120,14,29
5121,14,26
5122,14,29
5123,14,26
5124,14,27
5125,14,26
5126,14,28
5127,14,30
5128,14,28
5129,14,28
5130,14,28
5131,14,26
5132,14,28
5133,14,27
5134,14,31
5135,14,25
5136,14,26
5137,14,28
5138,14,28
5139,14,29
5140,14,27
5141,14,28
5142,14,26
5143,14,29
5144,14,27
5145,14,27
5146,14,29
5147,14,25
5148,14,27
5149,14,26
5150,14,30
5151,14,26
5152,14,28
5153,14,26
5154,14,28
5155,14,28
5156,14,26
5157,14,29
5158,14,28
5159,14,27
5160,14,27
5161,14,28
5162,14,28
5163,14,27
5164,14,27
5165,14,28
5166,14,28
5167,14,27
5168,14,28
5169,14,29
5170,14,27
5171,14,27
5172,14,26
5173,14,28
5174,14,27
5175,14,27
5176,14,27
5177,14,30
5178,14,28
5179,14,27
5180,14,27
5181,14,28
5182,14,28
5183,14,25
5184,14,27
5185,14,26
5186,14,27
5187,14,27
5188,14,29
5189,14,29
5190,14,26
5191,14,26
5192,14,29
5193,14,27
5194,14,27
5195,14,26
5196,14,28
5197,14,26
5198,14,26
5199,14,27
5200,14,29
5201,14,27
5202,14,26
5203,14,27
5204,14,29
5205,14,26
5206,14,28
5207,14,27
5208,14,29
5209,14,28
5210,14,26
5211,14,27
5212,14,25
5213,14,25
5214,14,26
5215,14,28
5216,14,28
5217,14,28
5218,14,28
5219,14,28
5220,14,26
5221,14,27
5222,14,28
5223,14,27
5224,14,27
5225,14,27
5226,14,28
5227,14,26
5228,14,27
5229,14,28
5230,15,26
5231,14,26
5232,14,28
5233,14,30
5234,14,30
5235,14,27
5236,14,25
5237,14,27
5238,14,28
5239,14,26
5240,14,25
5241,14,28
5242,14,26
5243,14,27
5244,14,26
5245,14,27
5246,14,26
5247,14,28
5248,14,27
5249,14,28
5250,14,28
5251,14,26
5252,14,28
5253,14,26
5254,14,28
5255,14,29
5256,14,26
5257,14,27
5258,14,29
5259,14,26
5260,14,26
5261,14,27
5262,14,29
5263,14,28
5264,14,29
5265,14,27
5266,14,27
5267,14,27
5268,14,29
5269,14,27
5270,14,28
5271,14,26
5272,14,26
5273,14,26
5274,14,26
5275,14,27
5276,14,27
5277,14,27
5278,14,30
5279,14,26
5280,14,27
5281,14,30
5282,14,27
5283,14,27
5284,14,26
5285,14,29
5286,14,26
5287,14,27
5288,14,26
5289,14,27
5290,14,26
5291,14,29
5292,14,26
5293,14,27
5294,15,26
5295,14,28
5296,14,26
5297,14,29
5298,14,26
5299,14,27
5300,14,27
5301,14,28
5302,14,28
5303,14,28
5304,14,28
5305,14,30
5306,15,28
5307,14,26
5308,14,28
5309,14,28
5310,14,29
5311,14,28
5312,14,26
5313,14,28
5314,14,28
5315,14,27
5316,14,27
5317,14,27
5318,14,27
5319,14,27
5320,14,29
5321,14,26
5322,14,26
5323,14,27
5324,14,27
5325,14,26
5326,14,28
5327,14,28
5328,14,27
5329,14,25
5330,14,28
5331,14,25
5332,14,28
5333,14,28
5334,14,30
5335,14,28
5336,15,27
5337,14,28
5338,14,28
5339,14,25
5340,14,25
5341,15,26
5342,14,29
5343,14,28
5344,14,28
5345,14,28
5346,14,29
5347,14,28
5348,14,27
5349,14,28
5350,14,27
5351,14,26
5352,14,28
5353,14,29
5354,14,26
5355,14,26
5356,14,26
5357,14,28
5358,14,26
5359,14,26
5360,14,26
5361,14,29
5362,14,28
5363,14,26
5364,14,27
5365,14,27
5366,14,26
5367,14,27
5368,14,27
5369,14,28
5370,14,28
5371,14,26
5372,14,28
5373,14,27
5374,14,26
5375,14,29
5376,14,28
5377,14,28
5378,14,27
5379,14,29
5380,15,30
5381,14,27
5382,14,27
5383,14,28
5384,14,28
5385,14,26
5386,14,31
5387,14,28
5388,14,27
5389,14,28
5390,14,27
5391,14,26
5392,14,27
5393,14,28
5394,14,28
5395,14,28
5396,14,29
5397,14,27
5398,14,29
5399,14,27
5400,14,28
5401,14,28
5402,14,27
5403,14,29
5404,14,27
5405,14,26
5406,14,28
5407,14,27
5408,14,26
5409,14,27
5410,14,27
5411,14,26
5412,14,26
5413,14,26
5414,14,26
5415,14,27
5416,14,26
5417,14,26
5418,14,29
5419,14,28
5420,14,27
5421,14,26
5422,14,28
5423,14,26
5424,14,27
5425,14,26
5426,14,26
5427,14,29
5428,14,27
5429,14,27
5430,14,26
5431,14,28
5432,14,27
5433,15,29
5434,14,26
5435,14,29
5436,14,28
5437,14,27
5438,14,26
5439,15,27
5440,14,29
5441,15,27
5442,14,27
5443,15,27
5444,14,28
5445,14,28
5446,14,30
5447,14,26
5448,14,26
5449,14,27
5450,14,28
5451,14,26
5452,14,27
5453,14,27
5454,14,29
5455,14,26
5456,14,28
5457,14,28
5458,14,28
5459,14,29
5460,14,27
5461,15,29
5462,14,29
5463,14,28
5464,15,27
5465,14,25
5466,15,26
5467,14,26
5468,14,29
5469,15,26
5470,14,28
5471,14,29
5472,15,27
5473,14,26
5474,14,27
5475,14,28
5476,14,26
5477,14,29
5478,14,27
5479,14,27
5480,14,27
5481,14,27
5482,14,27
5483,14,28
5484,14,27
5485,15,28
5486,14,27
5487,14,29
5488,14,29
5489,15,27
5490,14,29
5491,14,27
5492,14,28
5493,14,28
5494,15,26
5495,14,27
5496,14,25
5497,14,27
5498,14,27
5499,14,27
5500,14,30
5501,14,28
5502,15,29
5503,14,27
5504,14,29
5505,14,30
5506,15,28
5507,14,28
5508,14,30
5509,15,27
5510,14,28
5511,14,31
5512,14,28
5513,14,29
5514,14,28
5515,14,28
5516,14,28
5517,15,27
5518,15,26
5519,14,27
5520,14,28
5521,14,27
5522,14,26
5523,14,26
5524,14,27
5525,15,26
5526,14,27
5527,14,25
5528,15,27
5529,14,30
5530,14,27
5531,14,27
5532,14,30
5533,14,28
5534,14,27
5535,14,28
5536,14,28
5537,15,26
5538,14,27
5539,14,28
5540,14,27
5541,15,27
5542,14,29
5543,14,29
5544,14,29
5545,14,28
5546,14,28
5547,14,30
5548,14,29
5549,14,27
5550,15,30
5551,14,29
5552,14,27
5553,14,26
5554,15,27
5555,15,28
5556,14,25
5557,14,29
5558,14,29
5559,14,27
5560,14,27
5561,14,27
5562,14,31
5563,14,27
5564,14,28
5565,14,28
5566,14,29
5567,14,29
5568,14,27
5569,14,28
5570,14,28
5571,14,26
5572,14,27
5573,14,29
5574,14,28
5575,14,29
5576,14,26
5577,14,31
5578,15,27
5579,14,28
5580,15,27
5581,14,27
5582,14,27
5583,15,25
5584,14,28
5585,14,28
5586,14,27
5587,15,28
5588,14,26
5589,14,27
5590,14,27
5591,14,27
5592,14,27
5593,15,27
5594,14,27
5595,14,27
5596,14,27
5597,14,26
5598,15,28
5599,14,28
5600,15,27
5601,14,29
5602,14,28
5603,15,28
5604,14,29
5605,15,28
5606,14,27
5607,15,25
5608,15,28
5609,15,29
5610,14,28
5611,14,28
5612,14,28
5613,15,27
5614,14,28
5615,14,26
5616,14,26
5617,14,29
5618,14,29
5619,14,28
5620,15,27
5621,15,28
5622,14,27
5623,14,27
5624,14,27
5625,15,27
5626,14,28
5627,14,28
5628,14,27
5629,15,31
5630,14,29
5631,15,31
5632,15,26
5633,14,27
5634,15,28
5635,14,27
5636,15,26
5637,15,28
5638,14,27
5639,14,29
5640,14,28
5641,14,26
5642,15,30
5643,14,30
5644,15,25
5645,14,28
5646,14,26
5647,14,28
5648,14,27
5649,14,28
5650,14,28
5651,15,28
5652,14,30
5653,14,26
5654,14,27
5655,14,27
5656,14,26
5657,15,28
5658,14,26
5659,15,26
5660,14,28
5661,14,28
5662,14,28
5663,14,29
5664,14,27
5665,14,28
5666,14,28
5667,14,26
5668,15,26
5669,14,29
5670,14,29
5671,14,27
5672,14,27
5673,14,28
5674,14,28
5675,15,27
5676,14,28
5677,15,27
5678,14,30
5679,14,27
5680,14,26
5681,14,29
5682,14,28
5683,14,26
5684,15,29
5685,14,29
5686,14,27
5687,15,28
5688,15,28
5689,14,28
5690,14,27
5691,14,29
5692,14,28
5693,14,27
5694,14,27
5695,15,28
5696,15,26
5697,15,28
5698,14,29
5699,14,27
5700,14,29
5701,15,30
5702,14,27
5703,15,28
5704,14,26
5705,15,27
5706,14,28
5707,14,28
5708,14,28
5709,14,26
5710,15,27
5711,14,26
5712,14,28
5713,15,30
5714,14,28
5715,15,29
5716,14,29
5717,14,28
5718,14,27
5719,15,29
5720,14,27
5721,14,28
5722,14,27
5723,14,28
5724,15,28
5725,14,29
5726,14,27
5727,15,27
5728,14,28
5729,14,27
5730,14,28
5731,14,27
5732,14,28
5733,14,27
5734,15,26
5735,15,28
5736,14,27
5737,14,28
5738,14,27
5739,14,27
5740,15,29
5741,15,28
5742,15,28
5743,14,29
5744,14,28
5745,14,28
5746,15,28
5747,14,28
5748,14,27
5749,14,30
5750,14,28
5751,14,26
5752,14,29
5753,14,29
5754,15,27
5755,14,30
5756,15,26
5757,14,27
5758,14,27
5759,15,27
5760,14,28
5761,14,28
5762,14,27
5763,15,27
5764,15,26
5765,14,28
5766,14,27
5767,14,27
5768,14,28
5769,14,28
5770,14,25
5771,15,26
5772,15,28
5773,14,28
5774,14,27
5775,14,28
5776,14,27
5777,15,26
5778,15,28
5779,14,28
5780,15,29
5781,14,27
5782,14,28
5783,14,26
5784,15,27
5785,14,28
5786,14,28
5787,14,27
5788,14,28
5789,14,26
5790,14,29
5791,15,29
5792,15,28
5793,14,28
5794,14,28
5795,15,27
5796,14,29
5797,14,28
5798,15,26
5799,14,29
5800,14,27
5801,14,26
5802,14,29
5803,14,26
5804,14,29
5805,14,28
5806,15,29
5807,14,28
5808,14,29
5809,14,29
5810,14,26
5811,14,27
5812,15,26
5813,14,28
5814,15,28
5815,14,28
5816,14,28
5817,14,30
5818,14,29
5819,15,26
5820,15,27
5821,14,26
5822,14,28
5823,14,28
5824,14,26
5825,14,27
5826,14,26
5827,14,27
5828,14,27
5829,14,26
5830,14,28
5831,14,27
5832,14,25
5833,14,29
5834,15,28
5835,14,28
5836,14,28
5837,14,29
5838,15,28
5839,14,27
5840,15,28
5841,15,27
5842,15,28
5843,14,28
5844,14,26
5845,14,28
5846,14,28
5847,15,27
5848,15,29
5849,15,28
5850,14,26
5851,14,27
5852,14,27
5853,14,30
5854,14,27
5855,15,30
5856,14,28
5857,15,27
5858,15,28
5859,15,28
5860,14,26
5861,14,27
5862,14,28
5863,14,28
5864,14,27
5865,14,28
5866,14,29
5867,15,30
5868,14,29
5869,14,28
5870,14,27
5871,14,28
5872,14,28
5873,15,27
5874,14,30
5875,14,33
5876,15,29
5877,14,28
5878,14,27
5879,15,28
5880,15,26
5881,14,27
5882,14,29
5883,15,27
5884,15,28
5885,14,28
5886,14,27
5887,14,28
5888,14,28
5889,15,28
5890,14,28
5891,14,27
5892,15,27
5893,14,31
5894,15,28
5895,15,29
5896,15,25
5897,15,31
5898,15,27
5899,15,27
5900,14,26
5901,15,28
5902,14,27
5903,14,28
5904,15,27
5905,14,26
5906,14,27
5907,15,26
5908,15,28
5909,15,30
5910,15,25
5911,15,27
5912,15,28
5913,14,30
5914,14,28
5915,14,27
5916,15,27
5917,14,28
5918,15,28
5919,15,27
5920,15,26
5921,14,28
5922,15,30
5923,14,29
5924,14,27
5925,14,28
5926,15,26
5927,15,28
5928,14,28
5929,15,28
5930,14,26
5931,15,27
5932,15,28
5933,14,28
5934,15,27
5935,15,29
5936,15,28
5937,15,29
5938,15,27
5939,14,29
5940,14,28
5941,15,29
5942,14,28
5943,14,29
5944,15,27
5945,15,28
5946,14,28
5947,14,27
5948,15,28
5949,14,26
5950,14,27
5951,14,32
5952,14,29
5953,14,28
5954,14,28
5955,15,28
5956,15,27
5957,14,29
5958,15,28
5959,14,26
5960,15,27
5961,14,26
5962,15,27
5963,15,32
5964,15,30
5965,14,28
5966,15,28
5967,14,27
5968,14,26
5969,14,28
5970,15,28
5971,15,28
5972,14,29
5973,14,27
5974,15,28
5975,14,30
5976,14,28
5977,14,25
5978,14,27
5979,15,29
5980,14,29
5981,15,26
5982,14,28
5983,14,30
5984,15,28
5985,15,28
5986,14,28
5987,14,28
5988,15,28
5989,14,30
5990,15,29
5991,14,29
5992,15,29
5993,14,28
5994,15,28
5995,14,29
5996,15,26
5997,15,28
5998,15,27
5999,15,30
6000,14,30
6001,15,29
6002,14,27
6003,15,28
6004,15,28
6005,14,27
6006,14,26
6007,14,31
6008,14,28
6009,14,27
6010,14,29
6011,14,28
6012,15,27
6013,15,27
6014,14,27
6015,14,29
6016,15,29
6017,14,29
6018,14,29
6019,14,30
6020,15,27
6021,15,29
6022,15,29
6023,15,30
6024,14,29
6025,14,27
6026,15,28
6027,15,29
6028,14,28
6029,14,27
6030,14,29
6031,15,28
6032,15,28
6033,15,28
6034,15,29
6035,15,28
6036,14,28
6037,14,26
6038,15,26
6039,14,27
6040,14,28
6041,14,26
6042,15,29
6043,14,27
6044,15,29
6045,15,28
6046,15,28
6047,15,28
6048,14,29
6049,14,29
6050,14,26
6051,14,27
6052,14,28
6053,14,29
6054,15,29
6055,15,30
6056,15,26
6057,14,25
6058,15,27
6059,15,29
6060,15,27
6061,15,30
6062,15,29
6063,15,26
6064,15,26
6065,15,30
6066,15,29
6067,14,27
6068,15,26
6069,15,25
6070,15,27
6071,14,26
6072,15,27
6073,15,27
6074,15,28
6075,14,29
6076,15,27
6077,15,28
6078,15,27
6079,14,26
6080,15,29
6081,14,27
6082,15,28
6083,14,27
6084,15,28
6085,15,29
6086,15,27
6087,14,29
6088,14,31
6089,14,26
6090,15,28
6091,14,29
6092,14,29
6093,15,27
6094,14,28
6095,15,28
6096,14,28
6097,15,27
6098,15,29
6099,15,26
6100,15,28
6101,15,28
6102,15,29
6103,15,27
6104,14,27
6105,14,29
6106,14,27
6107,15,30
6108,15,27
6109,14,28
6110,15,30
6111,14,28
6112,15,26
6113,15,26
6114,15,27
6115,15,27
6116,14,28
6117,15,26
6118,15,28
6119,15,28
6120,14,27
6121,15,27
6122,15,28
6123,15,26
6124,14,27
6125,15,31
6126,15,29
6127,15,27
6128,15,28
6129,14,31
6130,15,30
6131,15,27
6132,15,28
6133,14,27
6134,15,29
6135,15,30
6136,15,28
6137,14,29
6138,14,27
6139,14,29
6140,15,28
6141,14,30
6142,14,29
6143,15,27
6144,15,29
6145,15,28
6146,15,27
6147,15,27
6148,14,29
6149,14,29
6150,15,30
6151,14,29
6152,15,28
6153,15,29
6154,14,29
6155,14,27
6156,15,26
6157,14,27
6158,15,29
6159,14,28
6160,15,27
6161,15,30
6162,15,26
6163,15,27
6164,15,28
6165,15,28
6166,15,28
6167,14,29
6168,15,27
6169,15,28
6170,15,28
6171,15,29
6172,14,26
6173,14,27
6174,14,29
6175,14,28
6176,15,33
6177,14,29
6178,15,27
6179,15,29
6180,15,26
6181,15,27
6182,15,28
6183,14,28
6184,15,28
6185,15,29
6186,15,27
6187,15,27
6188,14,28
6189,15,26
6190,15,28
6191,14,28
6192,14,27
6193,15,27
6194,14,28
6195,14,29
6196,15,28
6197,15,28
6198,15,29
6199,14,28
6200,14,29
6201,15,28
6202,15,30
6203,15,27
6204,15,29
6205,15,27
6206,15,28
6207,15,27
6208,15,29
6209,15,30
6210,15,28
6211,15,30
6212,14,30
6213,15,28
6214,14,30
6215,15,29
6216,15,27
6217,15,29
6218,15,27
6219,15,27
6220,15,27
6221,15,28
6222,15,27
6223,14,29
6224,14,30
6225,15,27
6226,15,28
6227,14,28
6228,14,28
6229,14,27
6230,15,29
6231,14,29
6232,15,29
6233,15,28
6234,15,29
6235,14,27
6236,15,28
6237,14,29
6238,15,28
6239,15,29
6240,15,26
6241,15,28
6242,14,26
6243,15,26
6244,14,27
6245,15,26
6246,15,28
6247,15,29
6248,14,29
6249,15,30
6250,14,28
6251,14,28
6252,15,27
6253,15,27
6254,14,28
6255,15,27
6256,15,29
6257,15,29
6258,15,27
6259,15,29
6260,15,28
6261,15,28
6262,15,28
6263,15,26
6264,15,27
6265,15,29
6266,15,27
6267,15,28
6268,14,26
6269,15,27
6270,15,30
6271,15,27
6272,15,27
6273,15,27
6274,14,28
6275,15,27
6276,15,27
6277,15,28
6278,15,29
6279,15,27
6280,15,28
6281,14,27
6282,15,28
6283,15,29
6284,15,29
6285,15,29
6286,15,29
6287,14,27
6288,15,27
6289,15,28
6290,15,28
6291,15,29
6292,15,29
6293,14,28
6294,15,27
6295,15,29
6296,15,28
6297,15,28
6298,15,28
6299,15,29
6300,15,29
6301,15,29
6302,15,30
6303,15,28
6304,15,27
6305,14,27
6306,15,28
6307,14,28
6308,15,28
6309,15,25
6310,15,26
6311,15,29
6312,15,30
6313,14,28
6314,15,29
6315,15,28
6316,15,31
6317,15,27
6318,14,27
6319,15,27
6320,15,26
6321,15,28
6322,15,29
6323,15,27
6324,15,29
6325,15,29
6326,15,29
6327,15,28
6328,15,26
6329,15,30
6330,14,27
6331,15,28
6332,15,28
6333,15,28
6334,14,29
6335,15,28
6336,15,27
6337,14,27
6338,15,28
6339,14,27
6340,15,26
6341,15,28
6342,15,27
6343,14,27
6344,15,29
6345,15,28
6346,15,27
6347,15,27
6348,15,28
6349,15,27
6350,15,29
6351,15,27
6352,14,30
6353,15,32
6354,15,28
6355,15,29
6356,15,28
6357,14,28
6358,15,30
6359,15,30
6360,15,27
6361,15,28
6362,15,28
6363,15,29
6364,15,30
6365,15,29
6366,15,28
6367,14,27
6368,14,30
6369,15,29
6370,15,30
6371,15,29
6372,15,29
6373,15,27
6374,15,28
6375,15,28
6376,15,28
6377,15,30
6378,15,27
6379,14,28
6380,15,29
6381,15,28
6382,14,28
6383,15,28
6384,15,29
6385,15,28
6386,15,29
6387,15,27
6388,15,28
6389,14,27
6390,15,27
6391,15,28
6392,15,29
6393,15,27
6394,15,28
6395,15,28
6396,15,27
6397,15,29
6398,15,28
6399,15,28
6400,15,27
6401,15,26
6402,15,28
6403,14,28
6404,15,29
6405,15,28
6406,15,29
6407,14,32
6408,15,28
6409,15,29
6410,15,29
6411,15,27
6412,15,30
6413,15,27
6414,15,28
6415,15,31
6416,15,28
6417,15,28
6418,15,28
6419,15,29
6420,14,29
6421,15,28
6422,15,26
6423,15,26
6424,15,29
6425,15,27
6426,15,27
6427,15,28
6428,15,29
6429,15,30
6430,15,28
6431,15,26
6432,15,28
6433,15,28
6434,15,27
6435,15,27
6436,15,29
6437,15,28
6438,15,26
6439,15,28
6440,15,27
6441,14,29
6442,15,28
6443,15,27
6444,15,28
6445,15,27
6446,15,27
6447,15,29
6448,15,27
6449,15,27
6450,15,28
6451,15,28
6452,14,27
6453,15,27
6454,15,29
6455,15,28
6456,15,28
6457,15,27
6458,15,27
6459,15,27
6460,15,27
6461,15,28
6462,14,28
6463,15,27
6464,14,29
6465,15,29
6466,15,28
6467,15,30
6468,15,28
6469,15,28
6470,15,29
6471,15,28
6472,15,30
6473,15,27
6474,14,27
6475,15,29
6476,14,28
6477,15,28
6478,15,30
6479,15,29
6480,14,29
6481,15,28
6482,15,29
6483,15,27
6484,15,27
6485,15,28
6486,15,28
6487,15,28
6488,15,29
6489,14,27
6490,15,27
6491,15,28
6492,15,27
6493,15,27
6494,15,29
6495,15,29
6496,15,28
6497,15,28
6498,15,29
6499,15,27
6500,15,28
6501,15,28
6502,15,27
6503,15,30
6504,15,29
6505,15,28
6506,15,27
6507,15,30
6508,15,29
6509,15,29
6510,15,28
6511,15,28
6512,15,28
6513,15,29
6514,15,30
6515,15,29
6516,15,31
6517,14,27
6518,15,27
6519,15,29
6520,15,29
6521,14,28
6522,15,28
6523,15,31
6524,15,30
6525,15,31
6526,15,29
6527,15,27
6528,15,30
6529,15,29
6530,15,26
6531,15,27
6532,15,27
6533,15,27
6534,15,28
6535,14,27
6536,14,31
6537,15,29
6538,15,31
6539,15,27
6540,15,29
6541,15,27
6542,15,27
6543,15,28
6544,15,27
6545,14,28
6546,15,28
6547,15,28
6548,15,30
6549,15,32
6550,15,28
6551,15,27
6552,15,27
6553,15,27
6554,15,28
6555,15,28
6556,15,27
6557,15,27
6558,15,28
6559,15,28
6560,15,30
6561,14,30
6562,15,27
6563,15,28
6564,15,29
6565,15,28
6566,15,29
6567,15,28
6568,15,30
6569,14,28
6570,15,26
6571,15,28
6572,15,30
6573,15,29
6574,15,28
6575,15,29
6576,14,28
6577,15,28
6578,15,28
6579,15,29
6580,15,27
6581,15,29
6582,15,26
6583,15,29
6584,15,29
6585,15,28
6586,15,27
6587,15,29
6588,15,28
6589,15,28
6590,15,28
6591,15,28
6592,15,27
6593,15,29
6594,15,31
6595,15,28
6596,15,29
6597,15,28
6598,15,26
6599,15,29
6600,15,29
6601,15,30
6602,14,30
6603,15,29
6604,15,29
6605,15,26
6606,15,28
6607,15,29
6608,15,28
6609,15,28
6610,15,28
6611,15,28
6612,15,28
6613,15,30
6614,15,30
6615,15,28
6616,15,28
6617,15,31
6618,15,29
6619,14,30
6620,15,28
6621,15,28
6622,15,27
6623,15,29
6624,15,28
6625,15,27
6626,14,28
6627,15,29
6628,15,28
6629,15,29
6630,14,28
6631,15,30
6632,15,28
6633,15,28
6634,15,28
6635,15,29
6636,15,27
6637,15,28
6638,15,28
6639,15,28
6640,15,27
6641,15,26
6642,15,28
6643,15,28
6644,15,30
6645,15,26
6646,15,30
6647,15,26
6648,15,28
6649,15,27
6650,15,28
6651,15,28
6652,15,27
6653,15,28
6654,15,30
6655,15,29
6656,14,29
6657,15,28
6658,15,26
6659,14,28
6660,15,27
6661,15,28
6662,15,30
6663,15,31
6664,15,28
6665,15,27
6666,15,26
6667,15,29
6668,15,30
6669,15,27
6670,15,29
6671,15,27
6672,15,29
6673,15,28
6674,15,29
6675,15,29
6676,15,28
6677,15,26
6678,15,28
6679,15,27
6680,15,29
6681,15,28
6682,15,30
6683,15,28
6684,15,28
6685,15,28
6686,15,28
6687,15,28
6688,15,29
6689,15,29
6690,15,31
6691,15,30
6692,15,27
6693,15,28
6694,15,26
6695,15,27
6696,15,29
6697,15,29
6698,15,28
6699,15,28
6700,14,28
6701,15,27
6702,15,29
6703,14,28
6704,15,27
6705,15,29
6706,15,29
6707,15,28
6708,15,26
6709,15,26
6710,15,30
6711,15,29
6712,15,30
6713,15,30
6714,15,27
6715,15,29
6716,15,29
6717,15,27
6718,15,27
6719,15,29
6720,15,26
6721,15,30
6722,15,31
6723,15,29
6724,15,28
6725,15,27
6726,15,28
6727,15,27
6728,15,26
6729,14,28
6730,15,28
6731,15,28
6732,15,29
6733,15,30
6734,15,29
6735,15,30
6736,15,29
6737,15,28
6738,15,29
6739,14,26
6740,15,29
6741,15,28
6742,15,28
6743,15,28
6744,15,28
6745,15,28
6746,14,29
6747,15,27
6748,14,28
6749,15,28
6750,15,28
6751,15,30
6752,15,29
6753,15,28
6754,15,28
6755,15,26
6756,15,26
6757,15,29
6758,15,28
6759,15,29
6760,15,30
6761,15,28
6762,15,29
6763,15,30
6764,15,29
6765,15,30
6766,15,28
6767,15,26
6768,15,29
6769,15,28
6770,15,29
6771,15,28
6772,15,28
6773,14,28
6774,15,28
6775,15,29
6776,15,28
6777,15,27
6778,15,29
6779,15,28
6780,15,28
6781,15,30
6782,15,28
6783,15,27
6784,15,29
6785,15,27
6786,15,29
6787,15,30
6788,15,28
6789,15,29
6790,14,30
6791,15,28
6792,15,29
6793,15,29
6794,15,26
6795,15,30
6796,15,31
6797,15,29
6798,15,29
6799,15,29
6800,15,30
6801,15,29
6802,15,27
6803,15,28
6804,14,29
6805,15,29
6806,15,26
6807,15,27
6808,15,28
6809,15,28
6810,15,29
6811,15,28
6812,15,28
6813,15,28
6814,15,28
6815,15,29
6816,15,28
6817,15,26
6818,15,27
6819,15,31
6820,15,28
6821,15,27
6822,15,28
6823,15,30
6824,15,31
6825,14,29
6826,15,27
6827,15,28
6828,15,29
6829,15,30
6830,14,28
6831,15,28
6832,15,29
6833,15,29
6834,15,29
6835,15,25
6836,15,28
6837,15,28
6838,15,31
6839,15,27
6840,15,29
6841,15,30
6842,15,29
6843,15,28
6844,15,31
6845,15,30
6846,15,31
6847,15,28
6848,15,27
6849,15,29
6850,15,29
6851,15,26
6852,15,31
6853,15,28
6854,15,28
6855,15,28
6856,15,28
6857,15,29
6858,15,28
6859,15,29
6860,15,30
6861,15,29
6862,15,29
6863,15,30
6864,15,28
6865,15,29
6866,15,29
6867,15,29
6868,15,28
6869,15,30
6870,15,29
6871,15,28
6872,15,27
6873,15,27
6874,15,28
6875,15,30
6876,15,28
6877,15,27
6878,15,27
6879,15,27
6880,15,28
6881,15,27
6882,15,28
6883,15,29
6884,15,29
6885,15,27
6886,15,28
6887,15,29
6888,15,29
6889,15,27
6890,15,27
6891,15,29
6892,15,29
6893,15,28
6894,15,32
6895,15,26
6896,15,27
6897,15,28
6898,15,29
6899,15,27
6900,15,28
6901,15,29
6902,15,31
6903,15,28
6904,15,30
6905,15,27
6906,15,28
6907,15,29
6908,15,29
6909,15,29
6910,15,29
6911,15,29
6912,15,28
6913,15,28
6914,15,29
6915,15,30
6916,15,32
6917,15,27
6918,15,27
6919,15,28
6920,15,31
6921,15,30
6922,15,29
6923,15,27
6924,15,30
6925,15,27
6926,15,29
6927,15,28
6928,15,29
6929,15,30
6930,15,28
6931,15,30
6932,15,30
6933,15,33
6934,15,29
6935,15,29
6936,15,29
6937,15,29
6938,15,30
6939,15,27
6940,15,28
6941,15,28
6942,15,28
6943,15,26
6944,15,30
6945,15,28
6946,15,26
6947,15,28
6948,15,29
6949,15,28
6950,15,28
6951,15,28
6952,15,27
6953,15,31
6954,15,28
6955,15,29
6956,15,29
6957,15,29
6958,15,30
6959,15,28
6960,15,28
6961,15,30
6962,15,29
6963,15,28
6964,15,28
6965,15,28
6966,15,29
6967,15,29
6968,15,31
6969,15,31
6970,15,28
6971,15,30
6972,15,27
6973,15,27
6974,15,29
6975,15,29
6976,15,29
6977,15,30
6978,15,30
6979,15,28
6980,15,28
6981,15,30
6982,15,28
6983,15,27
6984,15,27
6985,15,29
6986,15,29
6987,15,29
6988,15,28
6989,15,32
6990,15,28
6991,15,28
6992,15,28
6993,15,27
6994,15,30
6995,15,29
6996,15,28
6997,15,28
6998,15,27
6999,15,28
7000,15,29
7001,15,29
7002,15,28
7003,15,30
7004,15,29
7005,15,28
7006,15,28
7007,15,30
7008,15,29
7009,15,29
7010,15,30
7011,15,31
7012,15,27
7013,15,28
7014,15,29
7015,15,30
7016,15,28
7017,15,28
7018,15,28
7019,15,28
7020,15,28
7021,15,29
7022,15,26
7023,15,28
7024,15,28
7025,15,28
7026,15,29
7027,15,29
7028,15,27
7029,15,29
7030,15,27
7031,15,31
7032,15,28
7033,15,29
7034,15,30
7035,15,28
7036,15,29
7037,15,29
7038,15,29
7039,15,29
7040,15,30
7041,15,29
7042,15,29
7043,15,27
7044,15,29
7045,15,27
7046,15,30
7047,15,28
7048,15,28
7049,15,28
7050,15,30
7051,15,29
7052,14,27
7053,15,27
7054,15,28
7055,15,28
7056,15,29
7057,15,28
7058,15,28
7059,15,30
7060,15,26
7061,15,28
7062,15,29
7063,15,28
7064,15,29
7065,15,30
7066,15,31
7067,15,29
7068,15,28
7069,15,27
7070,15,27
7071,15,32
7072,15,27
7073,15,27
7074,15,28
7075,15,28
7076,15,29
7077,15,29
7078,15,30
7079,15,29
7080,15,29
7081,15,29
7082,15,28
7083,15,29
7084,15,28
7085,15,28
7086,15,27
7087,15,27
7088,15,28
7089,15,30
7090,15,28
7091,15,27
7092,15,30
7093,15,29
7094,15,29
7095,15,28
7096,15,29
7097,15,28
7098,15,27
7099,15,28
7100,15,28
7101,15,28
7102,15,28
7103,15,28
7104,15,29
7105,15,27
7106,15,30
7107,15,29
7108,15,29
7109,15,27
7110,15,29
7111,15,27
7112,15,29
7113,15,29
7114,15,30
7115,15,28
7116,15,29
7117,15,29
7118,15,28
7119,15,26
7120,15,29
7121,15,30
7122,15,27
7123,15,29
7124,15,26
7125,15,29
7126,15,28
7127,15,30
7128,15,28
7129,15,27
7130,15,28
7131,15,29
7132,15,29
7133,15,28
7134,15,30
7135,15,28
7136,15,31
7137,15,28
7138,15,28
7139,15,28
7140,15,30
7141,15,28
7142,15,27
7143,15,30
7144,15,29
7145,15,29
7146,15,28
7147,15,28
7148,15,31
7149,15,30
7150,15,31
7151,15,29
7152,15,29
7153,15,27
7154,15,28
7155,15,27
7156,15,28
7157,15,29
7158,15,29
7159,15,27
7160,15,29
7161,15,27
7162,15,28
7163,15,28
7164,15,28
7165,15,28
7166,15,27
7167,15,27
7168,15,29
7169,15,28
7170,15,28
7171,15,31
7172,15,27
7173,14,27
7174,15,28
7175,15,28
7176,15,29
7177,15,27
7178,15,29
7179,15,27
7180,15,32
7181,15,27
7182,15,28
7183,15,29
7184,15,28
7185,15,28
7186,15,28
7187,15,29
7188,15,30
7189,15,28
7190,15,27
7191,15,27
7192,15,28
7193,15,28
7194,15,28
7195,15,28
7196,15,27
7197,15,31
7198,15,29
7199,15,28
7200,15,30
7201,15,30
7202,15,31
7203,15,28
7204,15,29
7205,15,26
7206,15,31
7207,15,27
7208,15,27
7209,15,28
7210,15,27
7211,15,27
7212,15,30
7213,15,28
7214,15,29
7215,15,27
7216,15,28
7217,15,29
7218,15,29
7219,15,27
7220,15,28
7221,15,28
7222,15,29
7223,15,27
7224,15,27
7225,15,28
7226,15,28
7227,15,30
7228,15,28
7229,15,29
7230,15,29
7231,15,27
7232,15,29
7233,15,30
7234,15,31
7235,15,29
7236,15,27
7237,15,28
7238,15,30
7239,15,30
7240,15,28
7241,15,28
7242,15,28
7243,15,32
7244,15,28
7245,15,28
7246,15,28
7247,15,28
7248,15,28
7249,15,29
7250,15,27
7251,15,28
7252,15,28
7253,15,28
7254,15,27
7255,15,28
7256,15,29
7257,15,29
7258,15,31
7259,15,28
7260,15,28
7261,15,28
7262,15,29
7263,15,31
7264,15,28
7265,15,28
7266,15,28
7267,15,29
7268,15,30
7269,15,30
7270,15,29
7271,15,29
7272,15,30
7273,15,31
7274,15,30
7275,15,28
7276,15,30
7277,15,29
7278,15,28
7279,15,28
7280,15,27
7281,15,29
7282,15,29
7283,15,28
7284,15,27
7285,15,29
7286,15,27
7287,15,30
7288,15,30
7289,15,28
7290,15,27
7291,15,29
7292,15,29
7293,15,29
7294,15,26
7295,15,28
7296,15,27
7297,15,29
7298,15,30
7299,15,28
7300,15,29
7301,15,29
7302,15,28
7303,15,28
7304,15,29
7305,15,29
7306,15,27
7307,15,32
7308,15,29
7309,15,28
7310,15,29
7311,15,29
7312,15,27
7313,15,28
7314,15,29
7315,15,29
7316,15,28
7317,15,29
7318,15,28
7319,15,28
7320,15,30
7321,15,28
7322,15,26
7323,15,30
7324,15,29
7325,15,28
7326,15,27
7327,15,28
7328,15,28
7329,15,29
7330,15,31
7331,15,29
7332,15,30
7333,15,31
7334,15,28
7335,15,28
7336,15,29
7337,15,29
7338,15,30
7339,15,28
7340,15,28
7341,15,29
7342,15,28
7343,15,30
7344,15,27
7345,15,30
7346,15,27
7347,15,28
7348,15,26
7349,15,28
7350,15,28
7351,15,30
7352,15,27
7353,15,29
7354,15,27
7355,15,29
7356,15,31
7357,15,29
7358,15,29
7359,15,30
7360,15,31
7361,15,27
7362,15,27
7363,15,27
7364,15,28
7365,15,26
7366,15,28
7367,15,27
7368,15,29
7369,15,28
7370,15,28
7371,15,26
7372,15,28
7373,15,30
7374,15,29
7375,15,29
7376,15,28
7377,15,28
7378,15,30
7379,15,29
7380,15,29
7381,15,27
7382,15,29
7383,15,28
7384,15,28
7385,15,27
7386,15,28
7387,15,27
7388,15,30
7389,15,30
7390,15,29
7391,15,29
7392,15,30
7393,15,27
7394,15,28
7395,15,28
7396,15,30
7397,15,29
7398,15,31
7399,15,29
7400,15,28
7401,15,30
7402,15,28
7403,15,27
7404,15,30
7405,15,30
7406,15,28
7407,15,29
7408,15,28
7409,15,28
7410,15,30
7411,15,29
7412,15,29
7413,15,27
7414,15,29
7415,15,28
7416,15,29
7417,15,28
7418,15,28
7419,15,28
7420,15,28
7421,15,29
7422,15,29
7423,15,28
7424,15,27
7425,15,32
7426,15,28
7427,15,28
7428,15,29
7429,15,30
7430,15,28
7431,15,27
7432,15,28
7433,15,27
7434,15,28
7435,15,29
7436,15,30
7437,15,28
7438,15,30
7439,15,31
7440,15,29
7441,15,29
7442,15,27
7443,15,31
7444,15,28
7445,15,26
7446,15,30
7447,15,29
7448,15,29
7449,15,28
7450,15,32
7451,15,31
7452,15,28
7453,15,28
7454,15,28
7455,15,28
7456,15,30
7457,15,28
7458,15,31
7459,15,30
7460,15,29
7461,15,27
7462,15,28
7463,15,29
7464,15,29
7465,15,29
7466,15,29
7467,15,27
7468,15,29
7469,15,27
7470,15,30
7471,15,30
7472,15,27
7473,15,29
7474,15,29
7475,15,29
7476,15,29
7477,15,29
7478,15,27
7479,15,28
7480,15,28
7481,15,29
7482,15,29
7483,15,29
7484,15,29
7485,15,30
7486,15,28
7487,15,28
7488,15,29
7489,15,29
7490,15,28
7491,15,28
7492,15,29
7493,15,29
7494,15,29
7495,15,31
7496,15,29
7497,15,29
7498,15,30
7499,15,28
7500,15,31
7501,15,30
7502,15,31
7503,15,28
7504,15,30
7505,15,29
7506,15,29
7507,15,29
7508,15,28
7509,15,29
7510,15,31
7511,15,28
7512,15,29
7513,15,29
7514,15,28
7515,15,29
7516,15,26
7517,15,30
7518,15,29
7519,15,28
7520,15,30
7521,15,30
7522,15,28
7523,15,29
7524,15,30
7525,15,29
7526,15,28
7527,15,29
7528,15,29
7529,15,30
7530,15,29
7531,15,29
7532,15,28
7533,15,28
7534,15,28
7535,15,29
7536,15,29
7537,15,28
7538,15,28
7539,15,30
7540,15,28
7541,15,28
7542,15,33
7543,15,30
7544,15,30
7545,15,30
7546,15,27
7547,15,30
7548,15,29
7549,15,29
7550,15,30
7551,15,28
7552,15,30
7553,15,27
7554,15,29
7555,15,29
7556,15,28
7557,15,28
7558,15,30
7559,15,28
7560,15,30
7561,15,28
7562,15,28
7563,15,29
7564,15,31
7565,15,26
7566,15,28
7567,15,29
7568,15,29
7569,15,32
7570,15,27
7571,15,28
7572,15,28
7573,15,33
7574,15,29
7575,15,30
7576,15,30
7577,15,28
7578,15,29
7579,15,26
7580,15,28
7581,15,29
7582,15,31
7583,15,27
7584,15,29
7585,15,29
7586,15,29
7587,15,28
7588,15,30
7589,15,29
7590,15,28
7591,15,29
7592,15,31
7593,15,26
7594,15,28
7595,15,27
7596,15,29
7597,15,30
7598,15,28
7599,15,30
7600,15,31
7601,15,29
7602,15,31
7603,15,29
7604,15,29
7605,15,28
7606,15,27
7607,15,29
7608,15,29
7609,15,30
7610,15,28
7611,15,29
7612,15,28
7613,15,26
7614,15,28
7615,15,30
7616,15,29
7617,15,28
7618,15,27
7619,15,30
7620,15,30
7621,15,29
7622,15,30
7623,15,27
7624,15,32
7625,15,30
7626,15,29
7627,15,28
7628,15,30
7629,15,29
7630,15,31
7631,15,28
7632,15,28
7633,15,28
7634,15,27
7635,15,29
7636,15,28
7637,15,30
7638,15,30
7639,15,29
7640,15,28
7641,15,29
7642,15,27
7643,15,28
7644,15,30
7645,15,30
7646,15,28
7647,15,29
7648,15,27
7649,15,28
7650,15,28
7651,15,30
7652,15,29
7653,15,27
7654,15,28
7655,15,30
7656,15,32
7657,15,28
7658,15,29
7659,15,29
7660,15,28
7661,15,31
7662,15,29
7663,15,30
7664,15,28
7665,15,29
7666,15,28
7667,15,28
7668,15,30
7669,15,29
7670,15,30
7671,15,29
7672,15,29
7673,15,28
7674,15,28
7675,15,29
7676,15,30
7677,15,30
7678,15,30
7679,15,30
7680,15,30
7681,15,29
7682,15,28
7683,15,30
7684,15,29
7685,15,29
7686,15,27
7687,15,30
7688,15,28
7689,15,29
7690,15,29
7691,15,30
7692,15,29
7693,15,30
7694,15,30
7695,15,31
7696,15,28
7697,15,30
7698,15,29
7699,15,28
7700,15,29
7701,15,30
7702,15,28
7703,15,29
7704,15,28
7705,15,28
7706,15,29
7707,15,29
7708,15,27
7709,15,28
7710,15,29
7711,15,28
7712,15,30
7713,15,28
7714,15,27
7715,15,30
7716,15,28
7717,15,28
7718,15,29
7719,15,32
7720,15,29
7721,15,29
7722,15,29
7723,15,27
7724,15,31
7725,15,29
7726,15,28
7727,15,28
7728,15,30
7729,15,29
7730,15,28
7731,15,29
7732,15,28
7733,15,29
7734,15,29
7735,15,30
7736,15,29
7737,15,27
7738,15,27
7739,15,29
7740,15,28
7741,15,29
7742,15,27
7743,15,31
7744,15,29
7745,15,28
7746,15,29
7747,15,28
7748,15,32
7749,15,29
7750,15,29
7751,15,29
7752,15,32
7753,15,28
7754,15,27
7755,15,30
7756,15,32
7757,15,31
7758,15,30
7759,15,28
7760,15,27
7761,15,27
7762,15,30
7763,15,32
7764,15,29
7765,15,29
7766,15,29
7767,15,29
7768,15,29
7769,15,30
7770,15,29
7771,15,28
7772,15,30
7773,15,27
7774,15,28
7775,15,28
7776,15,28
7777,15,28
7778,15,28
7779,15,30
7780,15,28
7781,15,29
7782,15,27
7783,15,29
7784,15,27
7785,15,28
7786,15,28
7787,15,28
7788,15,28
7789,15,28
7790,15,27
7791,15,28
7792,15,29
7793,15,29
7794,15,29
7795,15,29
7796,15,28
7797,15,31
7798,15,28
7799,15,29
7800,15,28
7801,15,29
7802,15,31
7803,15,28
7804,15,29
7805,15,29
7806,15,29
7807,15,29
7808,15,27
7809,15,30
7810,15,29
7811,15,29
7812,15,29
7813,15,27
7814,15,30
7815,15,29
7816,15,29
7817,15,29
7818,15,29
7819,15,28
7820,15,28
7821,15,30
7822,15,27
7823,15,30
7824,15,30
7825,15,28
7826,15,30
7827,15,29
7828,15,30
7829,15,31
7830,15,27
7831,15,28
7832,15,28
7833,15,29
7834,15,31
7835,15,29
7836,15,28
7837,15,29
7838,15,30
7839,15,30
7840,15,29
7841,15,29
7842,15,28
7843,15,29
7844,15,30
7845,15,29
7846,15,28
7847,15,29
7848,15,29
7849,15,27
7850,15,29
7851,15,31
7852,15,30
7853,15,29
7854,15,29
7855,15,29
7856,15,29
7857,15,31
7858,15,26
7859,15,31
7860,15,29
7861,15,30
7862,15,28
7863,15,28
7864,15,28
7865,15,28
7866,15,29
7867,15,27
7868,15,29
7869,15,28
7870,15,29
7871,15,27
7872,15,29
7873,15,31
7874,15,28
7875,15,32
7876,15,28
7877,15,28
7878,15,31
7879,15,30
7880,15,28
7881,15,29
7882,15,29
7883,15,31
7884,15,30
7885,15,29
7886,15,28
7887,15,29
7888,15,28
7889,15,29
7890,15,28
7891,15,30
7892,15,29
7893,15,28
7894,15,30
7895,15,32
7896,15,27
7897,15,29
7898,15,29
7899,15,29
7900,15,29
7901,15,28
7902,15,28
7903,15,29
7904,15,28
7905,15,29
7906,15,31
7907,15,30
7908,15,29
7909,15,29
7910,15,28
7911,15,28
7912,15,28
7913,15,30
7914,15,26
7915,15,31
7916,15,29
7917,15,29
7918,15,31
7919,15,30
7920,15,31
7921,15,28
7922,15,28
7923,15,32
7924,15,27
7925,15,29
7926,15,31
7927,15,30
7928,15,27
7929,15,29
7930,15,27
7931,15,30
7932,15,29
7933,15,30
7934,15,29
7935,15,29
7936,15,28
7937,15,29
7938,15,30
7939,15,30
7940,15,30
7941,15,30
7942,15,30
7943,15,30
7944,15,29
7945,15,29
7946,15,27
7947,15,31
7948,15,28
7949,15,31
7950,15,31
7951,15,28
7952,15,31
7953,15,28
7954,15,29
7955,15,31
7956,15,29
7957,15,28
7958,15,28
7959,15,28
7960,15,28
7961,15,28
7962,15,28
7963,15,30
7964,15,29
7965,15,28
7966,15,29
7967,15,30
7968,15,29
7969,15,31
7970,15,29
7971,15,31
7972,15,31
7973,15,32
7974,15,27
7975,15,33
7976,15,31
7977,15,32
7978,15,28
7979,15,31
7980,15,29
7981,15,28
7982,15,28
7983,15,28
7984,15,29
7985,15,29
7986,15,29
7987,15,31
7988,15,30
7989,15,28
7990,15,30
7991,15,28
7992,15,30
7993,15,29
7994,15,30
7995,15,30
7996,15,31
7997,15,28
7998,15,28
7999,15,31
8000,15,28
8001,15,29
8002,15,29
8003,15,27
8004,15,30
8005,15,29
8006,15,30
8007,15,29
8008,15,29
8009,15,29
8010,15,28
8011,15,30
8012,15,28
8013,15,29
8014,15,28
8015,15,27
8016,15,29
8017,15,28
8018,15,29
8019,15,29
8020,15,29
8021,15,29
8022,15,28
8023,15,30
8024,15,30
8025,15,27
8026,15,28
8027,15,30
8028,15,29
8029,15,29
8030,15,31
8031,15,28
8032,15,31
8033,15,26
8034,15,28
8035,15,29
8036,15,30
8037,15,30
8038,15,30
8039,15,29
8040,15,29
8041,15,28
8042,15,30
8043,15,29
8044,15,28
8045,15,29
8046,15,31
8047,15,28
8048,15,27
8049,15,29
8050,15,30
8051,15,29
8052,15,28
8053,15,29
8054,15,28
8055,15,30
8056,15,29
8057,15,29
8058,15,29
8059,15,29
8060,15,31
8061,15,29
8062,15,28
8063,15,29
8064,15,30
8065,15,28
8066,15,28
8067,15,31
8068,15,28
8069,15,28
8070,15,30
8071,15,30
8072,15,27
8073,15,30
8074,15,29
8075,15,28
8076,15,30
8077,15,29
8078,15,30
8079,15,30
8080,15,28
8081,15,29
8082,15,28
8083,15,28
8084,15,29
8085,15,27
8086,15,31
8087,15,30
8088,15,31
8089,15,28
8090,15,28
8091,15,27
8092,15,28
8093,15,29
8094,15,30
8095,15,28
8096,15,28
8097,15,30
8098,15,28
8099,15,28
8100,15,28
8101,15,28
8102,15,29
8103,15,29
8104,15,27
8105,15,29
8106,15,28
8107,15,30
8108,15,31
8109,15,28
8110,15,30
8111,15,28
8112,15,29
8113,15,28
8114,15,27
8115,15,30
8116,15,28
8117,15,30
8118,15,30
8119,15,28
8120,15,28
8121,15,29
8122,15,31
8123,15,28
8124,15,30
8125,15,29
8126,15,29
8127,15,29
8128,15,31
8129,15,27
8130,15,28
8131,15,33
8132,15,31
8133,15,28
8134,15,28
8135,15,28
8136,15,29
8137,15,30
8138,15,29
8139,15,30
8140,15,28
8141,15,28
8142,15,30
8143,15,29
8144,15,29
8145,15,29
8146,15,29
8147,15,31
8148,15,29
8149,15,28
8150,15,31
8151,15,27
8152,15,29
8153,15,30
8154,15,27
8155,15,30
8156,15,31
8157,15,30
8158,15,29
8159,15,31
8160,15,29
8161,15,31
8162,15,29
8163,15,28
8164,15,29
8165,15,31
8166,15,28
8167,15,29
8168,15,29
8169,15,28
8170,15,30
8171,15,28
8172,15,29
8173,15,32
8174,15,28
8175,15,28
8176,15,31
8177,15,28
8178,15,31
8179,15,30
8180,15,29
8181,15,32
8182,15,30
8183,15,32
8184,15,30
8185,15,28
8186,15,34
8187,15,29
8188,15,29
8189,15,27
8190,15,27
8191,15,28
8192,15,31
8193,15,28
8194,15,30
8195,15,29
8196,15,29
8197,15,30
8198,15,28
8199,15,29
8200,15,28
8201,15,28
8202,15,28
8203,15,31
8204,15,29
8205,15,28
8206,15,30
8207,15,28
8208,15,27
8209,15,28
8210,15,29
8211,15,29
8212,15,29
8213,15,27
8214,15,30
8215,15,28
8216,15,29
8217,15,29
8218,15,30
8219,15,29
8220,15,30
8221,15,30
8222,15,32
8223,15,28
8224,15,27
8225,15,30
8226,15,29
8227,15,28
8228,15,29
8229,15,28
8230,15,28
8231,15,29
8232,15,30
8233,15,29
8234,15,32
8235,15,29
8236,15,28
8237,15,29
8238,15,29
8239,15,29
8240,15,29
8241,15,28
8242,15,30
8243,15,31
8244,15,28
8245,15,28
8246,15,28
8247,15,30
8248,15,29
8249,15,29
8250,15,29
8251,15,28
8252,15,31
8253,15,29
8254,15,31
8255,15,29
8256,15,28
8257,15,28
8258,15,30
8259,15,31
8260,15,29
8261,15,30
8262,15,29
8263,15,31
8264,15,27
8265,15,28
8266,15,34
8267,15,30
8268,15,29
8269,15,30
8270,15,26
8271,15,27
8272,15,29
8273,15,28
8274,15,29
8275,15,29
8276,15,28
8277,15,28
8278,15,29
8279,15,28
8280,15,30
8281,15,29
8282,15,29
8283,15,28
8284,15,29
8285,15,31
8286,15,29
8287,15,28
8288,15,29
8289,15,29
8290,15,28
8291,15,30
8292,15,28
8293,15,29
8294,15,32
8295,15,28
8296,15,30
8297,15,29
8298,15,29
8299,15,29
8300,15,32
8301,15,31
8302,15,30
8303,15,28
8304,15,28
8305,15,27
8306,15,30
8307,15,30
8308,15,29
8309,15,28
8310,15,28
8311,15,29
8312,15,28
8313,15,29
8314,15,28
8315,15,30
8316,15,30
8317,15,28
8318,15,30
8319,15,29
8320,15,29
8321,15,30
8322,15,30
8323,15,29
8324,15,29
8325,15,30
8326,15,26
8327,15,30
8328,15,27
8329,15,30
8330,15,28
8331,15,29
8332,15,28
8333,15,31
8334,15,30
8335,15,30
8336,15,29
8337,15,29
8338,15,28
8339,15,29
8340,15,32
8341,15,30
8342,15,27
8343,15,31
8344,15,31
8345,15,28
8346,15,29
8347,15,28
8348,15,30
8349,15,29
8350,15,29
8351,15,29
8352,15,30
8353,15,28
8354,15,29
8355,15,28
8356,15,30
8357,15,29
8358,15,29
8359,15,28
8360,15,29
8361,15,31
8362,15,30
8363,15,29
8364,15,29
8365,15,29
8366,15,28
8367,15,30
8368,15,29
8369,15,28
8370,15,31
8371,15,30
8372,15,28
8373,15,30
8374,15,30
8375,15,29
8376,15,28
8377,15,29
8378,15,30
8379,15,30
8380,15,30
8381,15,28
8382,15,29
8383,15,30
8384,15,31
8385,15,29
8386,15,32
8387,15,29
8388,15,27
8389,15,30
8390,15,30
8391,15,30
8392,15,31
8393,15,28
8394,15,28
8395,15,29
8396,15,30
8397,15,30
8398,15,29
8399,15,29
8400,15,30
8401,15,28
8402,15,29
8403,15,30
8404,15,28
8405,15,29
8406,15,28
8407,15,33
8408,15,30
8409,15,29
8410,15,30
8411,15,29
8412,15,30
8413,15,28
8414,15,28
8415,15,28
8416,15,29
8417,15,31
8418,15,28
8419,15,30
8420,15,28
8421,15,29
8422,15,29
8423,15,28
8424,15,31
8425,15,27
8426,15,30
8427,15,29
8428,15,31
8429,15,30
8430,15,28
8431,15,29
8432,15,29
8433,15,29
8434,15,27
8435,15,28
8436,15,30
8437,15,29
8438,15,29
8439,15,29
8440,15,27
8441,15,29
8442,15,28
8443,15,30
8444,15,32
8445,15,30
8446,15,30
8447,15,28
8448,15,29
8449,15,30
8450,15,30
8451,15,33
8452,15,30
8453,15,31
8454,15,30
8455,15,29
8456,15,29
8457,15,29
8458,15,29
8459,15,30
8460,15,31
8461,15,29
8462,15,31
8463,15,31
8464,15,27
8465,15,29
8466,15,30
8467,15,29
8468,15,30
8469,15,29
8470,15,29
8471,15,29
8472,15,29
8473,15,30
8474,15,28
8475,15,30
8476,15,30
8477,15,30
8478,15,28
8479,15,29
8480,15,30
8481,15,27
8482,15,28
8483,15,30
8484,15,29
8485,15,31
8486,15,28
8487,15,28
8488,15,28
8489,15,28
8490,15,29
8491,15,30
8492,15,30
8493,15,30
8494,15,30
8495,15,30
8496,15,30
8497,15,29
8498,15,27
8499,15,28
8500,15,29
8501,15,28
8502,15,29
8503,15,26
8504,15,28
8505,15,30
8506,15,28
8507,15,31
8508,15,28
8509,15,29
8510,15,29
8511,15,29
8512,15,30
8513,15,28
8514,15,30
8515,15,30
8516,15,30
8517,15,32
8518,15,31
8519,15,30
8520,15,28
8521,15,32
8522,15,32
8523,15,27
8524,15,28
8525,15,28
8526,15,28
8527,15,31
8528,15,28
8529,15,29
8530,15,28
8531,15,29
8532,15,30
8533,15,28
8534,15,28
8535,15,29
8536,15,30
8537,15,28
8538,15,29
8539,15,28
8540,15,29
8541,15,27
8542,15,29
8543,15,30
8544,15,29
8545,15,30
8546,15,29
8547,15,29
8548,15,29
8549,15,30
8550,15,32
8551,15,30
8552,15,29
8553,15,29
8554,15,29
8555,15,32
8556,15,30
8557,15,29
8558,15,30
8559,15,29
8560,15,31
8561,15,28
8562,15,29
8563,15,30
8564,15,29
8565,15,28
8566,15,30
8567,15,29
8568,15,29
8569,15,30
8570,15,30
8571,15,31
8572,15,28
8573,15,30
8574,15,29
8575,15,30
8576,15,28
8577,15,30
8578,15,32
8579,15,29
8580,15,30
8581,15,30
8582,15,27
8583,15,29
8584,15,29
8585,15,32
8586,15,29
8587,15,30
8588,15,28
8589,15,28
8590,15,29
8591,15,28
8592,15,30
8593,15,30
8594,15,29
8595,15,29
8596,15,28
8597,15,28
8598,15,30
8599,15,27
8600,15,28
8601,15,29
8602,15,28
8603,15,27
8604,15,32
8605,15,29
8606,15,32
8607,15,29
8608,15,28
8609,15,29
8610,15,30
8611,15,30
8612,15,30
8613,15,30
8614,15,30
8615,15,30
8616,15,29
8617,15,28
8618,15,28
8619,15,28
8620,15,29
8621,15,30
8622,15,27
8623,15,28
8624,15,30
8625,15,31
8626,15,29
8627,15,29
8628,15,27
8629,15,30
8630,15,27
8631,15,29
8632,15,29
8633,15,30
8634,15,29
8635,15,30
8636,15,30
8637,15,29
8638,15,29
8639,15,28
8640,15,30
8641,15,30
8642,15,28
8643,15,29
8644,15,30
8645,15,29
8646,15,30
8647,15,30
8648,15,29
8649,15,29
8650,15,30
8651,15,31
8652,15,30
8653,15,29
8654,15,29
8655,15,31
8656,15,32
8657,15,28
8658,15,28
8659,15,29
8660,15,28
8661,15,30
8662,15,31
8663,15,30
8664,15,31
8665,15,29
8666,15,27
8667,15,30
8668,15,30
8669,15,29
8670,15,31
8671,15,28
8672,15,28
8673,15,30
8674,15,29
8675,15,29
8676,15,31
8677,15,31
8678,15,29
8679,15,30
8680,15,28
8681,15,29
8682,15,29
8683,15,28
8684,15,30
8685,15,30
8686,15,30
8687,15,30
8688,15,29
8689,15,31
8690,15,28
8691,15,30
8692,15,29
8693,15,31
8694,15,28
8695,15,29
8696,15,29
8697,15,29
8698,15,30
8699,15,29
8700,15,31
8701,15,29
8702,15,30
8703,15,30
8704,15,31
8705,15,29
8706,15,28
8707,15,30
8708,15,32
8709,15,31
8710,15,29
8711,15,29
8712,15,28
8713,15,29
8714,15,28
8715,15,31
8716,15,27
8717,15,30
8718,15,29
8719,15,30
8720,15,28
8721,15,29
8722,15,29
8723,15,31
8724,15,29
8725,15,30
8726,15,29
8727,15,28
8728,15,29
8729,15,28
8730,15,29
8731,15,31
8732,15,27
8733,15,29
8734,15,29
8735,15,28
8736,15,31
8737,15,29
8738,15,29
8739,15,28
8740,15,28
8741,15,32
8742,15,30
8743,15,30
8744,15,28
8745,15,30
8746,15,28
8747,15,31
8748,15,30
8749,15,28
8750,15,29
8751,15,29
8752,15,30
8753,15,28
8754,15,30
8755,15,29
8756,15,27
8757,15,30
8758,15,28
8759,15,29
8760,15,28
8761,15,29
8762,15,29
8763,15,29
8764,15,28
8765,15,28
8766,15,28
8767,15,29
8768,15,30
8769,15,30
8770,15,29
8771,15,29
8772,15,27
8773,15,29
8774,15,29
8775,15,28
8776,15,29
8777,15,31
8778,15,32
8779,15,31
8780,15,28
8781,15,28
8782,15,29
8783,15,30
8784,15,29
8785,15,30
8786,15,31
8787,15,32
8788,15,28
8789,15,30
8790,15,30
8791,15,28
8792,15,31
8793,15,31
8794,15,31
8795,15,28
8796,15,30
8797,15,29
8798,15,31
8799,15,29
8800,15,30
8801,15,30
8802,15,31
8803,15,30
8804,15,29
8805,15,28
8806,15,30
8807,15,28
8808,15,31
8809,15,27
8810,15,28
8811,15,29
8812,15,29
8813,15,30
8814,15,31
8815,15,29
8816,15,28
8817,15,30
8818,15,29
8819,15,30
8820,15,30
8821,15,29
8822,15,30
8823,15,30
8824,15,30
8825,15,28
8826,15,28
8827,15,28
8828,15,29
8829,15,30
8830,15,30
8831,15,28
8832,15,31
8833,15,31
8834,15,30
8835,15,28
8836,15,29
8837,15,30
8838,15,29
8839,15,28
8840,15,28
8841,15,28
8842,15,29
8843,15,30
8844,15,30
8845,15,31
8846,15,29
8847,15,30
8848,15,29
8849,15,29
8850,15,32
8851,15,30
8852,15,28
8853,15,28
8854,15,28
8855,15,29
8856,15,29
8857,15,28
8858,15,29
8859,15,28
8860,15,29
8861,15,30
8862,15,30
8863,15,29
8864,15,28
8865,15,29
8866,15,30
8867,15,28
8868,15,30
8869,15,31
8870,15,28
8871,15,29
8872,15,31
8873,15,30
8874,15,29
8875,15,30
8876,15,30
8877,15,30
8878,15,29
8879,15,32
8880,15,27
8881,15,28
8882,15,29
8883,15,31
8884,15,28
8885,15,31
8886,15,29
8887,15,30
8888,15,28
8889,15,30
8890,15,29
8891,15,31
8892,15,30
8893,15,29
8894,15,31
8895,15,30
8896,15,29
8897,15,29
8898,16,28
8899,15,28
8900,15,29
8901,15,28
8902,15,31
8903,15,32
8904,15,28
8905,15,29
8906,15,30
8907,15,28
8908,15,31
8909,15,29
8910,15,29
8911,15,30
8912,15,28
8913,15,30
8914,15,28
8915,15,27
8916,15,28
8917,15,29
8918,15,29
8919,15,30
8920,15,27
8921,15,29
8922,15,29
8923,15,28
8924,15,29
8925,15,30
8926,15,29
8927,15,29
8928,15,31
8929,15,30
8930,15,31
8931,15,29
8932,15,31
8933,15,29
8934,15,29
8935,15,29
8936,15,29
8937,15,30
8938,15,29
8939,15,30
8940,15,30
8941,15,29
8942,15,29
8943,15,31
8944,15,28
8945,15,29
8946,15,27
8947,15,29
8948,15,28
8949,15,29
8950,15,29
8951,15,29
8952,16,28
8953,15,29
8954,15,31
8955,15,31
8956,15,29
8957,15,29
8958,15,28
8959,15,29
8960,15,31
8961,15,30
8962,15,29
8963,15,32
8964,15,29
8965,15,30
8966,15,29
8967,15,28
8968,15,30
8969,15,29
8970,15,29
8971,15,29
8972,15,31
8973,15,28
8974,15,30
8975,15,29
8976,15,30
8977,15,28
8978,15,28
8979,15,27
8980,15,29
8981,15,30
8982,15,28
8983,15,29
8984,15,30
8985,15,30
8986,15,30
8987,15,31
8988,15,30
8989,15,30
8990,15,28
8991,15,29
8992,15,32
8993,15,28
8994,15,29
8995,15,27
8996,15,29
8997,15,28
8998,15,30
8999,15,30
9000,15,30
9001,15,30
9002,15,29
9003,15,29
9004,15,28
9005,15,30
9006,15,29
9007,15,30
9008,15,30
9009,15,32
9010,15,28
9011,15,29
9012,15,29
9013,15,30
9014,15,29
9015,15,30
9016,15,31
9017,15,32
9018,15,30
9019,16,30
9020,15,29
9021,15,29
9022,15,28
9023,15,30
9024,15,30
9025,15,29
9026,16,28
9027,15,29
9028,15,29
9029,15,28
9030,15,31
9031,15,27
9032,15,29
9033,15,29
9034,15,31
9035,15,29
9036,15,30
9037,15,29
9038,15,30
9039,15,29
9040,15,30
9041,15,29
9042,15,31
9043,15,30
9044,15,28
9045,15,30
9046,15,29
9047,16,28
9048,15,31
9049,15,28
9050,15,30
9051,15,28
9052,15,31
9053,15,30
9054,15,28
9055,15,28
9056,15,29
9057,15,28
9058,15,30
9059,15,31
9060,15,30
9061,15,29
9062,15,30
9063,16,30
9064,15,31
9065,15,29
9066,15,29
9067,15,31
9068,15,31
9069,15,31
9070,15,31
9071,15,28
9072,15,29
9073,15,28
9074,15,27
9075,15,32
9076,15,30
9077,15,31
9078,15,33
9079,15,28
9080,15,29
9081,16,31
9082,15,28
9083,15,29
9084,15,29
9085,15,30
9086,15,30
9087,15,27
9088,15,30
9089,15,30
9090,15,30
9091,15,29
9092,15,30
9093,15,29
9094,15,29
9095,15,31
9096,15,29
9097,15,28
9098,15,29
9099,15,29
9100,15,28
9101,15,29
9102,15,29
9103,15,30
9104,15,31
9105,15,29
9106,15,30
9107,16,28
9108,15,31
9109,15,29
9110,15,28
9111,15,29
9112,15,29
9113,15,28
9114,15,30
9115,15,32
9116,15,31
9117,15,28
9118,15,30
9119,15,28
9120,15,29
9121,15,27
9122,15,28
9123,15,33
9124,15,29
9125,15,31
9126,15,30
9127,15,30
9128,15,28
9129,15,29
9130,15,28
9131,15,32
9132,15,29
9133,15,30
9134,15,30
9135,15,31
9136,15,28
9137,15,32
9138,15,33
9139,15,28
9140,15,29
9141,15,32
9142,15,29
9143,15,29
9144,15,29
9145,15,28
9146,15,31
9147,15,29
9148,15,30
9149,15,29
9150,15,30
9151,15,28
9152,15,29
9153,15,29
9154,15,29
9155,15,28
9156,15,28
9157,15,31
9158,15,31
9159,16,29
9160,15,30
9161,15,29
9162,15,29
9163,15,28
9164,15,31
9165,15,29
9166,15,31
9167,15,30
9168,15,30
9169,15,28
9170,15,30
9171,16,30
9172,15,29
9173,15,30
9174,15,30
9175,15,30
9176,15,28
9177,15,30
9178,15,29
9179,15,28
9180,15,29
9181,15,33
9182,15,28
9183,15,28
9184,15,29
9185,15,31
9186,15,30
9187,15,30
9188,15,28
9189,15,30
9190,15,29
9191,15,28
9192,15,28
9193,15,33
9194,15,30
9195,15,30
9196,15,30
9197,15,27
9198,15,29
9199,15,29
9200,15,29
9201,15,29
9202,15,32
9203,15,28
9204,15,29
9205,15,28
9206,15,30
9207,15,30
9208,15,31
9209,15,30
9210,15,30
9211,15,33
9212,15,30
9213,15,29
9214,15,27
9215,15,30
9216,15,31
9217,15,29
9218,15,29
9219,15,29
9220,15,27
9221,15,30
9222,15,31
9223,15,28
9224,15,30
9225,15,32
9226,15,30
9227,15,27
9228,15,28
9229,15,29
9230,15,29
9231,15,31
9232,15,28
9233,15,31
9234,15,30
9235,15,30
9236,15,31
9237,15,28
9238,15,28
9239,15,30
9240,15,31
9241,15,30
9242,15,31
9243,15,29
9244,15,29
9245,15,29
9246,15,31
9247,15,30
9248,15,30
9249,15,27
9250,15,30
9251,15,31
9252,15,30
9253,15,30
9254,15,30
9255,15,30
9256,15,30
9257,15,30
9258,15,29
9259,15,31
9260,15,31
9261,15,28
9262,15,29
9263,15,30
9264,15,29
9265,16,32
9266,15,28
9267,15,28
9268,15,29
9269,15,31
9270,15,29
9271,15,27
9272,15,29
9273,15,29
9274,15,30
9275,15,29
9276,15,30
9277,15,28
9278,15,29
9279,15,30
9280,15,29
9281,15,31
9282,15,30
9283,15,29
9284,15,30
9285,15,29
9286,15,29
9287,15,28
9288,15,29
9289,16,29
9290,15,30
9291,15,29
9292,15,30
9293,15,31
9294,15,28
9295,15,28
9296,15,30
9297,15,29
9298,15,29
9299,15,30
9300,15,31
9301,15,31
9302,15,30
9303,15,31
9304,15,29
9305,15,31
9306,15,30
9307,15,30
9308,15,32
9309,15,30
9310,15,30
9311,15,29
9312,15,28
9313,15,29
9314,15,31
9315,15,30
9316,15,30
9317,15,30
9318,15,31
9319,15,30
9320,15,29
9321,15,31
9322,15,29
9323,15,30
9324,15,31
9325,16,28
9326,15,30
9327,15,31
9328,15,30
9329,15,28
9330,15,33
9331,15,29
9332,15,29
9333,15,31
9334,15,31
9335,15,32
9336,15,30
9337,15,30
9338,15,29
9339,15,28
9340,15,30
9341,15,31
9342,15,32
9343,15,29
9344,15,30
9345,15,31
9346,15,29
9347,15,32
9348,15,30
9349,15,30
9350,15,28
9351,15,32
9352,15,29
9353,15,30
9354,15,28
9355,15,30
9356,15,31
9357,15,29
9358,15,30
9359,15,29
9360,15,29
9361,15,30
9362,15,30
9363,15,29
9364,15,31
9365,15,29
9366,15,31
9367,15,29
9368,15,28
9369,15,31
9370,15,31
9371,15,32
9372,15,30
9373,15,29
9374,15,30
9375,15,29
9376,15,29
9377,15,29
9378,15,28
9379,15,28
9380,15,30
9381,15,29
9382,15,28
9383,15,31
9384,15,28
9385,15,32
9386,15,28
9387,15,30
9388,15,30
9389,15,29
9390,15,28
9391,15,31
9392,15,31
9393,15,28
9394,15,30
9395,15,31
9396,16,30
9397,15,31
9398,15,29
9399,15,28
9400,15,31
9401,15,31
9402,15,30
9403,15,30
9404,15,30
9405,15,28
9406,15,30
9407,15,30
9408,15,29
9409,15,27
9410,16,29
9411,15,30
9412,15,29
9413,15,28
9414,15,29
9415,15,28
9416,15,31
9417,15,28
9418,15,30
9419,15,30
9420,15,28
9421,15,30
9422,15,28
9423,15,31
9424,15,30
9425,15,30
9426,15,28
9427,15,31
9428,15,30
9429,15,30
9430,15,30
9431,15,29
9432,15,29
9433,15,31
9434,15,30
9435,15,30
9436,15,30
9437,15,29
9438,15,29
9439,15,31
9440,15,28
9441,15,30
9442,15,31
9443,15,32
9444,15,28
9445,15,29
9446,15,32
9447,15,29
9448,15,30
9449,15,29
9450,15,31
9451,15,29
9452,15,29
9453,15,27
9454,15,28
9455,15,30
9456,15,30
9457,15,27
9458,15,29
9459,15,30
9460,15,29
9461,15,28
9462,15,30
9463,15,31
9464,15,33
9465,15,29
9466,15,32
9467,15,30
9468,15,31
9469,15,30
9470,15,29
9471,15,32
9472,15,30
9473,15,31
9474,15,29
9475,15,31
9476,15,30
9477,15,30
9478,15,29
9479,15,30
9480,15,29
9481,15,31
9482,15,31
9483,15,30
9484,15,29
9485,15,30
9486,15,29
9487,15,30
9488,15,29
9489,15,29
9490,15,32
9491,15,30
9492,15,32
9493,15,29
9494,15,28
9495,16,31
9496,15,31
9497,15,28
9498,15,31
9499,15,27
9500,15,31
9501,15,27
9502,15,32
9503,15,31
9504,15,29
9505,15,28
9506,15,28
9507,15,29
9508,15,31
9509,15,28
9510,15,28
9511,15,29
9512,15,30
9513,15,28
9514,15,30
9515,15,28
9516,15,29
9517,15,28
9518,15,32
9519,15,30
9520,15,29
9521,15,28
9522,15,30
9523,15,29
9524,15,30
9525,15,32
9526,15,29
9527,15,28
9528,15,30
9529,15,30
9530,15,32
9531,15,30
9532,15,31
9533,15,32
9534,15,29
9535,15,31
9536,15,29
9537,15,30
9538,15,29
9539,15,28
9540,15,29
9541,15,29
9542,15,28
9543,15,29
9544,15,28
9545,15,28
9546,15,29
9547,15,29
9548,15,29
9549,15,31
9550,15,30
9551,15,28
9552,15,31
9553,15,29
9554,15,29
9555,15,29
9556,15,31
9557,15,29
9558,15,31
9559,15,30
9560,15,29
9561,15,31
9562,15,28
9563,15,29
9564,15,28
9565,15,30
9566,15,29
9567,15,30
9568,15,30
9569,15,30
9570,15,31
9571,15,30
9572,15,30
9573,15,30
9574,15,31
9575,15,30
9576,15,32
9577,15,30
9578,15,30
9579,15,30
9580,15,30
9581,15,27
9582,15,29
9583,15,30
9584,15,29
9585,15,27
9586,15,30
9587,15,32
9588,15,29
9589,15,29
9590,15,32
9591,15,29
9592,15,31
9593,15,31
9594,15,28
9595,15,30
9596,15,31
9597,15,29
9598,15,28
9599,15,28
9600,15,29
9601,15,29
9602,15,31
9603,15,32
9604,15,31
9605,15,29
9606,15,30
9607,15,30
9608,15,29
9609,15,28
9610,15,31
9611,15,29
9612,15,31
9613,15,30
9614,15,30
9615,15,29
9616,15,30
9617,15,30
9618,15,27
9619,15,30
9620,15,30
9621,16,29
9622,15,29
9623,15,31
9624,15,29
9625,15,29
9626,15,30
9627,15,32
9628,15,31
9629,15,31
9630,15,29
9631,15,31
9632,16,30
9633,15,29
9634,15,30
9635,15,28
9636,15,30
9637,15,31
9638,15,30
9639,15,30
9640,15,30
9641,15,31
9642,15,29
9643,15,31
9644,15,30
9645,15,30
9646,15,31
9647,15,28
9648,15,29
9649,15,32
9650,15,29
9651,15,29
9652,16,32
9653,15,29
9654,15,29
9655,15,30
9656,15,28
9657,15,30
9658,15,31
9659,15,31
9660,15,30
9661,15,31
9662,15,33
9663,15,28
9664,15,30
9665,15,29
9666,15,29
9667,15,31
9668,15,32
9669,15,29
9670,16,31
9671,15,30
9672,15,29
9673,15,30
9674,15,30
9675,15,31
9676,15,32
9677,15,30
9678,15,30
9679,15,30
9680,16,30
9681,15,30
9682,15,29
9683,15,31
9684,15,30
9685,16,31
9686,15,32
9687,15,31
9688,16,28
9689,15,29
9690,16,29
9691,15,31
9692,15,28
9693,15,28
9694,16,32
9695,15,31
9696,15,30
9697,15,30
9698,15,29
9699,15,29
9700,15,30
9701,15,30
9702,15,30
9703,15,28
9704,15,32
9705,15,29
9706,15,31
9707,15,30
9708,15,30
9709,15,31
9710,15,29
9711,15,28
9712,16,30
9713,15,30
9714,15,30
9715,16,28
9716,15,30
9717,15,30
9718,15,30
9719,15,30
9720,15,30
9721,16,29
9722,15,29
9723,15,29
9724,15,30
9725,15,29
9726,15,30
9727,16,30
9728,16,31
9729,15,29
9730,15,30
9731,15,29
9732,16,31
9733,15,29
9734,15,30
9735,15,29
9736,15,29
9737,16,31
9738,15,28
9739,15,30
9740,15,31
9741,15,30
9742,15,30
9743,15,31
9744,15,30
9745,15,28
9746,16,28
9747,15,32
9748,15,29
9749,16,31
9750,15,31
9751,15,30
9752,15,30
9753,15,29
9754,15,30
9755,15,29
9756,15,28
9757,15,32
9758,15,30
9759,16,30
9760,15,30
9761,15,29
9762,15,31
9763,15,29
9764,16,33
9765,15,32
9766,16,30
9767,15,29
9768,16,29
9769,15,30
9770,15,29
9771,15,29
9772,15,30
9773,15,29
9774,15,29
9775,15,33
9776,15,31
9777,15,30
9778,15,29
9779,15,32
9780,15,30
9781,15,29
9782,15,31
9783,15,30
9784,15,30
9785,15,30
9786,15,30
9787,15,30
9788,15,31
9789,15,29
9790,15,31
9791,15,30
9792,15,33
9793,15,29
9794,15,28
9795,15,29
9796,15,31
9797,15,32
9798,15,31
9799,15,31
9800,16,31
9801,15,28
9802,15,30
9803,15,30
9804,16,29
9805,15,30
9806,16,28
9807,15,30
9808,15,31
9809,15,29
9810,15,30
9811,15,31
9812,15,28
9813,15,30
9814,16,29
9815,15,29
9816,15,29
9817,15,29
9818,15,30
9819,15,30
9820,15,31
9821,15,30
9822,15,33
9823,16,29
9824,15,32
9825,15,30
9826,15,29
9827,15,31
9828,15,31
9829,15,31
9830,15,29
9831,15,31
9832,15,33
9833,15,29
9834,15,32
9835,15,33
9836,15,28
9837,15,29
9838,15,29
9839,15,29
9840,15,29
9841,16,31
9842,15,29
9843,15,31
9844,15,31
9845,15,31
9846,16,29
9847,15,29
9848,15,28
9849,15,32
9850,15,29
9851,15,29
9852,16,28
9853,15,33
9854,15,31
9855,15,28
9856,15,30
9857,15,32
9858,15,30
9859,15,29
9860,15,30
9861,15,30
9862,15,29
9863,15,32
9864,15,29
9865,15,28
9866,15,27
9867,15,30
9868,15,30
9869,15,32
9870,16,32
9871,15,29
9872,15,31
9873,15,30
9874,15,31
9875,16,29
9876,15,30
9877,15,30
9878,15,31
9879,15,29
9880,15,30
9881,15,31
9882,15,33
9883,15,30
9884,16,32
9885,15,27
9886,15,30
9887,15,30
9888,15,29
9889,15,30
9890,15,31
9891,15,29
9892,15,29
9893,15,30
9894,15,31
9895,15,28
9896,16,29
9897,15,31
9898,15,29
9899,15,31
9900,15,29
9901,15,31
9902,15,30
9903,16,30
9904,15,29
9905,15,29
9906,15,31
9907,15,31
9908,15,30
9909,15,29
9910,15,31
9911,15,29
9912,15,31
9913,15,29
9914,16,31
9915,15,30
9916,16,29
9917,15,31
9918,15,31
9919,15,31
9920,15,29
9921,15,31
9922,15,30
9923,15,28
9924,15,32
9925,15,31
9926,16,30
9927,15,29
9928,15,30
9929,15,30
9930,15,29
9931,15,29
9932,15,30
9933,15,29
9934,15,33
9935,15,30
9936,15,32
9937,15,30
9938,15,29
9939,15,30
9940,15,29
9941,15,29
9942,15,30
9943,16,31
9944,15,31
9945,15,31
9946,15,30
9947,15,30
9948,15,31
9949,16,29
9950,16,29
9951,15,30
9952,16,30
9953,15,30
9954,15,33
9955,15,31
9956,16,29
9957,15,29
9958,15,29
9959,15,30
9960,16,30
9961,15,30
9962,15,30
9963,15,29
9964,15,29
9965,15,30
9966,16,29
9967,15,28
9968,15,29
9969,15,29
9970,15,31
9971,15,28
9972,15,32
9973,15,28
9974,15,32
9975,15,33
9976,15,31
9977,15,30
9978,15,32
9979,16,29
9980,15,29
9981,16,30
9982,15,30
9983,15,29
9984,15,30
9985,16,29
9986,16,29
9987,15,31
9988,16,31
9989,15,29
9990,15,30
9991,15,30
9992,15,31
9993,16,29
9994,15,31
9995,15,30
9996,15,28
9997,15,30
9998,15,30
9999,15,32
10000,16,30
10001,16,29
10002,15,32
10003,15,29
10004,15,30
10005,16,30
10006,15,31
10007,15,29
10008,16,31
10009,15,29
10010,15,29
10011,15,30
10012,15,27
10013,15,28
10014,16,29
10015,15,28
10016,16,30
10017,16,30
10018,15,30
10019,16,29
10020,16,29
10021,15,30
10022,15,35
10023,15,29
10024,15,30
10025,15,29
10026,15,29
10027,15,29
10028,15,29
10029,15,30
10030,15,28
10031,15,30
10032,15,28
10033,16,28
10034,15,29
10035,15,30
10036,16,31
10037,15,30
10038,16,30
10039,15,30
10040,15,31
10041,15,29
10042,15,32
10043,15,28
10044,15,30
10045,15,29
10046,15,30
10047,15,31
10048,15,28
10049,15,29
10050,15,29
10051,15,30
10052,15,32
10053,15,30
10054,16,30
10055,16,30
10056,15,30
10057,15,30
10058,15,29
10059,15,29
10060,15,29
10061,15,31
10062,15,30
10063,15,31
10064,15,29
10065,16,33
10066,15,28
10067,15,30
10068,15,28
10069,15,28
10070,16,29
10071,16,30
10072,16,30
10073,15,33
10074,15,29
10075,16,29
10076,15,32
10077,15,28
10078,16,29
10079,15,29
10080,16,30
10081,15,30
10082,16,31
10083,15,30
10084,16,30
10085,15,31
10086,15,28
10087,15,30
10088,16,31
10089,15,29
10090,15,30
10091,15,32
10092,15,31
10093,15,28
10094,15,29
10095,16,30
10096,15,31
10097,15,33
10098,15,31
10099,15,29
10100,15,28
10101,15,31
10102,16,30
10103,15,35
10104,15,31
10105,16,30
10106,15,29
10107,16,31
10108,15,30
10109,16,31
10110,15,29
10111,15,28
10112,15,29
10113,15,30
10114,15,31
10115,16,31
10116,15,28
10117,15,30
10118,15,28
10119,15,30
10120,15,32
10121,15,31
10122,16,28
10123,16,32
10124,15,30
10125,15,30
10126,15,32
10127,15,30
10128,15,30
10129,15,30
10130,15,30
10131,15,32
10132,15,33
10133,15,29
10134,15,30
10135,16,29
10136,15,27
10137,15,28
10138,15,30
10139,15,29
10140,15,33
10141,15,31
10142,16,30
10143,15,30
10144,15,28
10145,15,31
10146,16,29
10147,15,33
10148,15,33
10149,16,29
10150,15,32
10151,15,31
10152,15,30
10153,15,29
10154,15,30
10155,15,31
10156,15,29
10157,15,29
10158,15,30
10159,15,29
10160,15,29
10161,16,30
10162,15,32
10163,16,31
10164,15,30
10165,15,30
10166,15,30
10167,16,28
10168,15,29
10169,15,29
10170,15,31
10171,16,30
10172,15,29
10173,15,30
10174,15,30
10175,15,31
10176,15,30
10177,15,30
10178,15,29
10179,16,32
10180,15,31
10181,15,30
10182,15,28
10183,15,29
10184,15,29
10185,15,28
10186,15,29
10187,15,29
10188,15,30
10189,16,29
10190,16,29
10191,16,28
10192,16,31
10193,15,28
10194,15,29
10195,16,29
10196,15,29
10197,16,30
10198,16,31
10199,15,30
10200,15,32
10201,15,29
10202,15,31
10203,15,30
10204,15,29
10205,15,28
10206,16,29
10207,15,29
10208,15,31
10209,16,32
10210,15,32
10211,15,31
10212,16,30
10213,16,31
10214,15,30
10215,15,29
10216,15,29
10217,15,28
10218,15,30
10219,16,32
10220,15,32
10221,16,30
10222,16,29
10223,15,30
10224,15,27
10225,16,31
10226,15,31
10227,15,29
10228,16,29
10229,15,30
10230,15,31
10231,16,29
10232,15,29
10233,15,29
10234,15,30
10235,15,29
10236,15,30
10237,16,29
10238,16,30
10239,15,29
10240,15,30
10241,16,30
10242,15,30
10243,15,31
10244,15,30
10245,15,31
10246,16,33
10247,15,30
10248,16,28
10249,15,31
10250,15,28
10251,15,30
10252,15,32
10253,16,29
10254,15,29
10255,15,30
10256,16,35
10257,16,31
10258,15,31
10259,16,34
10260,15,30
10261,15,30
10262,15,29
10263,15,30
10264,15,32
10265,15,30
10266,15,29
10267,15,31
10268,16,30
10269,15,30
10270,15,30
10271,16,29
10272,16,31
10273,16,30
10274,15,30
10275,15,30
10276,15,30
10277,15,32
10278,15,31
10279,16,27
10280,15,31
10281,16,34
10282,15,31
10283,16,30
10284,15,28
10285,16,31
10286,16,33
10287,15,32
10288,15,29
10289,16,31
10290,15,32
10291,15,29
10292,15,30
10293,15,30
10294,15,30
10295,15,30
10296,15,30
10297,15,31
10298,15,29
10299,15,30
10300,16,29
10301,16,31
10302,15,30
10303,15,28
10304,15,30
10305,16,30
10306,15,31
10307,15,31
10308,15,30
10309,16,30
10310,16,31
10311,15,30
10312,15,29
10313,16,30
10314,15,29
10315,16,31
10316,15,29
10317,15,28
10318,16,28
10319,15,31
10320,15,31
10321,15,31
10322,15,31
10323,16,29
10324,16,33
10325,15,30
10326,15,31
10327,15,30
10328,15,30
10329,16,29
10330,16,30
10331,15,30
10332,15,31
10333,15,30
10334,16,29
10335,16,30
10336,16,30
10337,15,29
10338,15,30
10339,15,29
10340,15,30
10341,15,31
10342,15,31
10343,15,29
10344,15,32
10345,15,29
10346,16,30
10347,16,30
10348,15,32
10349,15,29
10350,15,29
10351,15,33
10352,16,30
10353,15,30
10354,15,30
10355,15,29
10356,15,31
10357,15,30
10358,16,31
10359,15,28
10360,15,28
10361,15,29
10362,15,30
10363,16,29
10364,15,31
10365,15,30
10366,16,29
10367,15,29
10368,15,29
10369,15,30
10370,15,30
10371,15,31
10372,15,30
10373,15,30
10374,15,31
10375,15,30
10376,15,29
10377,15,30
10378,16,30
10379,15,30
10380,15,31
10381,16,31
10382,15,30
10383,15,31
10384,16,31
10385,15,31
10386,16,30
10387,15,29
10388,15,31
10389,15,29
10390,16,28
10391,16,28
10392,15,28
10393,16,31
10394,16,29
10395,16,32
10396,15,30
10397,16,30
10398,16,31
10399,15,28
10400,16,31
10401,15,30
10402,15,31
10403,15,28
10404,16,31
10405,16,30
10406,15,31
10407,15,28
10408,15,30
10409,15,32
10410,15,30
10411,15,32
10412,15,32
10413,15,29
10414,16,30
10415,16,30
10416,15,30
10417,16,29
10418,15,30
10419,16,33
10420,16,29
10421,15,30
10422,16,29
10423,15,30
10424,15,29
10425,15,31
10426,15,36
10427,16,31
10428,15,29
10429,15,29
10430,16,30
10431,15,31
10432,16,30
10433,16,30
10434,16,31
10435,15,31
10436,16,29
10437,15,32
10438,15,29
10439,15,31
10440,15,31
10441,15,29
10442,15,29
10443,15,30
10444,16,30
10445,15,29
10446,15,29
10447,16,31
10448,16,29
10449,15,30
10450,15,28
10451,16,30
10452,15,30
10453,15,32
10454,15,31
10455,16,29
10456,15,30
10457,16,31
10458,16,30
10459,15,30
10460,15,28
10461,15,30
10462,16,29
10463,16,29
10464,15,30
10465,15,30
10466,15,31
10467,15,30
10468,16,31
10469,15,29
10470,16,29
10471,15,31
10472,16,30
10473,16,31
10474,15,30
10475,15,29
10476,16,31
10477,15,30
10478,16,31
10479,15,29
10480,16,32
10481,15,33
10482,15,30
10483,16,32
10484,16,31
10485,16,29
10486,16,32
10487,15,31
10488,16,29
10489,15,32
10490,15,30
10491,16,30
10492,15,35
10493,15,29
10494,15,29
10495,16,28
10496,15,30
10497,15,30
10498,15,31
10499,16,30
10500,15,31
10501,16,30
10502,16,30
10503,15,30
10504,16,30
10505,16,30
10506,16,31
10507,16,30
10508,15,31
10509,16,30
10510,15,28
10511,16,29
10512,16,30
10513,16,30
10514,15,28
10515,15,32
10516,16,30
10517,15,29
10518,15,30
10519,16,31
10520,16,31
10521,15,30
10522,15,29
10523,16,28
10524,16,28
10525,15,30
10526,15,29
10527,16,30
10528,16,30
10529,15,30
10530,15,30
10531,16,29
10532,16,30
10533,15,31
10534,15,30
10535,16,32
10536,15,30
10537,16,29
10538,15,30
10539,15,30
10540,15,30
10541,15,31
10542,15,30
10543,16,33
10544,16,30
10545,16,30
10546,15,31
10547,15,31
10548,16,29
10549,15,31
10550,15,29
10551,16,30
10552,16,31
10553,15,30
10554,15,32
10555,15,30
10556,16,30
10557,16,33
10558,15,30
10559,15,31
10560,16,30
10561,15,31
10562,15,31
10563,15,32
10564,16,29
10565,16,30
10566,15,31
10567,15,32
10568,15,31
10569,15,30
10570,15,30
10571,16,30
10572,16,29
10573,15,30
10574,15,31
10575,15,30
10576,16,32
10577,15,29
10578,15,29
10579,15,29
10580,15,30
10581,16,32
10582,16,29
10583,16,31
10584,15,31
10585,16,29
10586,15,30
10587,15,29
10588,15,29
10589,15,29
10590,16,30
10591,15,28
10592,16,32
10593,15,31
10594,15,30
10595,15,29
10596,15,29
10597,15,31
10598,15,29
10599,15,32
10600,15,29
10601,16,31
10602,15,30
10603,16,31
10604,16,29
10605,16,30
10606,16,27
10607,15,30
10608,16,30
10609,15,30
10610,16,30
10611,15,31
10612,16,31
10613,16,29
10614,15,30
10615,15,32
10616,15,30
10617,15,29
10618,16,30
10619,16,30
10620,15,29
10621,15,30
10622,16,30
10623,15,30
10624,15,30
10625,16,30
10626,16,30
10627,15,29
10628,15,32
10629,15,31
10630,15,30
10631,16,31
10632,16,33
10633,15,29
10634,15,29
10635,15,30
10636,15,31
10637,15,30
10638,16,30
10639,16,29
10640,16,30
10641,15,31
10642,15,31
10643,16,31
10644,15,30
10645,16,31
10646,16,29
10647,16,29
10648,15,30
10649,15,29
10650,15,30
10651,15,31
10652,15,30
10653,15,29
10654,15,30
10655,15,29
10656,15,29
10657,16,31
10658,15,29
10659,16,32
10660,15,33
10661,16,31
10662,16,31
10663,16,29
10664,15,29
10665,16,29
10666,15,30
10667,15,28
10668,15,31
10669,15,30
10670,16,30
10671,16,32
10672,15,30
10673,15,31
10674,15,31
10675,16,30
10676,15,29
10677,15,31
10678,15,29
10679,15,31
10680,15,31
10681,16,31
10682,16,31
10683,16,30
10684,16,32
10685,15,28
10686,16,31
10687,16,30
10688,16,29
10689,15,30
10690,16,31
10691,16,29
10692,16,30
10693,16,29
10694,15,33
10695,16,31
10696,15,28
10697,15,30
10698,15,31
10699,16,30
10700,16,30
10701,15,30
10702,16,30
10703,15,28
10704,15,29
10705,16,31
10706,15,30
10707,15,30
10708,15,29
10709,15,30
10710,15,30
10711,16,31
10712,15,29
10713,16,29
10714,15,32
10715,15,28
10716,16,32
10717,15,27
10718,16,31
10719,16,29
10720,15,31
10721,16,29
10722,16,31
10723,16,30
10724,16,30
10725,15,32
10726,15,32
10727,15,30
10728,16,29
10729,15,29
10730,15,31
10731,15,32
10732,16,31
10733,16,29
10734,15,31
10735,15,29
10736,15,29
10737,16,28
10738,15,31
10739,16,30
10740,16,31
10741,15,28
10742,16,32
10743,16,32
10744,15,31
10745,16,30
10746,15,29
10747,16,28
10748,16,31
10749,16,29
10750,16,28
10751,16,30
10752,16,29
10753,15,30
10754,16,29
10755,16,31
10756,15,30
10757,16,30
10758,15,31
10759,16,30
10760,15,29
10761,15,31
10762,16,30
10763,16,30
10764,15,30
10765,15,29
10766,16,31
10767,16,28
10768,16,30
10769,16,29
10770,16,30
10771,15,30
10772,15,30
10773,16,31
10774,15,30
10775,15,31
10776,15,30
10777,15,32
10778,15,28
10779,16,30
10780,15,30
10781,15,31
10782,15,31
10783,15,29
10784,15,32
10785,15,32
10786,16,32
10787,16,29
10788,15,30
10789,15,30
10790,16,30
10791,16,31
10792,16,30
10793,15,29
10794,15,30
10795,15,30
10796,15,30
10797,16,29
10798,16,31
10799,15,29
10800,16,29
10801,15,30
10802,16,31
10803,15,30
10804,16,31
10805,15,33
10806,15,29
10807,16,30
10808,16,32
10809,15,30
10810,15,29
10811,16,31
10812,15,29
10813,16,29
10814,16,32
10815,16,29
10816,16,30
10817,15,33
10818,16,30
10819,16,29
10820,15,28
10821,16,30
10822,16,30
10823,16,29
10824,15,32
10825,15,31
10826,16,29
10827,15,30
10828,15,30
10829,15,31
10830,16,30
10831,16,29
10832,16,31
10833,15,30
10834,16,29
10835,16,29
10836,16,29
10837,15,28
10838,16,30
10839,16,31
10840,15,31
10841,15,30
10842,16,28
10843,15,31
10844,16,29
10845,16,30
10846,16,29
10847,15,29
10848,16,30
10849,16,31
10850,15,30
10851,15,30
10852,15,31
10853,16,29
10854,16,29
10855,15,29
10856,15,30
10857,16,30
10858,16,30
10859,15,31
10860,16,31
10861,16,30
10862,15,29
10863,16,30
10864,15,30
10865,16,29
10866,15,31
10867,15,30
10868,16,28
10869,15,31
10870,15,32
10871,16,30
10872,16,29
10873,15,32
10874,16,31
10875,15,31
10876,15,30
10877,15,33
10878,16,31
10879,15,30
10880,15,29
10881,16,29
10882,16,32
10883,16,31
10884,16,31
10885,16,32
10886,16,29
10887,15,30
10888,16,32
10889,16,31
10890,16,30
10891,15,30
10892,16,30
10893,15,29
10894,15,31
10895,15,30
10896,15,30
10897,16,30
10898,16,29
10899,16,29
10900,16,30
10901,15,32
10902,15,28
10903,15,31
10904,16,30
10905,15,31
10906,15,30
10907,15,29
10908,16,33
10909,15,32
10910,16,29
10911,16,28
10912,16,29
10913,16,30
10914,16,30
10915,16,30
10916,15,30
10917,16,31
10918,16,32
10919,15,31
10920,16,31
10921,15,30
10922,16,34
10923,16,30
10924,16,32
10925,16,30
10926,16,29
10927,16,30
10928,15,31
10929,16,28
10930,15,29
10931,16,29
10932,15,31
10933,16,31
10934,16,30
10935,16,30
10936,16,29
10937,15,29
10938,16,30
10939,16,30
10940,15,29
10941,16,30
10942,16,33
10943,16,30
10944,15,29
10945,15,29
10946,16,30
10947,15,30
10948,16,31
10949,16,31
10950,15,30
10951,16,31
10952,16,31
10953,16,29
10954,16,30
10955,16,30
10956,16,30
10957,16,30
10958,16,29
10959,15,29
10960,16,29
10961,16,29
10962,16,31
10963,15,30
10964,16,28
10965,15,32
10966,15,33
10967,16,31
10968,16,32
10969,15,30
10970,15,31
10971,15,30
10972,16,32
10973,16,31
10974,15,29
10975,16,30
10976,16,31
10977,16,30
10978,16,30
10979,15,32
10980,15,33
10981,16,32
10982,15,30
10983,16,28
10984,16,30
10985,16,30
10986,16,30
10987,16,33
10988,16,31
10989,16,29
10990,16,29
10991,15,29
10992,15,30
10993,15,29
10994,16,30
10995,16,29
10996,16,31
10997,15,31
10998,16,30
10999,15,29
11000,16,31
11001,16,30
11002,15,29
11003,15,30
11004,15,29
11005,16,31
11006,16,29
11007,15,29
11008,15,30
11009,16,30
11010,16,30
11011,15,31
11012,16,32
11013,16,30
11014,16,30
11015,15,31
11016,15,29
11017,16,30
11018,15,32
11019,15,30
11020,16,30
11021,15,30
11022,16,28
11023,15,30
11024,16,32
11025,16,34
11026,16,33
11027,16,30
11028,15,30
11029,15,29
11030,16,30
11031,16,28
11032,15,30
11033,15,32
11034,16,32
11035,16,30
11036,15,31
11037,16,31
11038,16,29
11039,15,30
11040,16,30
11041,16,30
11042,15,28
11043,16,30
11044,16,30
11045,16,33
11046,16,30
11047,16,29
11048,16,31
11049,16,31
11050,16,32
11051,16,30
11052,15,32
11053,16,32
11054,15,29
11055,15,30
11056,16,30
11057,16,30
11058,15,29
11059,15,30
11060,15,31
11061,16,31
11062,16,29
11063,16,29
11064,16,29
11065,15,31
11066,15,32
11067,16,28
11068,16,30
11069,15,30
11070,15,31
11071,16,31
11072,15,31
11073,15,31
11074,16,30
11075,16,31
11076,16,30
11077,15,30
11078,16,35
11079,16,31
11080,15,31
11081,16,30
11082,16,31
11083,15,30
11084,15,29
11085,15,30
11086,15,30
11087,15,31
11088,16,30
11089,16,29
11090,15,30
11091,16,32
11092,16,31
11093,16,29
11094,16,30
11095,15,30
11096,16,31
11097,15,31
11098,15,31
11099,15,30
11100,16,33
11101,16,29
11102,15,30
11103,16,30
11104,15,33
11105,16,32
11106,16,30
11107,15,30
11108,16,31
11109,16,33
11110,15,30
11111,16,31
11112,16,31
11113,16,29
11114,16,31
11115,16,33
11116,15,32
11117,16,31
11118,16,30
11119,15,30
11120,16,28
11121,16,29
11122,16,30
11123,16,30
11124,16,31
11125,16,34
11126,15,30
11127,16,28
11128,15,29
11129,16,32
11130,16,31
11131,15,30
11132,15,30
11133,16,30
11134,15,30
11135,16,31
11136,16,29
11137,15,31
11138,16,31
11139,16,30
11140,16,31
11141,16,32
11142,16,31
11143,16,31
11144,16,28
11145,16,32
11146,16,30
11147,16,31
11148,16,30
11149,16,30
11150,16,30
11151,16,33
11152,16,30
11153,16,29
11154,16,30
11155,16,30
11156,16,31
11157,15,29
11158,16,31
11159,16,29
11160,16,30
11161,16,30
11162,15,30
11163,15,33
11164,16,30
11165,16,29
11166,16,29
11167,16,32
11168,16,30
11169,16,31
11170,16,33
11171,15,31
11172,16,32
11173,16,31
11174,15,29
11175,15,30
11176,16,32
11177,15,31
11178,16,31
11179,16,31
11180,16,31
11181,16,31
11182,16,30
11183,16,30
11184,16,29
11185,15,31
11186,16,29
11187,16,31
11188,16,31
11189,16,32
11190,16,32
11191,15,30
11192,16,31
11193,15,30
11194,16,28
11195,16,31
11196,16,30
11197,15,28
11198,16,31
11199,16,30
11200,16,29
11201,16,32
11202,16,30
11203,16,29
11204,16,30
11205,16,34
11206,15,29
11207,16,32
11208,16,28
11209,16,30
11210,15,31
11211,16,31
11212,16,31
11213,16,30
11214,16,28
11215,15,30
11216,16,31
11217,16,30
11218,16,30
11219,16,29
11220,15,30
11221,16,31
11222,16,31
11223,15,30
11224,15,31
11225,15,31
11226,16,29
11227,16,30
11228,16,30
11229,15,30
11230,16,30
11231,16,32
11232,16,34
11233,16,30
11234,15,33
11235,16,31
11236,16,30
11237,16,30
11238,16,30
11239,16,30
11240,16,31
11241,15,30
11242,15,30
11243,15,30
11244,16,29
11245,16,30
11246,16,30
11247,16,31
11248,16,30
11249,16,31
11250,16,30
11251,16,34
11252,16,31
11253,15,31
11254,16,31
11255,16,30
11256,15,31
11257,16,32
11258,16,31
11259,16,32
11260,16,29
11261,16,32
11262,16,31
11263,16,29
11264,16,29
11265,16,30
11266,16,29
11267,16,30
11268,16,30
11269,16,30
11270,16,29
11271,16,31
11272,16,29
11273,16,32
11274,16,31
11275,15,30
11276,15,31
11277,16,33
11278,16,31
11279,16,29
11280,16,30
11281,16,30
11282,16,32
11283,16,30
11284,16,30
11285,16,31
11286,16,30
11287,15,30
11288,16,30
11289,16,31
11290,16,28
11291,15,28
11292,15,30
11293,16,30
11294,16,29
11295,16,31
11296,16,28
11297,16,29
11298,16,31
11299,16,31
11300,15,31
11301,15,30
11302,16,31
11303,16,31
11304,16,29
11305,16,31
11306,16,31
11307,16,31
11308,16,30
11309,16,29
11310,16,30
11311,16,29
11312,16,32
11313,16,29
11314,16,29
11315,16,31
11316,16,30
11317,16,30
11318,16,30
11319,16,31
11320,15,31
11321,16,32
11322,16,32
11323,15,29
11324,15,32
11325,16,30
11326,16,31
11327,16,31
11328,16,30
11329,16,29
11330,16,31
11331,16,29
11332,16,29
11333,16,30
11334,16,30
11335,16,29
11336,16,31
11337,16,29
11338,16,30
11339,16,31
11340,16,30
11341,16,32
11342,15,30
11343,16,30
11344,16,30
11345,16,29
11346,16,31
11347,16,32
11348,16,30
11349,16,29
11350,15,31
11351,15,30
11352,15,31
11353,16,31
11354,16,31
11355,15,29
11356,16,30
11357,16,30
11358,15,30
11359,16,31
11360,16,32
11361,16,29
11362,16,30
11363,16,31
11364,16,30
11365,16,31
11366,16,30
11367,16,30
11368,16,30
11369,16,32
11370,16,30
11371,16,32
11372,16,32
11373,16,30
11374,16,29
11375,16,32
11376,16,31
11377,16,30
11378,16,30
11379,16,30
11380,16,30
11381,16,31
11382,16,31
11383,15,31
11384,15,29
11385,16,32
11386,16,30
11387,16,31
11388,16,29
11389,16,32
11390,16,31
11391,16,30
11392,16,30
11393,15,30
11394,16,33
11395,16,31
11396,16,30
11397,16,31
11398,16,28
11399,16,30
11400,16,30
11401,16,31
11402,16,31
11403,16,31
11404,16,31
11405,16,30
11406,16,31
11407,16,30
11408,16,31
11409,16,31
11410,15,29
11411,16,31
11412,16,31
11413,16,30
11414,16,32
11415,15,30
11416,15,30
11417,15,31
11418,16,30
11419,16,33
11420,16,31
11421,16,30
11422,16,29
11423,16,31
11424,16,30
11425,16,29
11426,16,29
11427,16,29
11428,16,32
11429,16,32
11430,16,30
11431,16,29
11432,15,30
11433,16,29
11434,15,29
11435,16,29
11436,16,29
11437,15,31
11438,16,31
11439,16,30
11440,16,30
11441,16,29
11442,16,31
11443,16,30
11444,15,30
11445,15,30
11446,15,30
11447,16,31
11448,16,29
11449,16,30
11450,15,30
11451,16,31
11452,16,31
11453,16,31
11454,16,29
11455,15,32
11456,15,30
11457,16,32
11458,16,30
11459,16,28
11460,16,29
11461,15,29
11462,16,31
11463,15,32
11464,16,30
11465,16,31
11466,16,31
11467,16,30
11468,16,31
11469,16,31
11470,16,29
11471,16,31
11472,16,31
11473,16,30
11474,15,34
11475,16,32
11476,16,31
11477,16,29
11478,16,31
11479,16,33
11480,16,29
11481,16,31
11482,16,31
11483,16,29
11484,16,31
11485,15,31
11486,16,30
11487,16,31
11488,16,30
11489,16,32
11490,15,31
11491,16,30
11492,16,30
11493,16,32
11494,16,32
11495,16,31
11496,16,30
11497,16,32
11498,16,28
11499,15,29
11500,15,30
11501,16,31
11502,16,29
11503,16,31
11504,16,30
11505,16,32
11506,16,31
11507,15,31
11508,16,30
11509,16,32
11510,16,33
11511,16,29
11512,16,30
11513,15,29
11514,16,31
11515,16,30
11516,16,31
11517,16,30
11518,16,28
11519,16,30
11520,16,30
11521,16,32
11522,16,33
11523,16,32
11524,16,31
11525,16,29
11526,16,29
11527,16,29
11528,15,32
11529,16,29
11530,15,30
11531,16,31
11532,16,33
11533,16,31
11534,16,31
11535,16,32
11536,16,31
11537,16,30
11538,16,33
11539,16,33
11540,16,29
11541,16,32
11542,16,30
11543,16,30
11544,16,29
11545,16,30
11546,16,32
11547,16,32
11548,16,31
11549,15,30
11550,16,31
11551,16,29
11552,16,31
11553,16,29
11554,16,30
11555,16,32
11556,16,30
11557,16,30
11558,16,31
11559,16,31
11560,16,30
11561,16,31
11562,16,30
11563,15,31
11564,15,28
11565,16,30
11566,16,30
11567,16,30
11568,16,28
11569,16,29
11570,16,31
11571,15,29
11572,16,31
11573,15,31
11574,16,30
11575,16,29
11576,16,32
11577,16,29
11578,16,31
11579,15,32
11580,16,31
11581,16,29
11582,16,30
11583,15,30
11584,15,31
11585,16,31
11586,15,31
11587,16,31
11588,16,29
11589,16,31
11590,16,31
11591,16,30
11592,16,32
11593,16,30
11594,16,29
11595,15,31
11596,16,29
11597,16,30
11598,16,29
11599,16,30
11600,15,30
11601,16,30
11602,16,29
11603,16,30
11604,16,30
11605,16,30
11606,16,29
11607,16,31
11608,16,32
11609,16,29
11610,16,30
11611,16,30
11612,16,29
11613,16,31
11614,16,32
11615,16,32
11616,16,31
11617,15,30
11618,16,30
11619,16,30
11620,16,33
11621,16,32
11622,16,34
11623,16,31
11624,16,31
11625,16,29
11626,16,29
11627,16,33
11628,16,30
11629,16,29
11630,16,33
11631,16,30
11632,16,31
11633,16,31
11634,16,33
11635,16,30
11636,16,29
11637,15,29
11638,16,30
11639,16,31
11640,16,29
11641,16,29
11642,16,29
11643,16,30
11644,16,31
11645,15,31
11646,16,31
11647,16,30
11648,16,30
11649,16,30
11650,16,30
11651,16,30
11652,16,30
11653,15,31
11654,16,29
11655,16,33
11656,15,30
11657,16,31
11658,16,31
11659,16,31
11660,16,31
11661,16,32
11662,16,29
11663,16,29
11664,16,30
11665,16,32
11666,16,30
11667,16,31
11668,16,31
11669,16,28
11670,15,30
11671,16,31
11672,16,29
11673,16,31
11674,16,31
11675,15,33
11676,16,32
11677,16,32
11678,16,30
11679,16,30
11680,16,33
11681,16,31
11682,16,33
11683,16,29
11684,16,32
11685,16,31
11686,16,30
11687,15,31
11688,16,33
11689,16,32
11690,16,29
11691,16,31
11692,16,29
11693,16,32
11694,16,28
11695,16,30
11696,16,31
11697,16,30
11698,16,29
11699,16,30
11700,16,31
11701,16,31
11702,16,33
11703,16,29
11704,15,30
11705,16,33
11706,16,30
11707,16,28
11708,16,29
11709,16,29
11710,16,31
11711,16,34
11712,15,31
11713,16,30
11714,16,33
11715,15,30
11716,16,32
11717,16,29
11718,16,30
11719,16,31
11720,16,32
11721,16,30
11722,15,33
11723,16,28
11724,16,31
11725,15,29
11726,16,29
11727,16,29
11728,16,31
11729,16,30
11730,15,29
11731,16,29
11732,16,32
11733,16,31
11734,16,31
11735,16,31
11736,16,31
11737,16,30
11738,16,31
11739,16,31
11740,16,30
11741,16,30
11742,16,31
11743,16,32
11744,16,29
11745,16,30
11746,16,32
11747,16,31
11748,16,33
11749,16,29
11750,16,30
11751,16,33
11752,15,29
11753,16,31
11754,15,30
11755,16,29
11756,16,30
11757,16,29
11758,16,32
11759,16,30
11760,16,31
11761,16,32
11762,16,29
11763,15,28
11764,16,32
11765,16,30
11766,16,32
11767,16,30
11768,16,33
11769,16,31
11770,16,34
11771,16,33
11772,16,31
11773,16,29
11774,16,31
11775,16,30
11776,16,30
11777,16,30
11778,16,30
11779,16,32
11780,16,31
11781,16,32
11782,16,29
11783,16,29
11784,16,30
11785,16,30
11786,16,31
11787,16,31
11788,16,33
11789,16,31
11790,16,32
11791,16,30
11792,16,33
11793,16,29
11794,16,32
11795,16,31
11796,16,29
11797,16,31
11798,16,31
11799,16,30
11800,16,30
11801,16,29
11802,16,31
11803,16,31
11804,16,33
11805,16,30
11806,16,32
11807,16,30
11808,16,33
11809,16,29
11810,16,31
11811,16,31
11812,16,30
11813,16,32
11814,16,30
11815,16,32
11816,16,32
11817,16,28
11818,16,30
11819,16,29
11820,16,30
11821,16,30
11822,16,30
11823,16,29
11824,16,29
11825,16,31
11826,16,30
11827,16,30
11828,16,32
11829,16,31
11830,16,31
11831,16,31
11832,16,31
11833,16,29
11834,16,31
11835,16,30
11836,16,31
11837,16,31
11838,16,31
11839,16,30
11840,15,30
11841,16,31
11842,16,34
11843,15,30
11844,16,30
11845,15,31
11846,16,30
11847,16,28
11848,16,32
11849,16,30
11850,16,32
11851,16,29
11852,16,33
11853,16,30
11854,16,33
11855,16,31
11856,16,31
11857,16,32
11858,16,32
11859,16,31
11860,16,32
11861,16,31
11862,16,31
11863,16,32
11864,16,29
11865,16,29
11866,16,30
11867,15,31
11868,16,29
11869,15,29
11870,15,29
11871,16,30
11872,16,31
11873,16,31
11874,16,29
11875,16,32
11876,16,30
11877,16,32
11878,16,28
11879,16,29
11880,16,31
11881,15,31
11882,16,30
11883,16,30
11884,16,31
11885,16,32
11886,16,29
11887,16,30
11888,16,30
11889,16,32
11890,16,30
11891,16,31
11892,16,31
11893,16,29
11894,16,30
11895,16,31
11896,16,31
11897,16,31
11898,16,29
11899,16,33
11900,16,28
11901,16,31
11902,16,31
11903,16,32
11904,16,30
11905,16,28
11906,15,31
11907,16,31
11908,16,30
11909,16,28
11910,16,31
11911,16,33
11912,16,31
11913,16,31
11914,16,30
11915,16,31
11916,16,30
11917,16,31
11918,15,31
11919,16,29
11920,16,32
11921,16,29
11922,16,30
11923,16,31
11924,16,31
11925,16,31
11926,16,31
11927,16,29
11928,16,32
11929,16,31
11930,16,30
11931,16,29
11932,16,31
11933,16,31
11934,16,30
11935,16,32
11936,16,28
11937,15,30
11938,16,31
11939,16,30
11940,16,30
11941,16,31
11942,16,30
11943,16,31
11944,16,32
11945,16,31
11946,16,32
11947,16,30
11948,16,29
11949,16,32
11950,16,30
11951,16,31
11952,16,29
11953,16,30
11954,16,31
11955,16,30
11956,16,31
11957,16,33
11958,16,31
11959,16,31
11960,16,31
11961,16,30
11962,16,30
11963,16,29
11964,16,34
11965,16,32
11966,16,31
11967,16,31
11968,16,29
11969,16,30
11970,16,30
11971,16,31
11972,15,33
11973,16,30
11974,16,29
11975,15,30
11976,16,29
11977,16,29
11978,16,31
11979,16,28
11980,16,30
11981,16,30
11982,15,32
11983,16,31
11984,16,30
11985,16,31
11986,16,31
11987,16,30
11988,16,29
11989,16,33
11990,16,29
11991,16,30
11992,16,34
11993,16,29
11994,16,30
11995,16,30
11996,16,30
11997,16,30
11998,16,28
11999,16,30
12000,16,30
12001,16,30
12002,16,30
12003,16,30
12004,16,30
12005,16,30
12006,16,30
12007,16,31
12008,16,30
12009,16,29
12010,16,33
12011,16,28
12012,16,31
12013,16,32
12014,16,31
12015,16,32
12016,16,32
12017,16,32
12018,16,31
12019,16,31
12020,16,32
12021,16,30
12022,16,28
12023,16,31
12024,16,28
12025,16,30
12026,16,31
12027,16,30
12028,16,30
12029,16,31
12030,16,34
12031,16,33
12032,16,28
12033,16,30
12034,15,32
12035,16,31
12036,16,31
12037,16,29
12038,16,30
12039,16,31
12040,16,29
12041,16,32
12042,16,32
12043,16,30
12044,16,31
12045,16,35
12046,16,29
12047,16,32
12048,16,32
12049,16,29
12050,16,31
12051,16,30
12052,16,30
12053,16,33
12054,16,31
12055,16,31
12056,16,30
12057,16,29
12058,16,30
12059,16,31
12060,16,34
12061,16,29
12062,16,30
12063,16,31
12064,16,32
12065,16,31
12066,16,32
12067,16,30
12068,16,30
12069,16,31
12070,16,32
12071,16,30
12072,16,30
12073,16,30
12074,16,30
12075,16,31
12076,16,31
12077,16,31
12078,16,30
12079,16,33
12080,16,29
12081,16,29
12082,16,30
12083,16,30
12084,15,33
12085,16,31
12086,16,29
12087,16,33
12088,16,29
12089,16,29
12090,16,29
12091,16,29
12092,16,32
12093,16,31
12094,16,33
12095,16,33
12096,16,31
12097,16,33
12098,16,31
12099,16,33
12100,16,30
12101,16,29
12102,15,30
12103,16,32
12104,16,31
12105,16,32
12106,16,29
12107,16,33
12108,16,32
12109,16,29
12110,16,31
12111,16,31
12112,16,29
12113,16,28
12114,16,29
12115,16,29
12116,16,30
12117,16,30
12118,15,32
12119,16,29
12120,16,30
12121,16,31
12122,16,30
12123,16,29
12124,16,32
12125,16,30
12126,16,30
12127,16,29
12128,16,30
12129,16,31
12130,16,31
12131,16,31
12132,16,33
12133,16,32
12134,16,30
12135,16,31
12136,16,32
12137,16,29
12138,15,29
12139,16,31
12140,16,32
12141,16,30
12142,16,31
12143,16,31
12144,16,32
12145,16,31
12146,16,32
12147,16,31
12148,16,28
12149,16,30
12150,16,31
12151,16,32
12152,16,32
12153,16,29
12154,15,30
12155,16,32
12156,16,31
12157,16,29
12158,16,31
12159,16,32
12160,15,31
12161,16,32
12162,16,30
12163,16,31
12164,16,29
12165,16,30
12166,16,31
12167,16,31
12168,16,31
12169,16,29
12170,16,31
12171,16,29
12172,16,30
12173,16,29
12174,16,31
12175,16,29
12176,16,33
12177,16,32
12178,15,30
12179,16,30
12180,16,30
12181,16,31
12182,16,32
12183,16,31
12184,16,30
12185,16,31
12186,16,30
12187,16,30
12188,16,29
12189,16,32
12190,16,32
12191,16,29
12192,16,29
12193,16,30
12194,16,31
12195,16,33
12196,16,31
12197,16,32
12198,16,32
12199,16,30
12200,16,29
12201,16,30
12202,16,33
12203,16,31
12204,16,30
12205,16,35
12206,16,29
12207,16,31
12208,16,29
12209,16,30
12210,16,31
12211,16,29
12212,16,31
12213,16,30
12214,16,32
12215,15,30
12216,16,31
12217,16,34
12218,16,31
12219,16,31
12220,16,32
12221,16,30
12222,15,30
12223,16,31
12224,16,34
12225,16,29
12226,16,32
12227,16,30
12228,16,31
12229,16,30
12230,16,32
12231,16,31
12232,16,29
12233,16,32
12234,15,32
12235,16,31
12236,16,34
12237,16,33
12238,16,28
12239,15,29
12240,16,30
12241,16,30
12242,16,30
12243,16,30
12244,16,33
12245,16,30
12246,16,31
12247,16,32
12248,16,30
12249,16,29
12250,16,34
12251,16,30
12252,16,30
12253,16,30
12254,16,32
12255,16,30
12256,16,29
12257,16,31
12258,16,33
12259,16,33
12260,15,30
12261,16,30
12262,16,29
12263,16,30
12264,16,31
12265,16,34
12266,16,30
12267,16,32
12268,16,34
12269,16,29
12270,15,29
12271,16,31
12272,16,34
12273,16,31
12274,16,30
12275,16,30
12276,16,30
12277,16,31
12278,16,28
12279,16,29
12280,16,31
12281,16,30
12282,16,33
12283,16,31
12284,16,31
12285,16,31
12286,16,30
12287,16,32
12288,16,31
12289,16,30
12290,16,31
12291,16,32
12292,16,31
12293,16,33
12294,16,31
12295,16,32
12296,16,29
12297,16,33
12298,16,30
12299,16,30
12300,16,32
12301,16,30
12302,16,30
12303,16,31
12304,16,32
12305,16,33
12306,16,29
12307,16,30
12308,16,31
12309,16,31
12310,16,30
12311,15,31
12312,16,30
12313,16,34
12314,16,30
12315,16,32
12316,16,31
12317,16,30
12318,16,30
12319,16,32
12320,16,30
12321,16,31
12322,16,29
12323,16,32
12324,16,29
12325,16,29
12326,16,30
12327,16,30
12328,16,31
12329,16,31
12330,16,29
12331,16,30
12332,16,30
12333,16,32
12334,16,33
12335,16,30
12336,16,31
12337,16,29
12338,16,29
12339,16,29
12340,16,30
12341,16,31
12342,16,28
12343,16,32
12344,16,31
12345,16,30
12346,16,32
12347,16,29
12348,16,32
12349,16,30
12350,16,29
12351,16,31
12352,16,31
12353,16,31
12354,16,31
12355,16,31
12356,16,30
12357,16,32
12358,16,31
12359,16,32
12360,16,31
12361,16,31
12362,16,30
12363,16,29
12364,16,32
12365,16,29
12366,16,32
12367,16,30
12368,16,30
12369,16,30
12370,16,31
12371,16,32
12372,16,31
12373,16,29
12374,16,32
12375,16,30
12376,16,29
12377,16,32
12378,16,32
12379,16,30
12380,16,30
12381,16,31
12382,16,29
12383,16,29
12384,16,31
12385,16,30
12386,16,32
12387,16,31
12388,16,32
12389,16,30
12390,16,31
12391,15,31
12392,16,31
12393,16,33
12394,16,32
12395,16,30
12396,16,30
12397,16,29
12398,16,32
12399,16,32
12400,16,31
12401,16,32
12402,16,32
12403,16,28
12404,16,33
12405,16,30
12406,16,28
12407,16,30
12408,16,32
12409,16,32
12410,16,31
12411,16,32
12412,16,31
12413,16,32
12414,16,31
12415,16,28
12416,16,28
12417,16,32
12418,16,29
12419,16,28
12420,16,32
12421,16,32
12422,16,29
12423,16,31
12424,16,30
12425,16,29
12426,16,31
12427,16,30
12428,16,29
12429,16,34
12430,16,30
12431,16,31
12432,16,32
12433,16,31
12434,16,30
12435,16,31
12436,16,31
12437,16,29
12438,16,32
12439,16,29
12440,16,31
12441,16,33
12442,16,34
12443,16,36
12444,16,31
12445,16,31
12446,16,31
12447,16,30
12448,16,31
12449,16,30
12450,15,31
12451,16,30
12452,16,32
12453,16,30
12454,16,30
12455,16,30
12456,16,30
12457,16,31
12458,16,29
12459,16,31
12460,16,32
12461,16,30
12462,16,30
12463,16,32
12464,16,31
12465,16,30
12466,16,31
12467,16,30
12468,16,30
12469,16,29
12470,16,31
12471,16,30
12472,16,32
12473,16,31
12474,16,31
12475,16,31
12476,16,32
12477,16,30
12478,16,33
12479,16,30
12480,16,31
12481,16,31
12482,16,30
12483,16,29
12484,16,29
12485,16,30
12486,16,32
12487,16,30
12488,16,32
12489,16,30
12490,16,32
12491,16,32
12492,16,34
12493,16,33
12494,16,30
12495,16,32
12496,16,30
12497,16,31
12498,16,32
12499,16,31
12500,16,31
12501,16,30
12502,16,30
12503,16,30
12504,16,30
12505,16,32
12506,16,31
12507,16,29
12508,16,30
12509,16,31
12510,16,30
12511,16,32
12512,16,34
12513,16,32
12514,16,31
12515,16,30
12516,16,32
12517,16,30
12518,16,34
12519,16,31
12520,16,33
12521,16,30
12522,16,32
12523,16,30
12524,16,32
12525,16,30
12526,16,29
12527,16,31
12528,16,31
12529,16,30
12530,16,31
12531,16,31
12532,16,31
12533,16,31
12534,16,32
12535,16,32
12536,16,33
12537,16,30
12538,16,30
12539,16,29
12540,16,33
12541,16,30
12542,15,31
12543,16,31
12544,16,31
12545,16,32
12546,16,30
12547,16,31
12548,16,29
12549,16,31
12550,16,30
12551,16,30
12552,16,29
12553,16,30
12554,16,30
12555,16,31
12556,16,31
12557,16,31
12558,16,31
12559,16,30
12560,16,31
12561,16,32
12562,16,32
12563,16,33
12564,16,32
12565,16,31
12566,16,30
12567,16,32
12568,16,33
12569,16,31
12570,16,30
12571,16,31
12572,16,31
12573,16,29
12574,16,32
12575,16,32
12576,16,31
12577,16,31
12578,16,31
12579,16,33
12580,16,33
12581,16,32
12582,16,29
12583,16,30
12584,16,33
12585,16,32
12586,16,32
12587,16,31
12588,16,33
12589,16,32
12590,16,30
12591,16,30
12592,16,33
12593,16,29
12594,16,32
12595,16,30
12596,16,30
12597,16,30
12598,16,29
12599,16,33
12600,16,31
12601,16,33
12602,16,29
12603,16,30
12604,16,32
12605,16,33
12606,16,29
12607,16,33
12608,16,32
12609,16,34
12610,16,30
12611,16,32
12612,16,31
12613,16,31
12614,16,31
12615,16,30
12616,16,30
12617,16,34
12618,16,31
12619,16,30
12620,16,29
12621,15,31
12622,16,31
12623,16,30
12624,16,31
12625,16,31
12626,16,31
12627,16,30
12628,16,33
12629,16,30
12630,16,30
12631,16,31
12632,16,31
12633,16,30
12634,16,34
12635,16,31
12636,16,30
12637,16,31
12638,16,29
12639,16,34
12640,16,32
12641,16,30
12642,16,30
12643,16,30
12644,16,32
12645,16,30
12646,16,31
12647,16,30
12648,16,30
12649,16,31
12650,16,31
12651,16,31
12652,16,32
12653,16,29
12654,16,31
12655,16,33
12656,16,32
12657,16,32
12658,16,30
12659,16,31
12660,16,30
12661,16,31
12662,16,32
12663,16,33
12664,16,32
12665,16,29
12666,16,31
12667,16,33
12668,16,31
12669,16,32
12670,16,30
12671,16,30
12672,16,31
12673,16,30
12674,16,31
12675,16,30
12676,16,30
12677,16,31
12678,16,31
12679,16,31
12680,16,31
12681,16,31
12682,16,30
12683,16,32
12684,16,30
12685,16,29
12686,16,28
12687,16,33
12688,16,31
12689,16,28
12690,16,30
12691,16,31
12692,16,32
12693,16,31
12694,16,32
12695,16,31
12696,16,31
12697,16,31
12698,16,31
12699,16,30
12700,16,31
12701,16,31
12702,16,31
12703,16,29
12704,16,31
12705,16,29
12706,16,30
12707,16,30
12708,16,31
12709,16,31
12710,16,30
12711,16,31
12712,16,31
12713,16,31
12714,16,30
12715,16,31
12716,16,32
12717,16,32
12718,16,31
12719,16,32
12720,16,30
12721,16,31
12722,16,32
12723,16,30
12724,16,30
12725,16,31
12726,16,31
12727,16,30
12728,16,31
12729,16,31
12730,16,30
12731,16,32
12732,16,30
12733,16,29
12734,16,31
12735,16,32
12736,16,30
12737,16,32
12738,16,30
12739,16,30
12740,16,30
12741,16,32
12742,16,30
12743,16,31
12744,16,33
12745,16,31
12746,16,31
12747,16,33
12748,16,31
12749,16,31
12750,16,32
12751,16,30
12752,16,32
12753,16,31
12754,16,28
12755,16,31
12756,16,31
12757,16,33
12758,16,29
12759,16,30
12760,16,31
12761,16,32
12762,16,29
12763,16,30
12764,16,31
12765,16,32
12766,16,35
12767,16,33
12768,16,32
12769,16,32
12770,16,34
12771,16,30
12772,16,31
12773,16,31
12774,16,30
12775,16,30
12776,16,30
12777,16,31
12778,16,30
12779,16,29
12780,16,32
12781,16,31
12782,16,31
12783,16,29
12784,16,33
12785,16,31
12786,16,31
12787,16,31
12788,16,30
12789,16,33
12790,16,30
12791,16,30
12792,16,33
12793,16,31
12794,16,29
12795,16,31
12796,16,29
12797,16,30
12798,16,31
12799,16,31
12800,16,29
12801,16,30
12802,16,31
12803,16,32
12804,16,32
12805,16,29
12806,16,30
12807,16,31
12808,16,32
12809,16,32
12810,16,32
12811,16,31
12812,16,30
12813,16,29
12814,16,30
12815,16,29
12816,16,30
12817,16,30
12818,16,30
12819,16,30
12820,16,29
12821,16,32
12822,16,32
12823,16,30
12824,16,30
12825,16,33
12826,16,33
12827,16,32
12828,16,31
12829,16,32
12830,16,31
12831,16,31
12832,16,34
12833,16,30
12834,16,30
12835,16,32
12836,16,31
12837,16,30
12838,16,31
12839,16,32
12840,16,30
12841,16,30
12842,16,29
12843,16,33
12844,16,32
12845,16,30
12846,16,32
12847,16,31
12848,16,31
12849,16,31
12850,16,31
12851,16,31
12852,16,33
12853,16,31
12854,16,32
12855,16,30
12856,16,32
12857,16,30
12858,16,30
12859,16,30
12860,16,30
12861,16,30
12862,16,29
12863,16,29
12864,16,29
12865,16,32
12866,16,31
12867,16,32
12868,16,31
12869,16,32
12870,16,33
12871,16,35
12872,16,33
12873,16,31
12874,16,32
12875,16,31
12876,16,32
12877,16,31
12878,16,31
12879,16,30
12880,16,33
12881,16,31
12882,16,31
12883,16,30
12884,16,31
12885,16,30
12886,16,30
12887,16,31
12888,16,30
12889,16,32
12890,16,32
12891,16,30
12892,16,31
12893,16,29
12894,16,32
12895,16,33
12896,16,31
12897,16,29
12898,16,31
12899,16,31
12900,16,30
12901,16,30
12902,16,30
12903,16,32
12904,16,33
12905,16,30
12906,16,32
12907,16,31
12908,16,30
12909,16,31
12910,16,31
12911,16,31
12912,16,33
12913,16,31
12914,16,29
12915,16,34
12916,16,29
12917,16,30
12918,16,32
12919,16,30
12920,16,30
12921,16,32
12922,16,30
12923,16,31
12924,16,34
12925,16,32
12926,16,31
12927,16,35
12928,16,29
12929,16,32
12930,16,33
12931,16,32
12932,16,30
12933,16,30
12934,16,32
12935,16,31
12936,16,32
12937,16,29
12938,16,30
12939,16,29
12940,16,32
12941,16,30
12942,15,33
12943,16,31
12944,16,30
12945,16,31
12946,16,30
12947,16,32
12948,16,31
12949,16,30
12950,16,31
12951,16,31
12952,16,30
12953,16,32
12954,16,30
12955,16,29
12956,16,31
12957,16,29
12958,16,30
12959,16,33
12960,16,30
12961,16,34
12962,16,29
12963,16,32
12964,16,30
12965,16,31
12966,16,32
12967,16,30
12968,16,31
12969,16,32
12970,16,30
12971,16,30
12972,16,32
12973,16,32
12974,16,30
12975,16,31
12976,16,32
12977,16,30
12978,16,32
12979,16,32
12980,16,30
12981,16,31
12982,16,32
12983,16,30
12984,16,31
12985,16,32
12986,16,30
12987,16,33
12988,16,31
12989,16,30
12990,16,31
12991,16,33
12992,16,31
12993,16,32
12994,16,33
12995,16,31
12996,16,30
12997,16,32
12998,16,32
12999,16,31
13000,16,31
13001,16,31
13002,16,30
13003,16,31
13004,16,32
13005,16,32
13006,16,30
13007,16,34
13008,16,34
13009,16,30
13010,16,32
13011,16,31
13012,16,31
13013,16,32
13014,16,31
13015,16,32
13016,16,29
13017,16,32
13018,16,31
13019,16,30
13020,16,30
13021,16,29
13022,16,32
13023,16,35
13024,16,33
13025,16,30
13026,16,31
13027,16,31
13028,16,30
13029,16,31
13030,16,33
13031,16,30
13032,16,31
13033,16,31
13034,16,31
13035,16,30
13036,16,32
13037,16,32
13038,16,30
13039,16,32
13040,16,29
13041,16,31
13042,16,30
13043,16,30
13044,16,29
13045,16,31
13046,16,30
13047,16,32
13048,16,30
13049,16,31
13050,16,30
13051,16,30
13052,16,29
13053,16,31
13054,16,30
13055,16,31
13056,16,30
13057,16,32
13058,16,33
13059,16,31
13060,16,30
13061,16,31
13062,16,31
13063,16,31
13064,16,32
13065,16,30
13066,16,33
13067,16,32
13068,16,31
13069,16,31
13070,16,31
13071,16,32
13072,16,30
13073,16,31
13074,16,33
13075,16,30
13076,16,31
13077,16,32
13078,16,31
13079,16,30
13080,16,33
13081,16,31
13082,16,29
13083,16,30
13084,16,29
13085,16,31
13086,16,29
13087,16,34
13088,16,33
13089,16,29
13090,16,33
13091,16,33
13092,16,31
13093,16,31
13094,16,32
13095,16,31
13096,16,32
13097,16,33
13098,16,30
13099,16,29
13100,16,32
13101,16,32
13102,16,30
13103,16,30
13104,16,30
13105,16,29
13106,16,31
13107,16,33
13108,16,32
13109,16,32
13110,16,30
13111,16,33
13112,16,30
13113,16,31
13114,16,33
13115,16,31
13116,16,31
13117,16,30
13118,16,32
13119,16,29
13120,16,31
13121,16,32
13122,16,30
13123,16,34
13124,16,31
13125,16,31
13126,16,32
13127,16,33
13128,16,31
13129,16,31
13130,16,31
13131,16,30
13132,16,31
13133,16,31
13134,16,32
13135,16,30
13136,16,31
13137,16,30
13138,16,33
13139,16,32
13140,16,30
13141,16,30
13142,16,30
13143,16,31
13144,16,32
13145,16,30
13146,16,32
13147,16,31
13148,16,29
13149,16,31
13150,16,29
13151,16,32
13152,16,30
13153,16,32
13154,16,31
13155,16,31
13156,16,31
13157,16,29
13158,16,31
13159,16,32
13160,16,30
13161,16,30
13162,16,29
13163,16,32
13164,16,32
13165,16,29
13166,16,32
13167,15,31
13168,16,30
13169,16,31
13170,16,33
13171,16,30
13172,16,31
13173,16,32
13174,16,31
13175,16,30
13176,16,29
13177,16,33
13178,16,31
13179,16,32
13180,16,33
13181,16,29
13182,16,31
13183,16,31
13184,16,30
13185,16,30
13186,16,31
13187,16,31
13188,16,31
13189,16,31
13190,16,30
13191,16,31
13192,16,30
13193,16,31
13194,16,30
13195,16,30
13196,16,31
13197,16,32
13198,16,32
13199,16,29
13200,16,31
13201,16,28
13202,16,31
13203,16,34
13204,16,34
13205,16,30
13206,16,31
13207,16,31
13208,16,29
13209,16,31
13210,16,32
13211,16,30
13212,16,30
13213,16,29
13214,16,32
13215,16,30
13216,16,31
13217,16,30
13218,16,31
13219,16,32
13220,16,30
13221,16,30
13222,16,31
13223,16,31
13224,16,30
13225,16,31
13226,16,31
13227,16,34
13228,16,30
13229,16,32
13230,16,31
13231,16,33
13232,16,30
13233,16,31
13234,16,31
13235,16,30
13236,16,30
13237,16,31
13238,16,33
13239,16,30
13240,16,30
13241,16,33
13242,16,29
13243,16,30
13244,16,34
13245,16,30
13246,16,32
13247,16,31
13248,16,32
13249,16,31
13250,16,32
13251,16,30
13252,16,31
13253,16,31
13254,16,33
13255,16,32
13256,16,29
13257,16,32
13258,16,30
13259,16,31
13260,16,32
13261,16,31
13262,16,31
13263,16,30
13264,16,31
13265,16,31
13266,16,30
13267,16,31
13268,16,30
13269,16,31
13270,16,31
13271,16,31
13272,16,30
13273,16,32
13274,16,32
13275,16,31
13276,16,31
13277,16,30
13278,16,31
13279,16,31
13280,16,30
13281,16,31
13282,16,29
13283,16,32
13284,16,29
13285,16,31
13286,16,29
13287,16,30
13288,16,33
13289,16,30
13290,16,30
13291,16,30
13292,16,31
13293,16,31
13294,16,32
13295,16,31
13296,16,30
13297,16,30
13298,16,33
13299,16,31
13300,16,29
13301,16,31
13302,16,31
13303,16,31
13304,16,30
13305,16,33
13306,16,32
13307,16,31
13308,16,30
13309,16,30
13310,16,34
13311,16,32
13312,16,33
13313,16,30
13314,16,31
13315,16,31
13316,16,30
13317,16,30
13318,16,32
13319,16,30
13320,16,31
13321,16,31
13322,16,33
13323,16,30
13324,16,33
13325,16,32
13326,16,32
13327,16,33
13328,16,31
13329,16,31
13330,16,31
13331,16,33
13332,16,33
13333,16,32
13334,16,32
13335,16,29
13336,16,31
13337,16,32
13338,16,30
13339,16,31
13340,16,29
13341,16,32
13342,16,30
13343,16,32
13344,16,32
13345,16,32
13346,16,34
13347,16,32
13348,16,31
13349,16,34
13350,16,30
13351,16,32
13352,16,30
13353,16,31
13354,16,34
13355,16,32
13356,16,30
13357,16,33
13358,16,32
13359,16,32
13360,16,31
13361,16,33
13362,16,30
13363,16,33
13364,16,32
13365,16,31
13366,16,30
13367,16,31
13368,16,31
13369,16,31
13370,16,31
13371,16,30
13372,16,29
13373,16,29
13374,16,31
13375,16,32
13376,16,30
13377,16,30
13378,16,31
13379,16,32
13380,16,30
13381,16,32
13382,16,33
13383,16,29
13384,16,30
13385,16,31
13386,16,31
13387,16,32
13388,16,30
13389,16,31
13390,16,31
13391,16,29
13392,16,31
13393,16,30
13394,16,30
13395,16,31
13396,16,31
13397,16,30
13398,16,32
13399,16,32
13400,16,28
13401,16,31
13402,16,32
13403,16,30
13404,16,31
13405,16,30
13406,16,33
13407,16,31
13408,16,30
13409,16,32
13410,16,31
13411,16,32
13412,16,32
13413,16,30
13414,16,31
13415,16,33
13416,16,30
13417,16,31
13418,16,29
13419,16,32
13420,16,32
13421,16,31
13422,16,32
13423,16,30
13424,16,29
13425,16,31
13426,16,31
13427,16,31
13428,16,30
13429,16,32
13430,16,33
13431,16,30
13432,16,31
13433,16,30
13434,16,33
13435,16,31
13436,16,35
13437,16,32
13438,16,31
13439,16,30
13440,16,31
13441,16,30
13442,16,30
13443,16,33
13444,16,33
13445,16,30
13446,16,32
13447,16,33
13448,16,30
13449,16,31
13450,16,32
13451,16,32
13452,16,30
13453,16,30
13454,16,31
13455,16,30
13456,16,31
13457,16,31
13458,16,29
13459,16,29
13460,16,33
13461,16,29
13462,16,30
13463,16,30
13464,16,30
13465,16,31
13466,16,34
13467,16,31
13468,16,31
13469,16,30
13470,16,33
13471,16,31
13472,16,32
13473,16,33
13474,16,33
13475,16,32
13476,16,32
13477,16,30
13478,16,31
13479,16,33
13480,16,33
13481,16,31
13482,16,30
13483,16,30
13484,16,29
13485,16,30
13486,16,30
13487,16,32
13488,16,31
13489,16,32
13490,16,28
13491,16,32
13492,16,32
13493,16,33
13494,16,31
13495,16,30
13496,16,34
13497,16,33
13498,16,32
13499,16,30
13500,16,31
13501,16,29
13502,16,30
13503,16,30
13504,16,31
13505,16,31
13506,16,31
13507,16,30
13508,16,32
13509,16,33
13510,16,31
13511,16,31
13512,16,30
13513,16,31
13514,16,30
13515,16,30
13516,16,31
13517,16,31
13518,16,34
13519,16,31
13520,16,34
13521,16,32
13522,16,31
13523,16,30
13524,16,32
13525,16,33
13526,16,31
13527,16,33
13528,16,30
13529,16,32
13530,16,31
13531,16,30
13532,16,31
13533,16,31
13534,16,31
13535,16,35
13536,16,32
13537,16,30
13538,16,32
13539,16,31
13540,16,30
13541,16,29
13542,16,32
13543,16,31
13544,16,31
13545,16,32
13546,16,31
13547,16,30
13548,16,30
13549,16,31
13550,16,33
13551,16,30
13552,16,29
13553,16,33
13554,16,33
13555,16,31
13556,16,30
13557,16,32
13558,16,31
13559,16,35
13560,16,32
13561,16,30
13562,16,31
13563,16,31
13564,16,30
13565,16,29
13566,16,30
13567,16,30
13568,16,32
13569,16,30
13570,16,29
13571,16,30
13572,16,31
13573,16,32
13574,16,31
13575,16,29
13576,16,32
13577,16,31
13578,16,30
13579,16,30
13580,16,32
13581,16,31
13582,16,32
13583,16,31
13584,16,32
13585,16,32
13586,16,31
13587,16,31
13588,16,30
13589,16,31
13590,16,32
13591,16,32
13592,16,30
13593,16,31
13594,16,31
13595,16,33
13596,16,32
13597,16,34
13598,16,29
13599,16,31
13600,16,31
13601,16,31
13602,16,34
13603,16,29
13604,16,31
13605,16,29
13606,16,33
13607,16,31
13608,16,33
13609,16,30
13610,16,31
13611,16,32
13612,16,30
13613,16,32
13614,16,31
13615,16,32
13616,16,30
13617,16,31
13618,16,30
13619,16,31
13620,16,31
13621,16,33
13622,16,32
13623,16,31
13624,16,30
13625,16,30
13626,16,31
13627,16,30
13628,16,31
13629,16,29
13630,16,33
13631,16,29
13632,16,32
13633,16,31
13634,16,33
13635,16,30
13636,16,33
13637,16,29
13638,16,32
13639,16,31
13640,16,31
13641,16,31
13642,16,32
13643,16,31
13644,16,30
13645,16,31
13646,16,31
13647,16,33
13648,16,29
13649,16,32
13650,16,31
13651,16,31
13652,16,33
13653,16,31
13654,16,31
13655,16,31
13656,16,32
13657,16,30
13658,16,31
13659,16,30
13660,16,30
13661,16,31
13662,16,34
13663,16,31
13664,16,31
13665,16,30
13666,16,33
13667,16,30
13668,16,32
13669,16,29
13670,16,31
13671,16,30
13672,16,30
13673,16,32
13674,16,30
13675,16,32
13676,16,31
13677,16,30
13678,16,31
13679,16,29
13680,16,32
13681,16,32
13682,16,30
13683,16,30
13684,16,32
13685,16,30
13686,16,32
13687,16,33
13688,16,32
13689,16,30
13690,16,35
13691,16,32
13692,16,31
13693,16,30
13694,16,31
13695,16,30
13696,16,34
13697,16,30
13698,15,31
13699,16,31
13700,16,32
13701,16,33
13702,16,33
13703,16,32
13704,16,31
13705,16,33
13706,16,32
13707,16,33
13708,16,32
13709,16,31
13710,16,30
13711,16,33
13712,16,31
13713,16,30
13714,16,30
13715,16,31
13716,16,32
13717,16,31
13718,16,32
13719,16,31
13720,16,31
13721,16,31
13722,16,32
13723,16,31
13724,16,33
13725,16,31
13726,16,29
13727,16,32
13728,16,29
13729,16,34
13730,16,30
13731,16,31
13732,16,34
13733,16,30
13734,16,33
13735,16,32
13736,16,32
13737,16,31
13738,16,30
13739,16,33
13740,16,30
13741,16,33
13742,16,31
13743,16,33
13744,16,31
13745,16,32
13746,16,31
13747,16,32
13748,16,31
13749,16,31
13750,16,32
13751,16,30
13752,16,32
13753,16,34
13754,16,31
13755,16,30
13756,16,33
13757,16,29
13758,16,31
13759,16,33
13760,16,32
13761,16,30
13762,16,31
13763,16,32
13764,16,33
13765,16,33
13766,16,32
13767,16,32
13768,16,31
13769,16,32
13770,16,30
13771,16,31
13772,16,32
13773,16,31
13774,16,31
13775,16,33
13776,16,32
13777,16,30
13778,16,33
13779,16,30
13780,16,31
13781,16,32
13782,16,32
13783,16,32
13784,16,30
13785,16,33
13786,16,31
13787,16,31
13788,16,33
13789,16,33
13790,16,33
13791,16,30
13792,16,30
13793,16,31
13794,16,31
13795,16,31
13796,16,33
13797,16,30
13798,16,32
13799,16,32
13800,16,32
13801,16,31
13802,16,32
13803,16,29
13804,16,31
13805,16,31
13806,16,33
13807,16,31
13808,16,31
13809,16,31
13810,16,30
13811,16,31
13812,16,31
13813,16,33
13814,16,33
13815,16,32
13816,16,30
13817,16,30
13818,16,33
13819,16,29
13820,16,32
13821,16,33
13822,16,32
13823,16,31
13824,16,31
13825,16,31
13826,16,33
13827,16,30
13828,16,32
13829,16,33
13830,16,31
13831,16,31
13832,16,31
13833,16,31
13834,16,32
13835,16,30
13836,16,31
13837,16,31
13838,16,30
13839,16,30
13840,16,31
13841,16,30
13842,16,35
13843,16,32
13844,16,30
13845,16,29
13846,16,32
13847,16,33
13848,16,30
13849,16,32
13850,16,33
13851,16,29
13852,16,30
13853,16,31
13854,16,32
13855,16,31
13856,16,31
13857,16,31
13858,16,31
13859,16,33
13860,16,31
13861,16,32
13862,16,33
13863,16,33
13864,16,32
13865,16,32
13866,16,30
13867,16,32
13868,16,31
13869,16,32
13870,16,30
13871,16,31
13872,16,31
13873,16,33
13874,16,30
13875,16,31
13876,16,31
13877,16,31
13878,16,31
13879,16,32
13880,16,31
13881,16,32
13882,16,32
13883,16,30
13884,16,30
13885,16,30
13886,16,31
13887,16,29
13888,16,33
13889,16,31
13890,16,33
13891,16,30
13892,16,32
13893,16,32
13894,16,31
13895,16,32
13896,16,30
13897,16,30
13898,16,32
13899,16,31
13900,16,35
13901,16,33
13902,16,31
13903,16,31
13904,16,31
13905,16,30
13906,16,33
13907,16,32
13908,16,31
13909,16,32
13910,16,32
13911,16,32
13912,16,31
13913,16,31
13914,16,32
13915,16,33
13916,16,32
13917,16,31
13918,16,31
13919,16,31
13920,16,33
13921,16,33
13922,16,30
13923,16,32
13924,16,31
13925,16,33
13926,16,32
13927,16,30
13928,16,30
13929,16,31
13930,16,30
13931,16,30
13932,16,30
13933,16,33
13934,16,32
13935,16,32
13936,16,31
13937,16,30
13938,16,29
13939,16,32
13940,16,32
13941,16,32
13942,16,33
13943,16,32
13944,16,30
13945,16,32
13946,16,32
13947,16,31
13948,16,32
13949,16,29
13950,16,32
13951,16,31
13952,16,32
13953,16,30
13954,16,30
13955,16,31
13956,16,30
13957,16,32
13958,16,31
13959,16,30
13960,16,32
13961,16,32
13962,16,30
13963,16,31
13964,16,32
13965,16,32
13966,16,29
13967,16,33
13968,16,30
13969,16,32
13970,16,31
13971,16,32
13972,16,31
13973,16,30
13974,16,32
13975,16,30
13976,16,31
13977,16,32
13978,16,31
13979,16,31
13980,16,30
13981,16,32
13982,16,29
13983,16,31
13984,16,33
13985,16,30
13986,16,32
13987,16,30
13988,16,31
13989,16,33
13990,16,34
13991,16,30
13992,16,32
13993,16,33
13994,16,32
13995,16,31
13996,16,32
13997,16,29
13998,16,32
13999,16,30
14000,16,32
14001,16,31
14002,16,33
14003,16,32
14004,16,32
14005,16,31
14006,16,32
14007,16,32
14008,16,31
14009,16,31
14010,16,33
14011,16,32
14012,16,31
14013,16,34
14014,16,31
14015,16,31
14016,16,32
14017,16,32
14018,16,30
14019,16,32
14020,16,31
14021,16,32
14022,16,31
14023,16,31
14024,16,31
14025,16,32
14026,16,31
14027,16,31
14028,16,31
14029,16,31
14030,16,35
14031,16,30
14032,16,30
14033,16,32
14034,16,32
14035,16,33
14036,16,34
14037,16,31
14038,16,31
14039,16,32
14040,16,32
14041,16,32
14042,16,30
14043,16,31
14044,16,30
14045,16,31
14046,16,32
14047,16,31
14048,16,31
14049,16,29
14050,16,30
14051,16,30
14052,16,30
14053,16,31
14054,16,30
14055,16,31
14056,16,31
14057,16,30
14058,16,33
14059,16,31
14060,16,29
14061,16,31
14062,16,30
14063,16,32
14064,16,29
14065,16,30
14066,16,34
14067,16,30
14068,16,31
14069,16,30
14070,16,31
14071,16,30
14072,16,30
14073,16,31
14074,16,31
14075,16,31
14076,16,33
14077,16,30
14078,16,32
14079,16,31
14080,16,31
14081,16,32
14082,16,33
14083,16,31
14084,16,32
14085,16,29
14086,16,31
14087,16,31
14088,16,32
14089,16,32
14090,16,31
14091,16,31
14092,16,31
14093,16,30
14094,16,32
14095,16,31
14096,16,30
14097,16,31
14098,16,32
14099,16,30
14100,16,32
14101,16,31
14102,16,30
14103,16,30
14104,16,33
14105,16,31
14106,16,31
14107,16,31
14108,16,32
14109,16,31
14110,16,30
14111,16,32
14112,16,29
14113,16,31
14114,16,33
14115,16,34
14116,16,32
14117,16,32
14118,16,29
14119,16,33
14120,16,31
14121,16,31
14122,16,33
14123,16,32
14124,16,32
14125,16,31
14126,16,29
14127,16,31
14128,16,31
14129,16,33
14130,16,30
14131,16,29
14132,16,32
14133,16,32
14134,16,31
14135,16,30
14136,16,32
14137,16,31
14138,16,30
14139,16,31
14140,16,31
14141,16,34
14142,16,31
14143,16,32
14144,16,31
14145,16,32
14146,16,32
14147,16,31
14148,16,29
14149,16,31
14150,16,30
14151,16,30
14152,16,28
14153,16,33
14154,16,32
14155,16,32
14156,16,32
14157,16,30
14158,16,32
14159,16,31
14160,16,31
14161,16,31
14162,16,31
14163,16,32
14164,16,32
14165,16,32
14166,16,31
14167,16,32
14168,16,32
14169,16,33
14170,16,32
14171,16,30
14172,16,33
14173,16,32
14174,16,32
14175,16,31
14176,16,30
14177,16,30
14178,16,30
14179,16,29
14180,16,31
14181,16,30
14182,16,30
14183,16,31
14184,16,31
14185,16,31
14186,16,34
14187,16,32
14188,16,30
14189,16,33
14190,16,31
14191,16,32
14192,16,31
14193,16,34
14194,16,30
14195,16,31
14196,16,31
14197,16,31
14198,16,30
14199,16,30
14200,16,31
14201,16,32
14202,16,32
14203,16,33
14204,16,34
14205,16,31
14206,16,31
14207,16,31
14208,16,31
14209,16,30
14210,16,31
14211,16,31
14212,16,31
14213,16,30
14214,16,30
14215,16,32
14216,16,31
14217,16,31
14218,16,32
14219,16,30
14220,16,34
14221,16,32
14222,16,32
14223,16,32
14224,16,33
14225,16,30
14226,16,32
14227,16,30
14228,16,31
14229,16,33
14230,16,33
14231,16,31
14232,16,33
14233,16,30
14234,16,31
14235,16,29
14236,16,32
14237,16,32
14238,16,31
14239,16,32
14240,16,31
14241,16,29
14242,16,32
14243,16,30
14244,16,32
14245,16,31
14246,16,32
14247,16,30
14248,16,30
14249,16,32
14250,16,31
14251,16,33
14252,16,32
14253,16,31
14254,16,34
14255,16,31
14256,16,30
14257,16,31
14258,16,32
14259,16,30
14260,16,32
14261,16,33
14262,16,33
14263,16,33
14264,16,31
14265,16,31
14266,16,31
14267,16,30
14268,16,31
14269,16,33
14270,16,31
14271,16,30
14272,16,30
14273,16,30
14274,16,31
14275,16,30
14276,16,32
14277,16,32
14278,16,29
14279,16,31
14280,16,31
14281,16,31
14282,16,30
14283,16,31
14284,16,30
14285,16,31
14286,16,30
14287,16,32
14288,16,32
14289,16,30
14290,16,31
14291,16,33
14292,16,34
14293,16,31
14294,16,31
14295,16,30
14296,16,32
14297,16,31
14298,16,31
14299,16,29
14300,16,31
14301,16,30
14302,16,31
14303,16,31
14304,16,31
14305,16,32
14306,16,33
14307,16,30
14308,16,31
14309,16,33
14310,16,31
14311,16,31
14312,16,30
14313,16,32
14314,16,31
14315,16,30
14316,16,29
14317,16,33
14318,16,33
14319,16,30
14320,16,33
14321,16,36
14322,16,30
14323,16,30
14324,16,31
14325,16,30
14326,16,32
14327,16,31
14328,16,31
14329,16,32
14330,16,31
14331,16,31
14332,16,30
14333,16,31
14334,16,32
14335,16,30
14336,16,31
14337,16,29
14338,16,31
14339,16,29
14340,16,32
14341,16,32
14342,16,33
14343,16,31
14344,16,31
14345,16,31
14346,16,32
14347,16,31
14348,16,32
14349,16,32
14350,16,32
14351,16,31
14352,16,33
14353,16,31
14354,16,31
14355,16,31
14356,16,31
14357,16,34
14358,16,33
14359,16,31
14360,16,34
14361,16,31
14362,16,33
14363,16,32
14364,16,31
14365,16,31
14366,16,31
14367,16,31
14368,16,31
14369,16,29
14370,16,32
14371,16,32
14372,16,31
14373,16,31
14374,16,32
14375,16,30
14376,16,32
14377,16,33
14378,16,31
14379,16,29
14380,16,32
14381,16,30
14382,16,31
14383,16,30
14384,16,31
14385,16,31
14386,16,30
14387,16,31
14388,16,33
14389,16,32
14390,16,31
14391,16,31
14392,16,33
14393,16,33
14394,16,32
14395,16,31
14396,16,32
14397,16,31
14398,16,33
14399,16,36
14400,16,30
14401,16,31
14402,16,32
14403,16,32
14404,16,33
14405,16,30
14406,16,34
14407,16,32
14408,16,30
14409,16,36
14410,16,31
14411,16,32
14412,16,34
14413,16,33
14414,16,31
14415,16,32
14416,16,29
14417,16,32
14418,16,30
14419,16,33
14420,16,34
14421,16,33
14422,16,30
14423,16,31
14424,16,32
14425,16,30
14426,16,30
14427,16,32
14428,16,33
14429,16,32
14430,16,35
14431,16,31
14432,16,32
14433,16,29
14434,16,30
14435,16,30
14436,16,31
14437,16,34
14438,16,30
14439,16,33
14440,16,32
14441,16,31
14442,16,30
14443,16,31
14444,16,30
14445,16,31
14446,16,30
14447,16,33
14448,16,32
14449,16,31
14450,16,30
14451,16,34
14452,16,31
14453,16,31
14454,16,32
14455,16,34
14456,16,34
14457,16,34
14458,16,33
14459,16,31
14460,16,32
14461,16,32
14462,16,30
14463,16,31
14464,16,30
14465,16,29
14466,16,32
14467,16,30
14468,16,34
14469,16,30
14470,16,31
14471,16,32
14472,16,33
14473,16,32
14474,16,30
14475,16,31
14476,16,33
14477,16,33
14478,16,33
14479,16,32
14480,16,33
14481,16,33
14482,16,30
14483,16,31
14484,16,31
14485,16,32
14486,16,35
14487,16,31
14488,16,30
14489,16,34
14490,16,30
14491,16,33
14492,16,33
14493,16,31
14494,16,31
14495,16,32
14496,16,32
14497,16,31
14498,16,32
14499,16,32
14500,16,32
14501,16,30
14502,16,32
14503,16,31
14504,16,30
14505,16,32
14506,16,33
14507,16,32
14508,16,31
14509,16,32
14510,16,31
14511,16,33
14512,16,32
14513,16,32
14514,16,30
14515,16,31
14516,16,32
14517,16,31
14518,16,31
14519,16,29
14520,16,32
14521,16,33
14522,16,31
14523,16,30
14524,16,33
14525,16,32
14526,16,32
14527,16,34
14528,16,32
14529,16,31
14530,16,30
14531,16,33
14532,16,30
14533,16,29
14534,16,30
14535,16,32
14536,16,33
14537,16,30
14538,16,30
14539,16,31
14540,16,34
14541,16,33
14542,16,30
14543,16,32
14544,16,29
14545,16,31
14546,16,32
14547,16,29
14548,16,33
14549,16,30
14550,16,31
14551,16,32
14552,16,33
14553,16,31
14554,16,30
14555,16,31
14556,16,31
14557,16,31
14558,16,31
14559,16,31
14560,16,30
14561,16,29
14562,16,31
14563,16,33
14564,16,32
14565,16,31
14566,16,31
14567,16,30
14568,16,30
14569,16,31
14570,16,31
14571,16,31
14572,16,31
14573,16,31
14574,16,32
14575,16,32
14576,16,30
14577,16,33
14578,16,31
14579,16,33
14580,16,31
14581,16,30
14582,16,31
14583,16,31
14584,16,31
14585,16,31
14586,16,30
14587,16,33
14588,16,30
14589,16,33
14590,16,31
14591,16,29
14592,16,31
14593,16,32
14594,16,30
14595,16,32
14596,16,32
14597,16,31
14598,16,32
14599,16,30
14600,16,32
14601,16,31
14602,16,32
14603,16,32
14604,16,30
14605,16,32
14606,16,30
14607,16,32
14608,16,30
14609,16,30
14610,16,33
14611,16,32
14612,16,33
14613,16,32
14614,16,30
14615,16,31
14616,16,33
14617,16,31
14618,16,29
14619,16,29
14620,16,31
14621,16,32
14622,16,29
14623,16,32
14624,16,30
14625,16,35
14626,16,32
14627,16,31
14628,16,34
14629,16,31
14630,16,34
14631,16,31
14632,16,31
14633,16,32
14634,16,32
14635,16,35
14636,16,33
14637,16,30
14638,16,30
14639,16,29
14640,16,30
14641,16,30
14642,16,30
14643,16,30
14644,16,31
14645,16,31
14646,16,31
14647,16,31
14648,16,31
14649,16,31
14650,16,33
14651,16,32
14652,16,32
14653,16,31
14654,16,34
14655,16,32
14656,16,32
14657,16,33
14658,16,30
14659,16,31
14660,16,31
14661,16,29
14662,16,30
14663,16,32
14664,16,32
14665,16,32
14666,16,30
14667,16,33
14668,16,33
14669,16,32
14670,16,30
14671,16,32
14672,16,32
14673,16,30
14674,16,32
14675,16,30
14676,16,30
14677,16,32
14678,16,31
14679,16,30
14680,16,32
14681,16,35
14682,16,30
14683,16,31
14684,16,32
14685,16,31
14686,16,30
14687,16,34
14688,16,30
14689,16,32
14690,16,32
14691,16,30
14692,16,31
14693,16,33
14694,16,31
14695,16,31
14696,16,31
14697,16,32
14698,16,30
14699,16,32
14700,16,31
14701,16,30
14702,16,33
14703,16,32
14704,16,32
14705,16,32
14706,16,32
14707,16,31
14708,16,31
14709,16,34
14710,16,31
14711,16,33
14712,16,32
14713,16,33
14714,16,33
14715,16,34
14716,16,32
14717,16,31
14718,16,30
14719,16,31
14720,16,30
14721,16,30
14722,16,33
14723,16,32
14724,16,31
14725,16,33
14726,16,30
14727,16,34
14728,16,31
14729,16,32
14730,16,32
14731,16,31
14732,16,33
14733,16,34
14734,16,32
14735,16,31
14736,16,32
14737,16,30
14738,16,31
14739,16,33
14740,16,34
14741,16,30
14742,16,30
14743,16,31
14744,16,33
14745,16,33
14746,16,33
14747,16,33
14748,16,31
14749,16,31
14750,16,33
14751,16,32
14752,16,32
14753,16,32
14754,16,31
14755,16,30
14756,16,31
14757,16,34
14758,16,32
14759,16,32
14760,16,31
14761,16,32
14762,16,34
14763,16,32
14764,16,35
14765,16,32
14766,16,32
14767,16,34
14768,16,29
14769,16,31
14770,16,32
14771,16,30
14772,16,30
14773,16,34
14774,16,31
14775,16,31
14776,16,30
14777,16,33
14778,16,32
14779,16,33
14780,16,34
14781,16,31
14782,16,33
14783,16,31
14784,16,32
14785,16,31
14786,16,30
14787,16,31
14788,16,32
14789,16,30
14790,16,31
14791,17,31
14792,16,33
14793,16,29
14794,16,32
14795,16,31
14796,16,33
14797,16,33
14798,16,30
14799,16,33
14800,16,31
14801,16,33
14802,16,30
14803,16,29
14804,16,31
14805,16,31
14806,16,32
14807,16,32
14808,16,33
14809,16,29
14810,16,31
14811,16,31
14812,16,32
14813,16,33
14814,16,32
14815,16,31
14816,16,30
14817,16,30
14818,16,33
14819,16,30
14820,16,30
14821,16,32
14822,16,32
14823,16,31
14824,16,30
14825,16,31
14826,16,30
14827,16,32
14828,16,31
14829,16,33
14830,16,33
14831,16,34
14832,16,30
14833,16,32
14834,16,33
14835,16,31
14836,16,32
14837,16,30
14838,16,32
14839,16,33
14840,16,31
14841,16,30
14842,16,32
14843,16,32
14844,16,33
14845,16,29
14846,16,30
14847,16,33
14848,16,30
14849,16,31
14850,16,34
14851,16,31
14852,16,31
14853,16,33
14854,16,32
14855,16,32
14856,16,32
14857,16,30
14858,16,33
14859,16,32
14860,16,30
14861,16,31
14862,16,32
14863,16,32
14864,16,32
14865,16,31
14866,16,32
14867,16,30
14868,16,31
14869,16,30
14870,16,30
14871,16,31
14872,16,31
14873,16,31
14874,16,30
14875,16,30
14876,16,31
14877,16,31
14878,16,32
14879,16,33
14880,16,32
14881,16,31
14882,16,30
14883,16,34
14884,16,34
14885,16,29
14886,16,30
14887,16,31
14888,16,31
14889,16,29
14890,16,32
14891,16,32
14892,16,32
14893,16,33
14894,16,32
14895,16,32
14896,16,31
14897,16,30
14898,16,33
14899,16,29
14900,16,29
14901,16,32
14902,16,31
14903,16,32
14904,16,30
14905,16,31
14906,16,30
14907,16,30
14908,16,33
14909,16,30
14910,16,35
14911,16,32
14912,16,35
14913,16,32
14914,16,32
14915,16,31
14916,16,31
14917,16,32
14918,16,32
14919,16,32
14920,16,32
14921,16,29
14922,16,32
14923,16,33
14924,16,29
14925,16,31
14926,16,33
14927,16,33
14928,16,31
14929,16,31
14930,16,30
14931,16,30
14932,16,31
14933,16,35
14934,16,31
14935,16,31
14936,16,31
14937,16,31
14938,16,30
14939,16,32
14940,16,33
14941,16,32
14942,16,31
14943,16,32
14944,16,32
14945,16,32
14946,16,30
14947,16,31
14948,16,32
14949,16,33
14950,16,31
14951,16,34
14952,16,31
14953,16,32
14954,16,31
14955,16,31
14956,16,31
14957,16,33
14958,16,31
14959,16,31
14960,16,31
14961,16,30
14962,16,32
14963,16,31
14964,16,32
14965,16,31
14966,16,33
14967,16,30
14968,16,32
14969,16,33
14970,16,32
14971,16,32
14972,16,32
14973,16,31
14974,16,31
14975,16,30
14976,16,32
14977,16,35
14978,16,30
14979,16,31
14980,16,34
14981,16,34
14982,16,33
14983,16,33
14984,16,34
14985,16,31
14986,16,34
14987,16,30
14988,16,34
14989,16,32
14990,16,31
14991,16,32
14992,16,31
14993,16,32
14994,16,32
14995,16,31
14996,16,30
14997,16,30
14998,16,32
14999,16,32
15000,16,32
15001,16,33
15002,16,34
15003,16,30
15004,16,32
15005,16,33
15006,16,31
15007,16,33
15008,16,29
15009,16,31
15010,16,30
15011,16,32
15012,16,31
15013,16,32
15014,16,32
15015,16,34
15016,16,30
15017,16,30
15018,16,30
15019,16,30
15020,16,33
15021,16,31
15022,16,34
15023,16,32
15024,16,31
15025,16,34
15026,16,31
15027,16,31
15028,16,30
15029,16,32
15030,16,31
15031,16,31
15032,16,32
15033,16,31
15034,16,33
15035,16,33
15036,16,34
15037,16,31
15038,16,34
15039,16,30
15040,16,31
15041,16,30
15042,16,30
15043,16,32
15044,16,30
15045,16,31
15046,16,32
15047,16,33
15048,16,30
15049,16,33
15050,16,33
15051,16,31
15052,16,29
15053,16,31
15054,16,30
15055,16,32
15056,16,31
15057,16,30
15058,16,31
15059,16,31
15060,16,32
15061,16,31
15062,16,33
15063,16,33
15064,16,30
15065,16,31
15066,16,31
15067,16,32
15068,16,30
15069,16,33
15070,16,31
15071,16,31
15072,16,31
15073,16,32
15074,16,31
15075,16,31
15076,16,32
15077,16,32
15078,16,32
15079,16,30
15080,16,31
15081,16,31
15082,16,31
15083,16,30
15084,16,32
15085,16,30
15086,16,33
15087,16,32
15088,16,34
15089,16,34
15090,16,31
15091,16,31
15092,16,34
15093,16,33
15094,16,30
15095,16,33
15096,16,34
15097,16,31
15098,16,31
15099,16,33
15100,16,32
15101,16,31
15102,16,31
15103,16,36
15104,16,31
15105,16,30
15106,16,31
15107,16,32
15108,16,33
15109,16,32
15110,16,32
15111,16,33
15112,16,33
15113,16,33
15114,16,30
15115,16,31
15116,16,30
15117,16,32
15118,16,32
15119,16,31
15120,16,33
15121,16,34
15122,16,31
15123,16,33
15124,16,33
15125,16,31
15126,16,33
15127,16,31
15128,16,31
15129,16,31
15130,16,32
15131,16,32
15132,16,30
15133,16,33
15134,16,31
15135,16,32
15136,16,30
15137,16,33
15138,16,31
15139,16,31
15140,16,31
15141,16,32
15142,16,33
15143,16,31
15144,16,32
15145,16,30
15146,16,32
15147,16,32
15148,16,30
15149,16,33
15150,16,31
15151,16,31
15152,16,32
15153,16,33
15154,16,33
15155,16,34
15156,16,33
15157,16,32
15158,16,32
15159,16,29
15160,16,30
15161,16,32
15162,16,32
15163,16,32
15164,16,31
15165,16,33
15166,16,29
15167,16,33
15168,16,31
15169,16,30
15170,16,33
15171,16,30
15172,16,32
15173,16,32
15174,16,34
15175,16,33
15176,16,32
15177,16,30
15178,16,32
15179,16,32
15180,16,32
15181,16,32
15182,16,31
15183,16,32
15184,16,31
15185,16,33
15186,16,33
15187,16,31
15188,16,33
15189,16,31
15190,16,30
15191,16,31
15192,16,31
15193,16,31
15194,16,31
15195,16,33
15196,16,33
15197,16,33
15198,16,31
15199,16,31
15200,16,32
15201,16,32
15202,16,29
15203,16,29
15204,16,31
15205,16,33
15206,16,30
15207,16,31
15208,16,30
15209,16,32
15210,16,31
15211,16,33
15212,16,30
15213,16,34
15214,16,31
15215,16,31
15216,16,30
15217,16,31
15218,16,32
15219,16,31
15220,16,31
15221,16,33
15222,16,32
15223,16,32
15224,16,30
15225,16,31
15226,16,32
15227,16,29
15228,16,31
15229,16,32
15230,16,33
15231,16,33
15232,16,32
15233,16,32
15234,16,30
15235,16,31
15236,16,32
15237,16,30
15238,16,32
15239,16,33
15240,16,34
15241,16,32
15242,16,30
15243,16,31
15244,16,32
15245,16,32
15246,16,32
15247,16,33
15248,16,31
15249,16,31
15250,16,31
15251,16,34
15252,16,33
15253,16,30
15254,16,31
15255,16,32
15256,16,34
15257,16,32
15258,16,33
15259,16,34
15260,16,31
15261,16,33
15262,16,32
15263,16,32
15264,16,34
15265,16,32
15266,16,33
15267,16,30
15268,16,32
15269,16,32
15270,16,33
15271,16,31
15272,16,32
15273,16,31
15274,16,30
15275,16,31
15276,16,34
15277,16,30
15278,16,31
15279,16,29
15280,16,32
15281,16,30
15282,16,33
15283,16,34
15284,16,30
15285,16,32
15286,16,31
15287,16,33
15288,16,31
15289,16,31
15290,16,31
15291,16,32
15292,16,32
15293,16,32
15294,16,31
15295,16,32
15296,16,31
15297,16,31
15298,16,31
15299,16,34
15300,16,34
15301,16,32
15302,16,32
15303,16,30
15304,16,31
15305,16,31
15306,16,31
15307,16,32
15308,16,33
15309,16,34
15310,16,33
15311,16,31
15312,16,33
15313,16,33
15314,16,31
15315,16,29
15316,16,31
15317,16,33
15318,16,32
15319,16,30
15320,16,31
15321,16,31
15322,16,32
15323,16,30
15324,16,32
15325,16,33
15326,16,33
15327,16,33
15328,16,30
15329,16,32
15330,16,31
15331,16,33
15332,16,30
15333,16,30
15334,16,31
15335,16,31
15336,16,32
15337,16,32
15338,16,31
15339,16,31
15340,16,31
15341,16,31
15342,16,32
15343,16,34
15344,16,32
15345,16,33
15346,16,33
15347,16,32
15348,16,29
15349,16,32
15350,16,31
15351,16,31
15352,16,33
15353,16,31
15354,16,32
15355,16,30
15356,16,32
15357,16,33
15358,16,31
15359,16,35
15360,16,31
15361,16,33
15362,16,31
15363,16,30
15364,16,31
15365,16,31
15366,16,32
15367,16,31
15368,16,30
15369,16,31
15370,16,30
15371,16,31
15372,16,32
15373,16,34
15374,16,33
15375,16,32
15376,16,33
15377,16,31
15378,16,34
15379,16,33
15380,16,33
15381,16,30
15382,16,32
15383,16,32
15384,16,34
15385,16,32
15386,16,29
15387,16,28
15388,16,30
15389,16,32
15390,16,31
15391,16,31
15392,16,32
15393,16,32
15394,16,30
15395,16,33
15396,16,31
15397,16,31
15398,16,30
15399,16,30
15400,16,31
15401,16,31
15402,16,33
15403,16,30
15404,16,32
15405,16,29
15406,16,34
15407,16,32
15408,16,31
15409,16,30
15410,16,32
15411,16,32
15412,16,29
15413,16,33
15414,16,31
15415,16,34
15416,16,30
15417,16,31
15418,16,32
15419,16,32
15420,16,33
15421,16,32
15422,16,32
15423,16,33
15424,16,31
15425,16,30
15426,16,32
15427,16,31
15428,16,30
15429,16,32
15430,16,32
15431,16,32
15432,16,30
15433,16,31
15434,16,34
15435,16,31
15436,16,32
15437,16,32
15438,16,31
15439,16,32
15440,16,31
15441,16,34
15442,16,30
15443,16,32
15444,16,31
15445,16,31
15446,16,33
15447,16,31
15448,16,31
15449,16,30
15450,16,32
15451,16,32
15452,16,31
15453,16,33
15454,16,34
15455,16,31
15456,16,32
15457,16,32
15458,16,33
15459,16,31
15460,16,32
15461,16,31
15462,16,31
15463,16,32
15464,16,33
15465,16,30
15466,16,32
15467,16,34
15468,16,33
15469,16,31
15470,16,33
15471,16,31
15472,16,34
15473,16,30
15474,16,32
15475,16,29
15476,16,29
15477,16,32
15478,16,33
15479,16,31
15480,16,33
15481,16,32
15482,16,32
15483,16,31
15484,16,32
15485,16,33
15486,16,32
15487,16,31
15488,16,33
15489,16,30
15490,16,32
15491,16,32
15492,16,32
15493,16,30
15494,16,33
15495,16,33
15496,16,32
15497,16,30
15498,16,32
15499,16,36
15500,16,32
15501,16,31
15502,16,30
15503,16,34
15504,16,32
15505,16,32
15506,16,34
15507,16,32
15508,16,32
15509,16,30
15510,16,33
15511,16,31
15512,16,32
15513,16,34
15514,16,32
15515,16,30
15516,16,30
15517,16,34
15518,16,32
15519,16,36
15520,16,31
15521,16,32
15522,16,31
15523,16,32
15524,16,32
15525,16,33
15526,16,31
15527,16,31
15528,16,33
15529,16,31
15530,16,31
15531,16,33
15532,16,33
15533,16,30
15534,16,35
15535,16,31
15536,16,36
15537,16,31
15538,16,32
15539,16,30
15540,16,30
15541,16,31
15542,16,36
15543,16,33
15544,16,32
15545,16,31
15546,16,32
15547,16,34
15548,16,31
15549,16,31
15550,16,32
15551,16,32
15552,16,29
15553,16,33
15554,16,34
15555,16,31
15556,16,36
15557,16,32
15558,16,31
15559,16,31
15560,16,32
15561,16,32
15562,16,31
15563,16,33
15564,16,31
15565,16,33
15566,16,30
15567,16,32
15568,16,31
15569,16,31
15570,16,31
15571,16,32
15572,16,33
15573,16,32
15574,16,30
15575,16,33
15576,16,31
15577,16,31
15578,16,31
15579,16,31
15580,16,32
15581,16,30
15582,16,31
15583,16,32
15584,16,30
15585,16,31
15586,16,31
15587,16,32
15588,16,30
15589,16,30
15590,16,31
15591,16,30
15592,16,30
15593,16,33
15594,16,31
15595,16,33
15596,16,30
15597,16,30
15598,16,29
15599,16,33
15600,16,32
15601,16,30
15602,16,32
15603,16,30
15604,16,34
15605,16,32
15606,16,31
15607,16,34
15608,16,31
15609,16,32
15610,16,32
15611,16,32
15612,16,33
15613,16,33
15614,16,30
15615,16,33
15616,16,31
15617,16,32
15618,16,31
15619,16,32
15620,16,31
15621,16,31
15622,16,32
15623,16,32
15624,16,31
15625,16,30
15626,16,31
15627,16,30
15628,16,31
15629,16,32
15630,16,34
15631,16,36
15632,16,31
15633,16,30
15634,16,33
15635,16,31
15636,16,31
15637,16,32
15638,16,32
15639,16,34
15640,16,32
15641,16,30
15642,16,31
15643,16,30
15644,16,33
15645,16,30
15646,16,31
15647,16,31
15648,16,31
15649,16,32
15650,16,31
15651,16,32
15652,16,32
15653,16,31
15654,16,34
15655,16,31
15656,16,32
15657,16,35
15658,16,31
15659,16,32
15660,16,30
15661,16,32
15662,16,31
15663,16,30
15664,16,33
15665,16,32
15666,16,31
15667,16,30
15668,16,30
15669,16,33
15670,16,30
15671,16,33
15672,16,32
15673,16,32
15674,16,31
15675,16,33
15676,16,31
15677,16,34
15678,16,32
15679,16,30
15680,16,32
15681,16,32
15682,16,33
15683,16,32
15684,16,32
15685,16,32
15686,16,34
15687,16,29
15688,16,33
15689,16,31
15690,16,31
15691,16,29
15692,16,31
15693,16,34
15694,16,31
15695,16,31
15696,16,34
15697,16,33
15698,16,30
15699,16,30
15700,16,31
15701,16,33
15702,16,33
15703,16,31
15704,16,31
15705,16,30
15706,16,33
15707,16,32
15708,16,30
15709,16,29
15710,16,34
15711,16,31
15712,16,30
15713,16,32
15714,16,33
15715,16,33
15716,16,32
15717,16,31
15718,16,31
15719,16,32
15720,16,29
15721,16,31
15722,16,31
15723,16,33
15724,16,31
15725,16,32
15726,16,32
15727,16,32
15728,16,32
15729,16,30
15730,16,32
15731,16,32
15732,16,32
15733,16,31
15734,16,31
15735,16,33
15736,16,31
15737,16,32
15738,16,34
15739,16,30
15740,16,32
15741,16,33
15742,16,32
15743,16,32
15744,16,33
15745,16,33
15746,16,31
15747,16,32
15748,16,31
15749,16,31
15750,16,34
15751,16,31
15752,16,33
15753,16,33
15754,16,32
15755,16,32
15756,16,30
15757,16,32
15758,16,31
15759,16,33
15760,16,33
15761,16,32
15762,16,33
15763,16,32
15764,16,32
15765,16,32
15766,16,32
15767,16,32
15768,16,33
15769,16,33
15770,16,31
15771,16,30
15772,16,31
15773,16,32
15774,16,31
15775,16,33
15776,16,31
15777,16,31
15778,16,34
15779,16,33
15780,16,31
15781,16,31
15782,16,31
15783,16,34
15784,16,31
15785,16,32
15786,16,31
15787,16,33
15788,16,32
15789,16,32
15790,16,31
15791,16,31
15792,16,31
15793,16,32
15794,16,32
15795,16,32
15796,16,30
15797,16,33
15798,16,32
15799,16,31
15800,16,32
15801,16,31
15802,16,31
15803,16,32
15804,16,33
15805,16,31
15806,16,33
15807,16,31
15808,16,30
15809,16,31
15810,16,32
15811,16,30
15812,16,30
15813,16,33
15814,16,32
15815,16,34
15816,16,32
15817,16,33
15818,16,31
15819,16,32
15820,16,32
15821,16,32
15822,16,32
15823,16,31
15824,16,32
15825,16,32
15826,16,32
15827,16,29
15828,16,31
15829,16,30
15830,16,30
15831,16,33
15832,16,31
15833,16,31
15834,16,32
15835,16,31
15836,16,32
15837,16,30
15838,16,32
15839,16,32
15840,16,31
15841,16,33
15842,16,32
15843,16,34
15844,16,31
15845,16,31
15846,16,32
15847,16,32
15848,16,30
15849,16,29
15850,16,33
15851,16,30
15852,16,33
15853,16,31
15854,16,31
15855,16,31
15856,16,34
15857,16,29
15858,16,31
15859,16,33
15860,16,31
15861,16,33
15862,16,29
15863,16,31
15864,16,32
15865,16,32
15866,16,30
15867,16,30
15868,16,32
15869,16,30
15870,16,31
15871,16,31
15872,16,33
15873,16,33
15874,16,32
15875,16,31
15876,16,32
15877,16,32
15878,16,35
15879,17,33
15880,16,31
15881,16,33
15882,16,33
15883,16,32
15884,16,34
15885,16,31
15886,16,32
15887,16,31
15888,16,33
15889,16,33
15890,17,31
15891,16,30
15892,16,35
15893,16,33
15894,16,33
15895,16,30
15896,16,31
15897,16,31
15898,16,30
15899,16,30
15900,16,30
15901,16,33
15902,16,31
15903,16,31
15904,16,34
15905,16,30
15906,16,33
15907,16,31
15908,16,31
15909,16,32
15910,16,32
15911,16,33
15912,16,33
15913,16,33
15914,16,33
15915,16,32
15916,16,31
15917,16,33
15918,16,31
15919,16,32
15920,16,32
15921,16,29
15922,16,31
15923,16,33
15924,17,34
15925,16,33
15926,16,33
15927,16,30
15928,16,33
15929,16,31
15930,16,32
15931,16,33
15932,16,32
15933,16,32
15934,16,30
15935,16,31
15936,16,33
15937,16,30
15938,16,31
15939,16,32
15940,16,32
15941,16,32
15942,16,31
15943,17,34
15944,16,31
15945,16,30
15946,16,33
15947,16,31
15948,16,32
15949,16,34
15950,16,32
15951,16,31
15952,16,30
15953,16,32
15954,16,32
15955,16,32
15956,16,32
15957,16,35
15958,16,32
15959,16,31
15960,16,35
15961,16,32
15962,16,33
15963,16,31
15964,16,29
15965,16,31
15966,16,33
15967,16,35
15968,16,34
15969,16,32
15970,16,32
15971,16,32
15972,16,33
15973,16,33
15974,16,31
15975,16,32
15976,16,30
15977,16,32
15978,16,31
15979,16,32
15980,16,31
15981,16,32
15982,16,31
15983,16,31
15984,16,33
15985,17,31
15986,16,31
15987,16,32
15988,16,32
15989,16,30
15990,16,33
15991,16,32
15992,16,33
15993,16,33
15994,16,32
15995,16,31
15996,16,31
15997,16,32
15998,16,31
15999,16,32
16000,16,30
16001,16,31
16002,16,29
16003,16,32
16004,16,32
16005,16,31
16006,16,31
16007,16,34
16008,16,33
16009,16,32
16010,16,33
16011,16,31
16012,16,31
16013,16,33
16014,16,31
16015,16,32
16016,16,32
16017,16,31
16018,16,32
16019,16,32
16020,16,32
16021,16,31
16022,16,32
16023,16,32
16024,16,31
16025,16,34
16026,16,32
16027,16,32
16028,16,32
16029,16,32
16030,16,33
16031,16,31
16032,16,31
16033,16,32
16034,16,32
16035,16,31
16036,16,32
16037,16,31
16038,16,32
16039,16,33
16040,16,33
16041,16,33
16042,16,31
16043,16,31
16044,16,32
16045,16,33
16046,16,33
16047,16,32
16048,16,31
16049,16,32
16050,16,32
16051,16,31
16052,16,31
16053,16,35
16054,16,34
16055,16,34
16056,16,31
16057,16,33
16058,16,32
16059,16,30
16060,16,30
16061,16,33
16062,16,31
16063,16,33
16064,16,30
16065,16,33
16066,16,31
16067,16,33
16068,16,33
16069,16,31
16070,16,32
16071,16,31
16072,16,31
16073,16,33
16074,16,34
16075,16,32
16076,16,32
16077,16,32
16078,16,33
16079,16,34
16080,16,32
16081,16,33
16082,16,32
16083,16,32
16084,16,31
16085,16,33
16086,16,33
16087,16,33
16088,16,32
16089,16,33
16090,16,33
16091,16,31
16092,16,31
16093,16,31
16094,16,31
16095,16,33
16096,16,32
16097,16,32
16098,16,32
16099,16,32
16100,16,32
16101,16,32
16102,16,31
16103,16,33
16104,16,33
16105,16,33
16106,16,29
16107,16,30
16108,16,32
16109,16,31
16110,16,32
16111,16,31
16112,16,33
16113,16,31
16114,16,32
16115,16,32
16116,16,34
16117,16,31
16118,16,31
16119,16,31
16120,16,30
16121,16,33
16122,16,32
16123,16,32
16124,16,31
16125,16,33
16126,16,34
16127,16,32
16128,16,31
16129,16,33
16130,16,31
16131,16,32
16132,16,30
16133,16,30
16134,16,32
16135,16,32
16136,16,30
16137,16,32
16138,16,31
16139,16,33
16140,16,32
16141,16,32
16142,16,33
16143,16,31
16144,16,32
16145,16,32
16146,16,32
16147,16,34
16148,16,31
16149,16,33
16150,16,32
16151,16,33
16152,16,33
16153,16,33
16154,16,30
16155,16,32
16156,16,31
16157,16,31
16158,16,32
16159,16,31
16160,16,32
16161,16,31
16162,16,32
16163,16,32
16164,16,30
16165,16,32
16166,16,32
16167,16,33
16168,16,33
16169,16,31
16170,16,33
16171,16,32
16172,16,32
16173,16,31
16174,16,31
16175,16,34
16176,16,34
16177,16,31
16178,16,29
16179,16,31
16180,16,32
16181,16,32
16182,16,33
16183,16,33
16184,16,33
16185,16,32
16186,16,34
16187,16,31
16188,16,33
16189,16,32
16190,16,30
16191,16,32
16192,16,32
16193,16,32
16194,16,31
16195,16,33
16196,16,34
16197,16,34
16198,16,32
16199,16,33
16200,16,33
16201,16,37
16202,16,33
16203,16,30
16204,16,31
16205,16,33
16206,16,33
16207,16,31
16208,16,32
16209,16,32
16210,16,32
16211,16,32
16212,16,33
16213,16,33
16214,16,33
16215,16,34
16216,16,32
16217,16,32
16218,16,33
16219,16,31
16220,16,33
16221,16,33
16222,16,32
16223,16,33
16224,16,31
16225,16,30
16226,17,33
16227,16,30
16228,16,32
16229,16,30
16230,16,30
16231,16,31
16232,16,34
16233,16,32
16234,16,32
16235,16,33
16236,16,33
16237,16,33
16238,16,33
16239,16,31
16240,16,33
16241,16,31
16242,16,35
16243,16,31
16244,16,32
16245,16,36
16246,16,30
16247,16,29
16248,16,32
16249,16,31
16250,16,32
16251,16,32
16252,16,30
16253,16,31
16254,16,31
16255,16,32
16256,16,30
16257,16,31
16258,16,32
16259,16,31
16260,16,34
16261,16,31
16262,16,32
16263,16,34
16264,16,33
16265,16,32
16266,16,33
16267,16,30
16268,16,33
16269,16,31
16270,16,31
16271,16,30
16272,16,36
16273,16,32
16274,16,31
16275,16,32
16276,16,32
16277,16,32
16278,16,34
16279,16,30
16280,17,32
16281,16,33
16282,16,30
16283,16,30
16284,16,33
16285,16,29
16286,16,32
16287,16,31
16288,16,32
16289,16,32
16290,16,30
16291,16,32
16292,16,34
16293,16,33
16294,16,31
16295,16,33
16296,16,31
16297,16,31
16298,16,34
16299,16,31
16300,16,31
16301,16,32
16302,16,31
16303,16,33
16304,16,30
16305,16,31
16306,16,31
16307,16,30
16308,16,31
16309,16,32
16310,16,33
16311,16,31
16312,16,32
16313,16,30
16314,16,33
16315,16,35
16316,16,33
16317,16,34
16318,16,33
16319,16,34
16320,16,32
16321,16,30
16322,16,32
16323,16,30
16324,16,31
16325,16,30
16326,16,31
16327,16,31
16328,16,32
16329,16,30
16330,16,31
16331,16,30
16332,17,35
16333,16,31
16334,16,32
16335,16,32
16336,16,33
16337,16,31
16338,16,33
16339,16,33
16340,16,31
16341,16,32
16342,16,31
16343,16,31
16344,16,33
16345,16,32
16346,16,32
16347,17,33
16348,16,32
16349,16,33
16350,16,30
16351,17,33
16352,16,33
16353,16,34
16354,16,30
16355,16,35
16356,16,32
16357,16,31
16358,16,34
16359,16,32
16360,16,31
16361,16,31
16362,16,33
16363,16,31
16364,16,31
16365,16,32
16366,16,33
16367,16,30
16368,16,34
16369,16,34
16370,16,31
16371,16,32
16372,16,30
16373,16,32
16374,16,31
16375,16,31
16376,16,31
16377,16,31
16378,16,31
16379,16,31
16380,16,31
16381,16,31
16382,16,33
16383,16,34
16384,16,33
16385,16,30
16386,16,32
16387,16,34
16388,16,30
16389,16,32
16390,16,30
16391,16,30
16392,16,30
16393,16,32
16394,16,31
16395,16,30
16396,16,33
16397,16,33
16398,16,32
16399,16,29
16400,16,30
16401,16,31
16402,16,32
16403,16,31
16404,16,35
16405,16,31
16406,16,32
16407,16,32
16408,16,34
16409,16,32
16410,16,31
16411,16,31
16412,16,30
16413,16,31
16414,16,33
16415,16,33
16416,16,31
16417,16,33
16418,16,32
16419,16,31
16420,16,32
16421,16,32
16422,16,32
16423,16,31
16424,16,32
16425,16,30
16426,16,30
16427,16,32
16428,16,32
16429,16,32
16430,16,36
16431,16,32
16432,16,32
16433,16,33
16434,16,30
16435,16,32
16436,16,31
16437,16,32
16438,16,33
16439,16,33
16440,16,32
16441,16,32
16442,16,33
16443,16,33
16444,16,32
16445,16,33
16446,16,32
16447,16,31
16448,16,31
16449,16,30
16450,16,33
16451,16,32
16452,16,34
16453,16,31
16454,16,32
16455,16,32
16456,16,34
16457,16,32
16458,16,32
16459,16,31
16460,16,32
16461,16,31
16462,16,30
16463,16,32
16464,16,30
16465,16,31
16466,16,32
16467,16,31
16468,16,33
16469,16,31
16470,16,32
16471,16,32
16472,16,32
16473,16,32
16474,16,32
16475,16,33
16476,16,31
16477,16,31
16478,16,33
16479,16,31
16480,16,31
16481,16,32
16482,16,31
16483,16,32
16484,16,31
16485,16,33
16486,16,33
16487,16,32
16488,16,35
16489,16,31
16490,16,33
16491,16,31
16492,16,34
16493,16,33
16494,16,33
16495,16,30
16496,16,30
16497,16,32
16498,16,31
16499,16,30
16500,16,32
16501,16,30
16502,16,33
16503,16,31
16504,16,32
16505,16,33
16506,16,33
16507,16,34
16508,16,31
16509,16,33
16510,16,32
16511,16,32
16512,16,32
16513,16,32
16514,16,33
16515,16,32
16516,16,30
16517,16,32
16518,16,31
16519,16,31
16520,16,32
16521,16,32
16522,16,32
16523,16,34
16524,16,29
16525,16,31
16526,16,33
16527,16,34
16528,16,31
16529,16,34
16530,16,33
16531,16,30
16532,16,33
16533,16,31
16534,16,31
16535,16,33
16536,16,32
16537,16,33
16538,16,31
16539,16,32
16540,16,32
16541,16,32
16542,16,33
16543,16,32
16544,16,31
16545,16,33
16546,16,34
16547,16,33
16548,16,31
16549,16,30
16550,16,31
16551,16,31
16552,16,34
16553,16,32
16554,16,32
16555,16,33
16556,16,32
16557,16,32
16558,16,32
16559,16,31
16560,16,32
16561,16,31
16562,16,33
16563,16,33
16564,16,33
16565,16,32
16566,16,33
16567,16,33
16568,16,32
16569,16,31
16570,16,34
16571,16,32
16572,16,31
16573,16,33
16574,16,32
16575,16,30
16576,16,34
16577,16,34
16578,16,31
16579,16,31
16580,16,31
16581,17,31
16582,16,29
16583,16,31
16584,16,31
16585,16,30
16586,16,32
16587,17,31
16588,16,32
16589,16,31
16590,16,32
16591,16,31
16592,16,31
16593,16,34
16594,16,32
16595,16,31
16596,16,33
16597,16,31
16598,16,32
16599,16,31
16600,16,31
16601,16,33
16602,16,32
16603,16,31
16604,16,32
16605,16,31
16606,16,30
16607,16,31
16608,16,30
16609,16,33
16610,16,31
16611,16,34
16612,16,31
16613,16,32
16614,16,33
16615,16,30
16616,16,31
16617,16,32
16618,16,34
16619,16,32
16620,16,33
16621,16,32
16622,16,31
16623,16,30
16624,16,32
16625,16,33
16626,16,31
16627,16,32
16628,16,32
16629,16,32
16630,16,33
16631,16,30
16632,16,31
16633,16,33
16634,16,32
16635,16,34
16636,16,31
16637,16,31
16638,16,32
16639,16,31
16640,16,32
16641,16,32
16642,16,31
16643,16,33
16644,16,30
16645,16,32
16646,16,33
16647,16,32
16648,16,32
16649,17,33
16650,16,32
16651,16,31
16652,16,34
16653,16,31
16654,16,30
16655,16,36
16656,16,33
16657,16,32
16658,17,30
16659,16,33
16660,17,32
16661,16,33
16662,16,32
16663,16,33
16664,16,34
16665,17,33
16666,16,32
16667,16,32
16668,16,32
16669,16,33
16670,16,32
16671,16,31
16672,16,31
16673,16,31
16674,16,33
16675,16,31
16676,16,32
16677,16,32
16678,16,31
16679,16,34
16680,17,34
16681,16,32
16682,16,33
16683,16,31
16684,16,33
16685,16,34
16686,16,34
16687,16,33
16688,16,30
16689,16,32
16690,16,32
16691,16,34
16692,16,32
16693,16,31
16694,16,32
16695,16,32
16696,16,32
16697,16,30
16698,16,34
16699,17,31
16700,16,34
16701,16,31
16702,16,31
16703,16,31
16704,16,31
16705,16,33
16706,16,31
16707,16,30
16708,16,33
16709,16,33
16710,16,32
16711,16,31
16712,16,34
16713,16,29
16714,16,32
16715,16,32
16716,16,33
16717,16,34
16718,16,32
16719,16,33
16720,16,34
16721,16,34
16722,16,30
16723,16,30
16724,16,31
16725,16,32
16726,16,32
16727,16,33
16728,16,32
16729,16,34
16730,16,32
16731,17,32
16732,16,34
16733,16,30
16734,16,32
16735,16,32
16736,16,32
16737,16,30
16738,16,33
16739,16,33
16740,16,34
16741,16,32
16742,16,32
16743,16,32
16744,16,32
16745,16,32
16746,17,33
16747,16,31
16748,16,32
16749,16,34
16750,16,32
16751,16,35
16752,16,31
16753,16,32
16754,16,31
16755,17,32
16756,16,31
16757,17,32
16758,16,34
16759,16,30
16760,16,33
16761,16,29
16762,16,32
16763,16,30
16764,16,31
16765,16,33
16766,16,33
16767,16,32
16768,16,35
16769,17,31
16770,16,31
16771,16,32
16772,16,32
16773,16,32
16774,16,34
16775,16,31
16776,16,32
16777,16,32
16778,16,31
16779,16,32
16780,16,32
16781,16,32
16782,16,33
16783,16,32
16784,16,33
16785,16,31
16786,16,30
16787,16,35
16788,16,32
16789,16,33
16790,16,31
16791,16,30
16792,16,34
16793,16,32
16794,16,33
16795,16,33
16796,16,34
16797,16,30
16798,16,32
16799,16,33
16800,16,31
16801,16,30
16802,17,33
16803,16,31
16804,16,33
16805,16,32
16806,16,31
16807,16,33
16808,16,33
16809,16,32
16810,16,33
16811,16,33
16812,16,31
16813,16,32
16814,16,31
16815,16,31
16816,17,33
16817,16,34
16818,16,33
16819,16,31
16820,16,33
16821,16,31
16822,16,34
16823,16,32
16824,16,32
16825,16,31
16826,17,31
16827,16,32
16828,16,31
16829,16,31
16830,16,33
16831,16,33
16832,16,33
16833,16,31
16834,16,32
16835,16,33
16836,17,31
16837,16,32
16838,16,33
16839,16,33
16840,16,32
16841,16,33
16842,16,31
16843,16,33
16844,16,33
16845,16,33
16846,16,33
16847,16,32
16848,16,33
16849,16,31
16850,16,33
16851,16,32
16852,16,31
16853,16,32
16854,16,31
16855,16,33
16856,16,31
16857,16,34
16858,16,33
16859,16,32
16860,16,31
16861,16,32
16862,16,31
16863,16,33
16864,16,32
16865,16,32
16866,16,31
16867,16,33
16868,16,31
16869,16,33
16870,16,33
16871,17,31
16872,16,31
16873,16,32
16874,16,32
16875,16,34
16876,16,31
16877,16,30
16878,16,33
16879,16,35
16880,16,31
16881,16,31
16882,17,34
16883,16,34
16884,16,31
16885,16,31
16886,16,30
16887,16,32
16888,17,32
16889,16,31
16890,16,32
16891,16,33
16892,16,33
16893,16,33
16894,16,31
16895,16,33
16896,16,32
16897,16,33
16898,16,31
16899,16,32
16900,16,32
16901,16,31
16902,16,32
16903,16,33
16904,16,31
16905,16,35
16906,16,32
16907,16,31
16908,16,32
16909,16,31
16910,16,33
16911,16,32
16912,16,35
16913,16,29
16914,16,32
16915,16,32
16916,16,30
16917,16,33
16918,16,30
16919,16,32
16920,16,32
16921,16,31
16922,16,31
16923,16,31
16924,16,30
16925,16,33
16926,16,33
16927,17,32
16928,16,33
16929,16,30
16930,16,32
16931,16,32
16932,17,33
16933,16,32
16934,17,31
16935,16,34
16936,16,31
16937,17,30
16938,16,33
16939,16,32
16940,16,32
16941,16,32
16942,16,33
16943,16,33
16944,16,34
16945,16,32
16946,16,32
16947,16,32
16948,16,33
16949,16,31
16950,16,31
16951,16,31
16952,16,36
16953,16,33
16954,16,32
16955,16,33
16956,16,32
16957,16,35
16958,16,31
16959,16,31
16960,16,31
16961,16,32
16962,16,31
16963,16,34
16964,17,30
16965,16,32
16966,17,31
16967,16,32
16968,16,31
16969,16,33
16970,16,32
16971,16,31
16972,16,31
16973,16,34
16974,16,31
16975,16,31
16976,16,33
16977,16,31
16978,16,32
16979,16,32
16980,16,34
16981,16,30
16982,16,31
16983,16,32
16984,16,31
16985,16,33
16986,16,32
16987,16,32
16988,16,33
16989,16,34
16990,16,33
16991,16,32
16992,16,30
16993,16,31
16994,16,31
16995,16,32
16996,16,32
16997,16,33
16998,16,32
16999,16,32
17000,16,32
17001,16,31
17002,16,35
17003,16,31
17004,16,32
17005,16,34
17006,16,34
17007,16,32
17008,16,32
17009,16,35
17010,16,34
17011,16,33
17012,16,34
17013,16,32
17014,16,32
17015,16,30
17016,16,31
17017,16,32
17018,16,32
17019,16,33
17020,17,31
17021,16,31
17022,16,32
17023,16,35
17024,16,30
17025,16,31
17026,16,33
17027,16,32
17028,16,32
17029,16,33
17030,16,36
17031,16,31
17032,16,33
17033,16,31
17034,16,32
17035,16,33
17036,16,30
17037,16,32
17038,17,31
17039,16,30
17040,16,32
17041,16,32
17042,16,31
17043,16,35
17044,16,32
17045,16,33
17046,16,31
17047,16,32
17048,16,32
17049,16,35
17050,16,32
17051,16,32
17052,16,33
17053,16,32
17054,16,33
17055,17,31
17056,17,33
17057,16,32
17058,16,32
17059,16,32
17060,16,31
17061,16,35
17062,17,32
17063,16,31
17064,16,31
17065,16,31
17066,16,32
17067,16,31
17068,16,31
17069,16,33
17070,16,34
17071,16,32
17072,16,32
17073,16,30
17074,16,33
17075,16,32
17076,16,32
17077,16,33
17078,16,34
17079,16,33
17080,16,33
17081,16,34
17082,16,31
17083,16,32
17084,16,33
17085,16,32
17086,16,30
17087,16,33
17088,16,32
17089,16,32
17090,16,34
17091,16,32
17092,16,33
17093,16,31
17094,16,34
17095,16,31
17096,16,33
17097,16,31
17098,16,33
17099,16,31
17100,16,31
17101,16,34
17102,16,32
17103,16,32
17104,17,31
17105,16,31
17106,16,30
17107,16,32
17108,17,33
17109,16,30
17110,16,31
17111,16,31
17112,16,33
17113,16,31
17114,16,32
17115,16,32
17116,16,32
17117,16,36
17118,17,33
17119,16,32
17120,16,33
17121,16,32
17122,16,32
17123,16,35
17124,16,31
17125,16,32
17126,16,32
17127,16,31
17128,17,30
17129,16,30
17130,16,33
17131,16,30
17132,17,32
17133,16,31
17134,16,31
17135,16,31
17136,16,31
17137,16,33
17138,16,30
17139,16,32
17140,17,34
17141,17,30
17142,16,32
17143,16,33
17144,16,36
17145,16,31
17146,16,31
17147,16,31
17148,16,34
17149,16,32
17150,16,31
17151,16,31
17152,16,32
17153,16,31
17154,16,33
17155,16,32
17156,16,32
17157,16,32
17158,16,33
17159,16,35
17160,16,32
17161,16,31
17162,16,32
17163,16,32
17164,16,31
17165,16,32
17166,16,34
17167,16,32
17168,16,31
17169,16,31
17170,16,32
17171,16,32
17172,17,32
17173,16,32
17174,16,33
17175,16,32
17176,16,32
17177,16,33
17178,16,31
17179,16,32
17180,16,29
17181,16,30
17182,17,32
17183,16,33
17184,16,31
17185,17,32
17186,16,33
17187,16,31
17188,16,32
17189,16,33
17190,16,35
17191,16,34
17192,16,33
17193,16,31
17194,16,33
17195,16,33
17196,16,33
17197,16,32
17198,16,31
17199,16,32
17200,16,31
17201,16,33
17202,16,32
17203,16,33
17204,16,32
17205,16,34
17206,16,32
17207,16,33
17208,16,31
17209,16,34
17210,16,35
17211,16,32
17212,16,32
17213,16,32
17214,16,33
17215,16,32
17216,16,34
17217,16,32
17218,16,32
17219,16,31
17220,16,31
17221,16,32
17222,16,31
17223,16,33
17224,16,32
17225,16,32
17226,16,32
17227,16,33
17228,16,32
17229,16,34
17230,16,31
17231,16,31
17232,16,33
17233,16,33
17234,16,33
17235,16,32
17236,16,32
17237,16,33
17238,16,33
17239,16,34
17240,16,34
17241,16,34
17242,16,31
17243,17,33
17244,16,32
17245,16,32
17246,16,33
17247,16,31
17248,16,34
17249,16,34
17250,16,34
17251,16,31
17252,16,32
17253,16,33
17254,16,32
17255,16,32
17256,16,32
17257,16,32
17258,16,29
17259,16,31
17260,16,32
17261,16,31
17262,16,33
17263,16,35
17264,16,33
17265,16,32
17266,16,31
17267,16,31
17268,16,32
17269,16,31
17270,17,32
17271,16,32
17272,16,33
17273,16,32
17274,16,32
17275,17,32
17276,16,31
17277,16,33
17278,16,30
17279,17,32
17280,16,34
17281,16,33
17282,16,31
17283,16,34
17284,16,32
17285,17,31
17286,16,33
17287,16,33
17288,16,35
17289,17,33
17290,16,31
17291,16,32
17292,16,35
17293,16,31
17294,16,30
17295,16,31
17296,16,34
17297,17,30
17298,16,31
17299,16,30
17300,17,32
17301,16,31
17302,16,31
17303,16,30
17304,16,32
17305,16,33
17306,16,31
17307,16,33
17308,16,32
17309,16,36
17310,16,31
17311,16,31
17312,16,31
17313,16,31
17314,17,33
17315,16,32
17316,17,30
17317,17,33
17318,17,32
17319,17,32
17320,16,31
17321,17,34
17322,16,32
17323,16,31
17324,16,33
17325,16,33
17326,16,33
17327,16,31
17328,16,31
17329,16,35
17330,16,33
17331,17,34
17332,16,31
17333,16,33
17334,16,32
17335,16,33
17336,17,31
17337,17,33
17338,16,33
17339,16,32
17340,16,32
17341,16,32
17342,16,33
17343,16,33
17344,17,33
17345,16,32
17346,16,33
17347,16,34
17348,16,32
17349,16,33
17350,16,30
17351,16,31
17352,16,30
17353,16,34
17354,17,32
17355,16,31
17356,16,32
17357,17,32
17358,16,33
17359,17,30
17360,16,32
17361,16,32
17362,16,34
17363,16,33
17364,16,35
17365,16,32
17366,16,32
17367,16,31
17368,16,33
17369,16,33
17370,16,31
17371,16,32
17372,16,31
17373,16,32
17374,16,32
17375,16,31
17376,16,30
17377,17,34
17378,16,33
17379,16,31
17380,16,31
17381,16,31
17382,16,30
17383,16,33
17384,16,31
17385,16,31
17386,16,33
17387,16,34
17388,16,36
17389,16,32
17390,17,33
17391,16,33
17392,16,31
17393,16,32
17394,16,30
17395,16,32
17396,16,34
17397,16,31
17398,16,34
17399,16,34
17400,16,33
17401,16,31
17402,16,35
17403,16,32
17404,16,32
17405,17,32
17406,17,33
17407,17,32
17408,16,30
17409,16,33
17410,16,32
17411,16,34
17412,16,32
17413,16,31
17414,16,31
17415,16,33
17416,16,32
17417,16,32
17418,16,31
17419,16,33
17420,16,33
17421,16,34
17422,16,33
17423,16,31
17424,17,32
17425,16,31
17426,16,32
17427,16,32
17428,16,32
17429,16,31
17430,16,32
17431,16,32
17432,16,30
17433,16,32
17434,16,33
17435,16,31
17436,16,31
17437,16,34
17438,16,31
17439,16,33
17440,16,31
17441,16,33
17442,16,33
17443,16,33
17444,17,32
17445,16,33
17446,16,34
17447,16,34
17448,16,32
17449,16,31
17450,16,31
17451,16,32
17452,16,34
17453,16,33
17454,16,32
17455,16,30
17456,16,32
17457,16,31
17458,16,32
17459,16,34
17460,16,33
17461,16,33
17462,16,31
17463,16,31
17464,16,32
17465,17,32
17466,16,33
17467,16,31
17468,16,33
17469,16,33
17470,16,32
17471,16,31
17472,16,31
17473,16,32
17474,16,34
17475,16,31
17476,17,32
17477,16,31
17478,16,31
17479,16,32
17480,16,32
17481,16,34
17482,17,31
17483,16,30
17484,17,31
17485,16,32
17486,16,32
17487,16,33
17488,17,31
17489,16,34
17490,16,32
17491,16,31
17492,16,32
17493,16,32
17494,16,32
17495,16,32
17496,16,32
17497,16,30
17498,16,32
17499,16,33
17500,16,34
17501,16,34
17502,17,32
17503,16,32
17504,16,31
17505,16,32
17506,16,32
17507,16,32
17508,16,31
17509,17,31
17510,16,32
17511,16,33
17512,16,32
17513,16,32
17514,17,32
17515,16,31
17516,16,33
17517,16,31
17518,17,32
17519,16,32
17520,17,31
17521,16,31
17522,16,32
17523,16,33
17524,16,33
17525,17,30
17526,17,32
17527,17,31
17528,17,31
17529,16,33
17530,16,32
17531,16,31
17532,16,32
17533,16,31
17534,16,31
17535,16,32
17536,16,32
17537,16,34
17538,16,30
17539,16,32
17540,16,31
17541,17,33
17542,17,32
17543,16,34
17544,16,32
17545,16,31
17546,17,32
17547,16,34
17548,16,31
17549,16,32
17550,16,34
17551,17,33
17552,17,32
17553,16,32
17554,17,32
17555,16,36
17556,16,31
17557,16,32
17558,17,33
17559,16,32
17560,16,32
17561,16,34
17562,16,34
17563,16,33
17564,16,31
17565,16,32
17566,16,34
17567,16,31
17568,16,31
17569,16,31
17570,16,30
17571,16,33
17572,16,32
17573,16,33
17574,16,33
17575,16,32
17576,16,31
17577,16,31
17578,16,33
17579,16,32
17580,16,32
17581,17,32
17582,17,31
17583,16,32
17584,16,30
17585,16,30
17586,16,32
17587,16,32
17588,16,34
17589,16,34
17590,16,32
17591,16,32
17592,16,31
17593,16,31
17594,16,33
17595,16,34
17596,16,33
17597,16,33
17598,16,32
17599,16,30
17600,16,34
17601,16,32
17602,16,35
17603,17,32
17604,16,32
17605,16,34
17606,16,31
17607,16,34
17608,17,33
17609,16,32
17610,16,32
17611,16,30
17612,16,31
17613,16,31
17614,16,35
17615,16,33
17616,16,31
17617,16,34
17618,16,33
17619,16,33
17620,16,31
17621,16,30
17622,16,30
17623,16,30
17624,16,34
17625,16,32
17626,16,32
17627,16,32
17628,16,32
17629,16,34
17630,16,33
17631,17,31
17632,16,33
17633,16,34
17634,16,32
17635,16,33
17636,16,31
17637,16,32
17638,16,30
17639,16,30
17640,16,33
17641,16,30
17642,16,32
17643,17,31
17644,16,35
17645,16,34
17646,16,33
17647,16,33
17648,16,35
17649,16,32
17650,16,35
17651,16,31
17652,16,29
17653,16,32
17654,16,31
17655,16,34
17656,16,34
17657,16,33
17658,16,32
17659,16,31
17660,16,31
17661,16,32
17662,16,32
17663,16,34
17664,16,31
17665,16,31
17666,16,33
17667,17,33
17668,17,33
17669,16,32
17670,16,32
17671,16,31
17672,16,33
17673,16,33
17674,16,35
17675,16,34
17676,16,33
17677,16,33
17678,16,32
17679,16,31
17680,16,30
17681,16,34
17682,16,33
17683,16,34
17684,17,31
17685,17,31
17686,16,32
17687,17,33
17688,16,33
17689,16,32
17690,16,34
17691,16,32
17692,16,30
17693,17,30
17694,16,32
17695,16,31
17696,16,32
17697,16,32
17698,16,33
17699,16,32
17700,16,32
17701,16,31
17702,16,31
17703,16,32
17704,17,31
17705,16,33
17706,17,31
17707,16,33
17708,16,33
17709,16,32
17710,16,32
17711,17,32
17712,16,31
17713,16,31
17714,16,31
17715,16,33
17716,16,34
17717,17,33
17718,17,33
17719,16,32
17720,16,32
17721,16,32
17722,16,31
17723,16,32
17724,16,32
17725,16,32
17726,16,32
17727,16,32
17728,16,34
17729,16,31
17730,16,32
17731,16,33
17732,16,31
17733,17,31
17734,16,31
17735,16,31
17736,16,31
17737,16,31
17738,16,35
17739,16,31
17740,16,30
17741,16,30
17742,16,32
17743,16,34
17744,16,32
17745,16,33
17746,16,32
17747,16,32
17748,16,32
17749,16,34
17750,16,35
17751,16,32
17752,16,35
17753,17,34
17754,17,33
17755,16,31
17756,16,32
17757,17,33
17758,16,33
17759,16,35
17760,16,33
17761,16,33
17762,16,32
17763,16,32
17764,16,32
17765,16,34
17766,16,32
17767,16,32
17768,17,32
17769,17,32
17770,16,33
17771,16,33
17772,16,35
17773,16,32
17774,16,33
17775,16,30
17776,16,30
17777,16,31
17778,16,34
17779,16,33
17780,16,33
17781,17,32
17782,16,32
17783,16,31
17784,16,30
17785,16,32
17786,16,34
17787,17,33
17788,16,33
17789,17,32
17790,16,34
17791,16,32
17792,17,31
17793,16,32
17794,17,33
17795,16,33
17796,16,32
17797,16,33
17798,16,33
17799,16,31
17800,16,31
17801,17,31
17802,16,32
17803,16,32
17804,16,31
17805,16,32
17806,16,30
17807,16,32
17808,16,32
17809,16,32
17810,16,32
17811,16,34
17812,16,32
17813,17,33
17814,16,32
17815,16,31
17816,16,35
17817,16,32
17818,16,31
17819,16,35
17820,16,32
17821,16,30
17822,16,34
17823,16,33
17824,16,34
17825,16,32
17826,16,35
17827,16,31
17828,16,32
17829,16,33
17830,16,33
17831,16,34
17832,16,33
17833,16,30
17834,16,31
17835,16,32
17836,17,35
17837,16,33
17838,16,33
17839,16,32
17840,16,33
17841,17,33
17842,16,34
17843,16,32
17844,16,32
17845,16,33
17846,16,31
17847,16,34
17848,16,33
17849,16,32
17850,16,32
17851,16,33
17852,16,31
17853,16,32
17854,16,32
17855,17,33
17856,16,32
17857,16,33
17858,16,32
17859,17,32
17860,17,33
17861,16,31
17862,17,33
17863,16,30
17864,16,33
17865,17,33
17866,16,31
17867,16,32
17868,16,33
17869,16,32
17870,16,30
17871,16,32
17872,16,34
17873,16,32
17874,16,33
17875,16,31
17876,17,33
17877,16,35
17878,17,31
17879,17,30
17880,16,32
17881,16,33
17882,16,31
17883,16,32
17884,16,33
17885,16,32
17886,16,32
17887,16,34
17888,17,34
17889,17,32
17890,16,31
17891,16,32
17892,16,31
17893,16,33
17894,16,30
17895,16,30
17896,16,33
17897,16,31
17898,16,32
17899,16,32
17900,16,34
17901,16,33
17902,16,33
17903,16,32
17904,17,32
17905,16,32
17906,16,32
17907,16,33
17908,16,29
17909,16,35
17910,17,31
17911,16,31
17912,17,33
17913,17,33
17914,16,32
17915,16,34
17916,16,31
17917,16,32
17918,16,32
17919,16,32
17920,17,32
17921,17,31
17922,16,34
17923,17,33
17924,16,32
17925,16,33
17926,16,33
17927,16,32
17928,16,32
17929,16,34
17930,17,35
17931,16,31
17932,16,32
17933,16,31
17934,16,33
17935,16,32
17936,17,33
17937,16,32
17938,16,31
17939,16,31
17940,16,32
17941,16,31
17942,16,31
17943,16,32
17944,17,31
17945,16,31
17946,16,32
17947,16,31
17948,17,32
17949,17,30
17950,17,34
17951,16,30
17952,16,31
17953,16,33
17954,16,32
17955,17,32
17956,17,33
17957,16,34
17958,16,31
17959,17,33
17960,16,32
17961,16,30
17962,16,33
17963,16,32
17964,17,35
17965,16,32
17966,16,34
17967,17,32
17968,17,33
17969,16,33
17970,16,32
17971,17,32
17972,17,32
17973,17,32
17974,16,33
17975,16,33
17976,16,33
17977,16,31
17978,17,33
17979,16,31
17980,16,32
17981,17,33
17982,16,33
17983,16,32
17984,16,32
17985,16,33
17986,16,33
17987,17,33
17988,17,31
17989,16,34
17990,16,31
17991,16,34
17992,16,35
17993,17,30
17994,16,32
17995,16,31
17996,16,35
17997,16,35
17998,17,32
17999,17,31
18000,17,31
18001,16,33
18002,16,32
18003,16,32
18004,16,31
18005,16,31
18006,17,34
18007,17,32
18008,16,32
18009,17,33
18010,16,31
18011,16,32
18012,16,32
18013,16,32
18014,16,31
18015,16,34
18016,16,33
18017,16,34
18018,16,31
18019,16,35
18020,16,31
18021,16,33
18022,16,31
18023,17,33
18024,16,32
18025,16,32
18026,16,31
18027,16,32
18028,16,36
18029,16,32
18030,16,32
18031,16,31
18032,16,34
18033,16,31
18034,17,31
18035,16,32
18036,16,32
18037,16,32
18038,16,31
18039,16,32
18040,16,31
18041,16,33
18042,16,31
18043,16,32
18044,16,30
18045,16,32
18046,17,32
18047,16,32
18048,16,33
18049,17,33
18050,16,32
18051,16,33
18052,16,31
18053,17,32
18054,17,32
18055,16,33
18056,17,32
18057,16,32
18058,16,35
18059,17,32
18060,17,32
18061,17,32
18062,17,33
18063,16,31
18064,17,31
18065,16,34
18066,16,33
18067,16,33
18068,16,33
18069,16,31
18070,16,31
18071,16,31
18072,17,32
18073,16,32
18074,16,32
18075,16,33
18076,17,29
18077,16,32
18078,16,31
18079,16,30
18080,16,31
18081,16,35
18082,16,32
18083,16,33
18084,16,31
18085,16,33
18086,16,33
18087,16,30
18088,16,30
18089,17,31
18090,16,33
18091,16,33
18092,16,30
18093,16,30
18094,16,32
18095,16,32
18096,17,32
18097,17,34
18098,16,31
18099,17,33
18100,16,32
18101,16,34
18102,16,32
18103,17,32
18104,16,31
18105,17,32
18106,16,31
18107,16,32
18108,16,34
18109,16,33
18110,16,32
18111,16,32
18112,16,33
18113,17,33
18114,16,32
18115,17,32
18116,16,32
18117,16,35
18118,16,31
18119,16,30
18120,16,31
18121,16,32
18122,16,33
18123,17,32
18124,17,32
18125,16,32
18126,16,34
18127,16,32
18128,16,30
18129,16,32
18130,16,30
18131,16,32
18132,16,31
18133,16,33
18134,16,33
18135,16,32
18136,16,32
18137,16,32
18138,16,31
18139,16,32
18140,16,32
18141,17,34
18142,16,32
18143,16,34
18144,17,33
18145,16,33
18146,16,30
18147,16,31
18148,16,32
18149,17,32
18150,16,32
18151,16,32
18152,16,31
18153,16,31
18154,16,31
18155,16,33
18156,16,37
18157,16,34
18158,16,32
18159,16,32
18160,16,34
18161,17,30
18162,17,35
18163,17,33
18164,17,32
18165,16,32
18166,16,34
18167,16,34
18168,16,32
18169,16,33
18170,16,30
18171,16,32
18172,17,32
18173,16,31
18174,16,34
18175,16,32
18176,16,32
18177,17,32
18178,17,33
18179,16,34
18180,16,31
18181,16,32
18182,16,34
18183,16,33
18184,17,32
18185,16,34
18186,17,33
18187,17,32
18188,16,33
18189,16,33
18190,16,33
18191,17,32
18192,17,34
18193,16,31
18194,16,33
18195,16,33
18196,16,33
18197,16,32
18198,16,32
18199,16,31
18200,16,33
18201,16,31
18202,16,34
18203,16,32
18204,17,33
18205,16,32
18206,16,32
18207,17,33
18208,16,32
18209,16,32
18210,16,32
18211,16,31
18212,16,33
18213,16,36
18214,16,31
18215,16,33
18216,16,33
18217,16,34
18218,17,33
18219,16,32
18220,16,34
18221,16,37
18222,16,32
18223,17,34
18224,16,32
18225,17,32
18226,16,32
18227,16,32
18228,17,31
18229,17,32
18230,16,33
18231,16,31
18232,16,31
18233,16,32
18234,17,36
18235,16,30
18236,16,34
18237,16,32
18238,16,33
18239,16,31
18240,16,32
18241,16,33
18242,17,31
18243,16,33
18244,16,31
18245,16,32
18246,16,33
18247,17,34
18248,16,30
18249,17,31
18250,16,31
18251,16,33
18252,16,32
18253,17,33
18254,16,31
18255,16,33
18256,16,33
18257,16,34
18258,16,31
18259,16,33
18260,17,33
18261,17,32
18262,16,32
18263,17,32
18264,17,31
18265,17,33
18266,16,33
18267,16,31
18268,16,31
18269,16,31
18270,17,32
18271,17,34
18272,16,31
18273,16,32
18274,16,33
18275,16,33
18276,16,32
18277,16,33
18278,16,31
18279,17,32
18280,17,33
18281,16,31
18282,17,30
18283,17,31
18284,17,34
18285,16,35
18286,16,32
18287,16,33
18288,16,32
18289,16,33
18290,16,33
18291,17,33
18292,16,33
18293,17,32
18294,16,30
18295,17,32
18296,16,34
18297,16,33
18298,16,31
18299,16,31
18300,17,32
18301,17,32
18302,16,32
18303,16,33
18304,17,33
18305,16,31
18306,17,33
18307,16,34
18308,16,32
18309,16,31
18310,16,33
18311,17,32
18312,16,31
18313,16,33
18314,16,32
18315,16,34
18316,16,33
18317,16,31
18318,16,32
18319,16,31
18320,16,32
18321,16,34
18322,16,31
18323,16,32
18324,17,31
18325,16,30
18326,17,34
18327,16,34
18328,16,33
18329,16,32
18330,16,32
18331,17,34
18332,16,32
18333,17,32
18334,16,32
18335,16,34
18336,16,31
18337,16,33
18338,17,32
18339,16,35
18340,16,33
18341,16,30
18342,16,34
18343,16,34
18344,16,34
18345,17,32
18346,17,33
18347,16,33
18348,17,31
18349,16,34
18350,17,31
18351,16,31
18352,16,34
18353,16,35
18354,16,32
18355,16,34
18356,16,31
18357,17,31
18358,16,33
18359,17,33
18360,16,32
18361,16,32
18362,16,34
18363,17,30
18364,17,34
18365,16,31
18366,17,35
18367,17,31
18368,17,33
18369,17,32
18370,16,34
18371,17,32
18372,16,34
18373,17,33
18374,16,32
18375,16,31
18376,16,33
18377,16,33
18378,16,32
18379,17,31
18380,16,32
18381,16,32
18382,16,30
18383,16,33
18384,16,34
18385,16,33
18386,17,32
18387,16,31
18388,16,31
18389,16,32
18390,16,32
18391,16,34
18392,16,32
18393,17,32
18394,16,32
18395,17,31
18396,16,34
18397,17,32
18398,16,33
18399,16,34
18400,16,35
18401,16,33
18402,17,31
18403,17,34
18404,16,33
18405,16,32
18406,16,31
18407,16,32
18408,16,32
18409,16,33
18410,16,32
18411,17,32
18412,16,33
18413,16,33
18414,17,35
18415,16,33
18416,16,31
18417,16,32
18418,16,32
18419,16,33
18420,17,32
18421,16,33
18422,16,32
18423,16,31
18424,16,32
18425,16,33
18426,16,32
18427,16,32
18428,16,32
18429,16,33
18430,17,33
18431,16,32
18432,17,32
18433,16,34
18434,16,32
18435,16,33
18436,16,34
18437,16,32
18438,16,30
18439,16,32
18440,16,34
18441,17,32
18442,16,32
18443,16,31
18444,17,33
18445,17,31
18446,16,35
18447,17,32
18448,17,32
18449,16,33
18450,16,34
18451,17,32
18452,17,32
18453,17,32
18454,17,32
18455,16,33
18456,16,34
18457,17,30
18458,16,31
18459,17,34
18460,17,33
18461,16,33
18462,17,32
18463,16,32
18464,17,33
18465,16,33
18466,16,32
18467,16,31
18468,17,32
18469,17,33
18470,17,32
18471,16,31
18472,16,33
18473,16,33
18474,16,32
18475,16,32
18476,16,33
18477,16,33
18478,17,35
18479,17,32
18480,17,35
18481,16,31
18482,16,35
18483,17,32
18484,16,33
18485,16,31
18486,16,31
18487,16,33
18488,17,32
18489,17,31
18490,16,33
18491,16,31
18492,16,33
18493,16,31
18494,16,36
18495,16,32
18496,16,32
18497,16,33
18498,16,35
18499,16,31
18500,17,30
18501,16,32
18502,16,32
18503,17,31
18504,17,32
18505,16,31
18506,16,31
18507,16,31
18508,16,32
18509,16,33
18510,16,30
18511,16,33
18512,16,30
18513,16,34
18514,16,32
18515,16,30
18516,16,33
18517,16,34
18518,16,30
18519,16,33
18520,16,33
18521,16,32
18522,16,30
18523,16,31
18524,16,34
18525,17,32
18526,16,32
18527,16,33
18528,16,35
18529,17,36
18530,17,31
18531,16,32
18532,16,33
18533,16,33
18534,16,31
18535,16,31
18536,17,33
18537,16,30
18538,17,32
18539,16,32
18540,16,33
18541,16,32
18542,16,30
18543,17,33
18544,16,32
18545,16,31
18546,16,32
18547,16,32
18548,17,33
18549,16,32
18550,17,33
18551,16,32
18552,17,33
18553,16,33
18554,16,33
18555,16,31
18556,16,34
18557,16,32
18558,17,32
18559,16,31
18560,16,33
18561,16,32
18562,16,34
18563,16,34
18564,16,32
18565,16,30
18566,16,33
18567,17,34
18568,17,31
18569,16,30
18570,17,31
18571,17,32
18572,17,33
18573,16,34
18574,17,32
18575,16,33
18576,16,31
18577,17,32
18578,17,33
18579,17,35
18580,17,32
18581,16,32
18582,17,32
18583,17,32
18584,16,32
18585,16,30
18586,16,31
18587,16,35
18588,16,32
18589,16,32
18590,16,32
18591,17,33
18592,17,32
18593,16,34
18594,16,33
18595,16,33
18596,16,32
18597,17,31
18598,16,31
18599,17,31
18600,16,33
18601,16,34
18602,16,32
18603,16,32
18604,17,33
18605,16,33
18606,17,34
18607,17,33
18608,16,31
18609,17,32
18610,16,34
18611,17,31
18612,17,32
18613,17,32
18614,16,33
18615,16,32
18616,17,32
18617,16,34
18618,17,33
18619,16,34
18620,16,32
18621,17,32
18622,16,33
18623,16,32
18624,16,34
18625,16,33
18626,17,33
18627,17,32
18628,17,32
18629,17,32
18630,16,33
18631,16,31
18632,16,31
18633,16,33
18634,17,31
18635,16,32
18636,17,33
18637,17,31
18638,17,31
18639,17,33
18640,16,33
18641,16,31
18642,16,31
18643,16,31
18644,17,32
18645,17,32
18646,16,33
18647,17,33
18648,16,31
18649,17,33
18650,17,32
18651,16,34
18652,17,33
18653,16,35
18654,16,33
18655,16,32
18656,16,32
18657,16,32
18658,17,32
18659,16,32
18660,17,32
18661,17,33
18662,16,32
18663,16,35
18664,16,31
18665,16,31
18666,16,33
18667,16,32
18668,16,32
18669,17,31
18670,16,31
18671,16,32
18672,17,32
18673,16,32
18674,17,32
18675,16,33
18676,17,31
18677,17,31
18678,16,33
18679,16,32
18680,16,34
18681,17,31
18682,17,33
18683,16,34
18684,17,33
18685,17,32
18686,17,31
18687,17,32
18688,17,32
18689,17,36
18690,17,33
18691,17,33
18692,17,33
18693,16,32
18694,16,35
18695,16,33
18696,16,35
18697,16,32
18698,16,32
18699,17,35
18700,16,31
18701,17,32
18702,16,32
18703,17,31
18704,16,34
18705,16,34
18706,16,31
18707,17,31
18708,16,33
18709,17,32
18710,16,31
18711,16,31
18712,17,33
18713,16,34
18714,16,31
18715,17,34
18716,17,32
18717,16,34
18718,16,32
18719,16,34
18720,17,33
18721,16,31
18722,16,32
18723,17,34
18724,17,32
18725,17,33
18726,16,33
18727,16,33
18728,16,34
18729,17,32
18730,16,32
18731,16,31
18732,17,32
18733,16,32
18734,17,32
18735,16,32
18736,16,33
18737,16,33
18738,16,32
18739,16,31
18740,16,37
18741,16,34
18742,17,32
18743,16,31
18744,17,32
18745,17,36
18746,17,33
18747,16,32
18748,17,32
18749,16,31
18750,16,32
18751,16,34
18752,16,32
18753,16,32
18754,17,34
18755,17,31
18756,17,33
18757,17,33
18758,17,34
18759,16,33
18760,16,34
18761,17,36
18762,16,32
18763,17,32
18764,16,31
18765,17,31
18766,17,32
18767,17,33
18768,16,33
18769,17,31
18770,17,35
18771,17,31
18772,17,34
18773,16,33
18774,17,34
18775,16,33
18776,16,32
18777,17,32
18778,16,34
18779,16,33
18780,17,31
18781,16,32
18782,16,32
18783,17,36
18784,17,34
18785,16,32
18786,16,31
18787,16,32
18788,16,33
18789,16,32
18790,16,31
18791,17,34
18792,16,32
18793,16,32
18794,16,32
18795,17,32
18796,17,33
18797,17,31
18798,16,33
18799,17,33
18800,16,33
18801,17,31
18802,16,34
18803,17,32
18804,17,30
18805,16,32
18806,16,30
18807,17,32
18808,16,33
18809,17,32
18810,17,31
18811,17,31
18812,17,31
18813,17,33
18814,17,32
18815,16,32
18816,17,33
18817,17,31
18818,16,31
18819,17,32
18820,17,32
18821,16,33
18822,17,32
18823,17,31
18824,16,32
18825,16,32
18826,16,32
18827,16,30
18828,17,35
18829,16,33
18830,17,34
18831,16,31
18832,16,33
18833,17,30
18834,17,32
18835,16,30
18836,16,32
18837,17,33
18838,17,33
18839,17,30
18840,16,32
18841,16,34
18842,16,32
18843,17,30
18844,16,31
18845,16,32
18846,16,32
18847,17,33
18848,16,33
18849,16,34
18850,17,32
18851,16,31
18852,16,32
18853,17,33
18854,17,31
18855,16,32
18856,16,30
18857,16,33
18858,16,33
18859,16,33
18860,16,33
18861,17,36
18862,17,31
18863,16,32
18864,17,32
18865,16,32
18866,16,33
18867,16,35
18868,16,32
18869,16,33
18870,17,31
18871,17,32
18872,17,33
18873,17,30
18874,16,34
18875,16,33
18876,17,34
18877,16,32
18878,16,32
18879,17,32
18880,17,33
18881,16,32
18882,17,34
18883,16,30
18884,17,31
18885,16,32
18886,16,32
18887,17,33
18888,16,33
18889,17,31
18890,16,31
18891,16,34
18892,17,33
18893,16,34
18894,16,34
18895,17,31
18896,17,31
18897,16,31
18898,16,31
18899,17,33
18900,17,33
18901,16,33
18902,17,31
18903,17,32
18904,16,33
18905,16,31
18906,17,31
18907,16,31
18908,16,33
18909,16,31
18910,16,34
18911,17,32
18912,16,33
18913,16,33
18914,17,31
18915,17,31
18916,17,33
18917,16,32
18918,17,35
18919,16,32
18920,17,34
18921,16,33
18922,17,34
18923,16,34
18924,16,33
18925,17,32
18926,17,34
18927,17,33
18928,17,35
18929,17,33
18930,17,33
18931,17,33
18932,16,32
18933,17,33
18934,16,33
18935,17,32
18936,17,34
18937,16,32
18938,16,32
18939,17,32
18940,16,34
18941,16,32
18942,16,34
18943,16,32
18944,17,31
18945,16,32
18946,17,34
18947,16,31
18948,17,30
18949,17,33
18950,17,35
18951,17,32
18952,16,33
18953,16,33
18954,17,32
18955,17,31
18956,16,32
18957,17,35
18958,16,32
18959,16,33
18960,16,32
18961,17,34
18962,17,34
18963,17,33
18964,16,31
18965,16,35
18966,17,33
18967,17,33
18968,17,32
18969,16,32
18970,17,32
18971,16,34
18972,16,33
18973,17,32
18974,17,34
18975,16,34
18976,16,31
18977,17,34
18978,17,31
18979,16,33
18980,16,33
18981,17,33
18982,16,32
18983,17,32
18984,17,31
18985,17,34
18986,16,31
18987,17,32
18988,17,33
18989,17,32
18990,16,32
18991,16,33
18992,16,31
18993,16,32
18994,17,33
18995,17,36
18996,17,33
18997,17,34
18998,16,32
18999,16,31
19000,16,31
19001,17,32
19002,17,32
19003,17,33
19004,16,33
19005,17,32
19006,16,33
19007,16,33
19008,16,31
19009,16,33
19010,16,32
19011,17,33
19012,17,36
19013,16,31
19014,17,32
19015,17,32
19016,16,32
19017,16,32
19018,16,32
19019,17,32
19020,16,34
19021,17,30
19022,16,33
19023,16,32
19024,17,32
19025,16,32
19026,17,32
19027,17,33
19028,16,34
19029,16,31
19030,17,32
19031,16,31
19032,17,33
19033,16,34
19034,17,32
19035,16,32
19036,16,33
19037,16,34
19038,16,31
19039,16,32
19040,17,34
19041,17,32
19042,16,32
19043,17,32
19044,16,33
19045,17,33
19046,16,34
19047,16,31
19048,16,34
19049,17,32
19050,16,34
19051,17,31
19052,17,33
19053,16,32
19054,17,32
19055,16,32
19056,17,32
19057,16,33
19058,17,36
19059,16,31
19060,17,33
19061,16,34
19062,16,33
19063,17,30
19064,16,31
19065,16,32
19066,17,32
19067,17,33
19068,17,32
19069,17,33
19070,16,32
19071,17,32
19072,17,32
19073,16,32
19074,17,32
19075,17,35
19076,16,33
19077,16,32
19078,17,34
19079,16,32
19080,17,33
19081,16,33
19082,17,35
19083,17,31
19084,16,34
19085,17,32
19086,17,32
19087,17,34
19088,16,34
19089,17,30
19090,17,31
19091,16,33
19092,17,34
19093,17,30
19094,16,32
19095,17,32
19096,16,32
19097,16,30
19098,16,34
19099,17,33
19100,16,31
19101,17,33
19102,17,33
19103,16,35
19104,17,30
19105,16,32
19106,16,31
19107,17,30
19108,16,33
19109,16,33
19110,16,33
19111,17,33
19112,16,34
19113,16,32
19114,16,32
19115,17,33
19116,17,32
19117,17,31
19118,16,31
19119,16,33
19120,16,32
19121,16,34
19122,16,32
19123,16,32
19124,17,32
19125,16,33
19126,16,32
19127,17,32
19128,16,33
19129,16,30
19130,17,33
19131,17,32
19132,16,31
19133,17,31
19134,17,34
19135,16,32
19136,16,33
19137,16,33
19138,17,33
19139,17,32
19140,17,35
19141,17,32
19142,17,35
19143,17,31
19144,16,32
19145,17,32
19146,17,34
19147,16,33
19148,16,33
19149,17,34
19150,17,33
19151,17,33
19152,17,33
19153,16,30
19154,16,35
19155,17,33
19156,17,33
19157,16,31
19158,17,34
19159,16,31
19160,17,32
19161,17,31
19162,17,31
19163,16,32
19164,17,32
19165,17,32
19166,17,32
19167,17,31
19168,16,31
19169,17,32
19170,16,32
19171,16,32
19172,16,35
19173,16,33
19174,16,31
19175,16,33
19176,16,32
19177,17,31
19178,16,34
19179,16,32
19180,16,31
19181,17,34
19182,17,31
19183,17,32
19184,16,33
19185,17,35
19186,16,32
19187,17,32
19188,17,31
19189,17,31
19190,17,30
19191,17,31
19192,17,31
19193,17,33
19194,16,35
19195,17,34
19196,17,31
19197,16,33
19198,17,33
19199,16,35
19200,17,33
19201,16,32
19202,16,34
19203,16,32
19204,17,32
19205,16,31
19206,17,32
19207,17,33
19208,17,32
19209,16,35
19210,16,35
19211,17,32
19212,17,31
19213,16,32
19214,17,35
19215,17,31
19216,16,32
19217,17,33
19218,16,33
19219,17,31
19220,17,33
19221,17,33
19222,17,32
19223,17,31
19224,16,32
19225,16,32
19226,17,31
19227,16,32
19228,17,33
19229,16,33
19230,17,33
19231,16,32
19232,16,33
19233,17,31
19234,17,33
19235,16,33
19236,17,33
19237,17,34
19238,16,32
19239,16,32
19240,17,33
19241,17,32
19242,17,32
19243,17,31
19244,16,32
19245,17,34
19246,16,33
19247,16,32
19248,16,32
19249,17,33
19250,17,32
19251,17,32
19252,16,33
19253,17,32
19254,16,32
19255,17,32
19256,17,33
19257,17,33
19258,16,34
19259,17,34
19260,17,33
19261,17,31
19262,16,33
19263,17,34
19264,16,33
19265,16,31
19266,16,31
19267,17,32
19268,17,32
19269,16,34
19270,16,32
19271,16,34
19272,17,33
19273,17,32
19274,17,33
19275,16,32
19276,16,34
19277,16,32
19278,17,33
19279,16,33
19280,17,33
19281,17,32
19282,17,31
19283,16,33
19284,17,30
19285,16,32
19286,17,32
19287,17,31
19288,17,35
19289,17,32
19290,17,35
19291,16,32
19292,16,32
19293,16,32
19294,17,33
19295,16,33
19296,17,33
19297,16,32
19298,16,33
19299,16,33
19300,16,32
19301,16,32
19302,17,35
19303,17,32
19304,17,34
19305,17,33
19306,17,31
19307,17,36
19308,17,33
19309,16,36
19310,16,36
19311,16,31
19312,16,32
19313,17,32
19314,16,31
19315,17,32
19316,17,29
19317,16,31
19318,16,33
19319,16,33
19320,16,33
19321,17,32
19322,16,32
19323,16,31
19324,17,35
19325,17,31
19326,17,33
19327,16,33
19328,17,31
19329,16,33
19330,16,32
19331,17,33
19332,16,32
19333,17,31
19334,17,32
19335,16,33
19336,16,32
19337,17,33
19338,17,33
19339,16,32
19340,16,35
19341,17,33
19342,17,33
19343,17,30
19344,17,33
19345,17,35
19346,17,34
19347,16,33
19348,17,33
19349,17,32
19350,17,32
19351,17,34
19352,16,32
19353,17,31
19354,16,31
19355,16,34
19356,16,32
19357,17,33
19358,16,31
19359,17,34
19360,16,32
19361,17,33
19362,16,34
19363,17,34
19364,16,33
19365,17,33
19366,17,31
19367,17,33
19368,17,33
19369,16,33
19370,17,34
19371,16,32
19372,17,31
19373,17,35
19374,16,33
19375,17,33
19376,16,32
19377,17,34
19378,16,31
19379,16,32
19380,17,33
19381,17,34
19382,16,32
19383,16,31
19384,16,32
19385,16,32
19386,16,32
19387,17,34
19388,17,32
19389,16,35
19390,17,31
19391,16,33
19392,17,33
19393,17,32
19394,17,31
19395,17,33
19396,16,32
19397,16,33
19398,17,32
19399,17,31
19400,16,31
19401,16,32
19402,17,33
19403,17,33
19404,16,32
19405,16,32
19406,17,33
19407,16,33
19408,16,32
19409,16,32
19410,16,31
19411,17,33
19412,17,32
19413,17,33
19414,17,33
19415,16,31
19416,17,34
19417,17,33
19418,17,32
19419,17,33
19420,17,32
19421,16,31
19422,17,32
19423,17,32
19424,17,31
19425,16,32
19426,17,30
19427,17,34
19428,16,33
19429,17,33
19430,16,31
19431,17,33
19432,17,33
19433,16,36
19434,17,33
19435,17,32
19436,17,31
19437,16,31
19438,17,34
19439,17,33
19440,16,34
19441,16,32
19442,16,32
19443,16,31
19444,17,32
19445,17,32
19446,17,31
19447,16,35
19448,16,32
19449,16,31
19450,16,32
19451,16,33
19452,17,33
19453,17,31
19454,16,34
19455,17,32
19456,17,30
19457,17,32
19458,16,33
19459,17,34
19460,17,34
19461,16,31
19462,17,31
19463,16,33
19464,17,33
19465,17,33
19466,17,30
19467,17,32
19468,17,32
19469,17,32
19470,17,31
19471,17,32
19472,16,30
19473,16,35
19474,16,32
19475,17,32
19476,16,32
19477,17,33
19478,16,34
19479,16,33
19480,17,32
19481,17,33
19482,16,32
19483,16,33
19484,16,33
19485,16,32
19486,17,33
19487,17,32
19488,17,34
19489,16,33
19490,17,32
19491,17,33
19492,16,33
19493,16,31
19494,17,33
19495,16,33
19496,17,34
19497,17,32
19498,16,33
19499,17,33
19500,17,35
19501,16,31
19502,16,33
19503,17,36
19504,16,35
19505,17,33
19506,16,33
19507,17,33
19508,17,31
19509,17,32
19510,16,32
19511,16,32
19512,16,33
19513,16,32
19514,17,31
19515,16,32
19516,17,31
19517,17,33
19518,17,35
19519,17,31
19520,16,32
19521,16,31
19522,16,33
19523,17,31
19524,16,32
19525,16,33
19526,16,34
19527,17,35
19528,17,32
19529,17,32
19530,16,33
19531,17,32
19532,17,34
19533,16,31
19534,17,35
19535,17,31
19536,17,32
19537,17,33
19538,16,33
19539,16,34
19540,17,33
19541,16,31
19542,17,36
19543,16,32
19544,17,35
19545,17,33
19546,16,33
19547,17,32
19548,17,35
19549,16,30
19550,17,33
19551,17,33
19552,17,36
19553,17,32
19554,17,34
19555,17,31
19556,17,34
19557,17,34
19558,17,32
19559,17,32
19560,16,33
19561,16,33
19562,16,32
19563,17,35
19564,17,35
19565,16,33
19566,17,33
19567,17,32
19568,17,37
19569,16,32
19570,17,32
19571,17,34
19572,16,32
19573,17,31
19574,17,32
19575,17,32
19576,16,33
19577,17,32
19578,16,33
19579,16,35
19580,17,33
19581,17,34
19582,17,36
19583,17,31
19584,16,33
19585,16,31
19586,17,33
19587,17,32
19588,16,35
19589,17,33
19590,16,32
19591,16,33
19592,17,31
19593,17,32
19594,17,32
19595,17,34
19596,17,34
19597,17,32
19598,16,32
19599,16,31
19600,16,34
19601,17,33
19602,17,32
19603,16,31
19604,16,34
19605,16,33
19606,16,34
19607,17,33
19608,16,33
19609,17,33
19610,17,34
19611,17,35
19612,17,33
19613,17,33
19614,16,34
19615,17,31
19616,17,32
19617,17,31
19618,17,31
19619,17,31
19620,17,33
19621,16,32
19622,17,32
19623,16,34
19624,17,35
19625,16,33
19626,16,33
19627,17,32
19628,17,32
19629,17,34
19630,17,31
19631,17,34
19632,17,32
19633,17,32
19634,16,33
19635,17,33
19636,16,31
19637,17,32
19638,16,33
19639,17,31
19640,17,33
19641,17,35
19642,17,32
19643,17,33
19644,17,31
19645,17,33
19646,17,32
19647,17,33
19648,16,34
19649,17,33
19650,16,33
19651,17,36
19652,17,33
19653,16,32
19654,17,34
19655,17,31
19656,17,33
19657,17,33
19658,17,33
19659,17,32
19660,17,33
19661,16,36
19662,16,36
19663,16,33
19664,17,34
19665,16,31
19666,17,31
19667,17,34
19668,17,32
19669,16,32
19670,16,31
19671,17,31
19672,16,31
19673,17,32
19674,16,33
19675,17,31
19676,16,33
19677,17,32
19678,17,32
19679,16,32
19680,17,31
19681,17,32
19682,16,31
19683,17,33
19684,17,33
19685,17,34
19686,17,32
19687,16,33
19688,17,32
19689,17,33
19690,17,32
19691,17,33
19692,17,34
19693,16,34
19694,17,35
19695,17,33
19696,17,34
19697,16,32
19698,17,34
19699,16,33
19700,16,34
19701,17,32
19702,17,33
19703,16,33
19704,16,35
19705,17,33
19706,17,31
19707,16,33
19708,17,32
19709,17,33
19710,16,33
19711,16,33
19712,17,32
19713,16,34
19714,17,33
19715,17,33
19716,17,34
19717,16,33
19718,17,33
19719,17,34
19720,17,33
19721,16,36
19722,16,33
19723,17,32
19724,17,31
19725,16,33
19726,17,33
19727,17,33
19728,17,32
19729,17,31
19730,17,34
19731,17,34
19732,16,32
19733,17,33
19734,17,31
19735,16,33
19736,17,32
19737,17,31
19738,17,33
19739,16,32
19740,17,31
19741,17,34
19742,16,32
19743,17,31
19744,17,33
19745,16,34
19746,17,32
19747,17,33
19748,16,32
19749,17,34
19750,16,33
19751,17,34
19752,17,33
19753,16,33
19754,17,34
19755,17,31
19756,17,31
19757,17,33
19758,16,34
19759,16,33
19760,17,32
19761,16,33
19762,17,34
19763,17,33
19764,17,33
19765,17,32
19766,17,35
19767,17,32
19768,17,36
19769,16,32
19770,17,36
19771,16,32
19772,17,31
19773,16,32
19774,17,33
19775,17,30
19776,16,31
19777,16,33
19778,16,34
19779,16,31
19780,17,32
19781,16,32
19782,16,31
19783,16,33
19784,17,33
19785,17,30
19786,16,31
19787,17,33
19788,17,31
19789,17,32
19790,17,33
19791,17,32
19792,17,32
19793,17,31
19794,17,34
19795,17,32
19796,17,33
19797,17,31
19798,16,32
19799,17,33
19800,17,33
19801,17,34
19802,17,32
19803,17,33
19804,17,33
19805,17,33
19806,16,33
19807,17,32
19808,17,31
19809,17,35
19810,17,31
19811,16,33
19812,17,32
19813,16,30
19814,17,33
19815,17,33
19816,17,34
19817,16,33
19818,17,33
19819,17,32
19820,17,31
19821,16,35
19822,16,33
19823,17,34
19824,16,33
19825,17,33
19826,16,34
19827,17,31
19828,17,33
19829,17,32
19830,17,31
19831,16,31
19832,16,34
19833,17,30
19834,16,32
19835,17,35
19836,17,33
19837,16,34
19838,17,34
19839,16,32
19840,17,31
19841,17,35
19842,17,32
19843,16,36
19844,17,33
19845,16,33
19846,17,33
19847,17,34
19848,17,35
19849,17,33
19850,17,34
19851,17,35
19852,17,31
19853,17,32
19854,17,35
19855,17,34
19856,16,33
19857,17,35
19858,17,35
19859,17,35
19860,17,35
19861,16,32
19862,17,32
19863,16,32
19864,16,32
19865,17,32
19866,17,31
19867,17,32
19868,16,34
19869,17,35
19870,17,31
19871,16,32
19872,16,35
19873,16,30
19874,16,32
19875,17,31
19876,17,35
19877,17,33
19878,17,33
19879,17,32
19880,17,33
19881,17,34
19882,17,33
19883,16,32
19884,17,32
19885,17,35
19886,17,32
19887,17,33
19888,17,35
19889,16,34
19890,17,32
19891,17,32
19892,17,33
19893,16,32
19894,17,32
19895,17,32
19896,17,35
19897,17,31
19898,17,34
19899,17,32
19900,16,33
19901,17,31
19902,17,31
19903,17,32
19904,17,33
19905,16,34
19906,16,34
19907,17,32
19908,16,33
19909,16,34
19910,17,31
19911,16,34
19912,17,33
19913,16,30
19914,17,31
19915,16,31
19916,17,33
19917,17,33
19918,17,31
19919,16,35
19920,17,32
19921,17,34
19922,17,33
19923,17,31
19924,17,30
19925,17,32
19926,17,31
19927,16,33
19928,17,35
19929,16,32
19930,16,31
19931,16,32
19932,17,35
19933,17,34
19934,17,31
19935,17,32
19936,17,31
19937,16,35
19938,17,31
19939,17,32
19940,17,32
19941,16,33
19942,16,33
19943,17,33
19944,17,33
19945,16,33
19946,17,33
19947,17,32
19948,17,34
19949,17,32
19950,17,32
19951,16,33
19952,17,34
19953,17,33
19954,17,34
19955,17,32
19956,17,33
19957,17,32
19958,16,32
19959,17,33
19960,17,33
19961,17,33
19962,17,35
19963,17,32
19964,16,32
19965,17,33
19966,17,33
19967,17,33
19968,17,32
19969,17,35
19970,17,33
19971,17,31
19972,17,33
19973,16,32
19974,17,35
19975,16,33
19976,16,31
19977,16,32
19978,17,33
19979,17,32
19980,17,32
19981,17,33
19982,17,35
19983,17,34
19984,17,36
19985,17,36
19986,17,32
19987,16,34
19988,17,32
19989,17,35
19990,17,31
19991,17,32
19992,17,33
19993,17,34
19994,17,34
19995,17,31
19996,16,36
19997,16,32
19998,17,32
19999,17,34
20000,17,32
20001,16,32
20002,17,33
20003,16,33
20004,17,33
20005,17,36
20006,17,35
20007,17,33
20008,16,32
20009,17,32
20010,17,34
20011,17,33
20012,17,33
20013,17,33
20014,16,32
20015,16,33
20016,17,36
20017,17,32
20018,17,32
20019,17,34
20020,17,32
20021,16,34
20022,17,33
20023,16,34
20024,17,31
20025,16,34
20026,16,32
20027,16,35
20028,16,35
20029,17,32
20030,16,31
20031,17,34
20032,17,32
20033,17,32
20034,16,32
20035,17,32
20036,17,32
20037,17,31
20038,17,32
20039,17,33
20040,16,31
20041,17,32
20042,17,31
20043,17,33
20044,16,36
20045,17,35
20046,17,33
20047,17,31
20048,17,32
20049,17,34
20050,17,32
20051,16,33
20052,17,33
20053,17,33
20054,16,32
20055,17,32
20056,17,31
20057,16,33
20058,17,33
20059,17,35
20060,17,34
20061,17,33
20062,17,34
20063,17,31
20064,17,31
20065,17,33
20066,17,34
20067,17,32
20068,17,33
20069,17,34
20070,17,31
20071,17,33
20072,17,35
20073,17,32
20074,16,32
20075,17,32
20076,17,33
20077,17,34
20078,16,32
20079,17,32
20080,16,32
20081,17,32
20082,17,32
20083,17,35
20084,16,33
20085,17,32
20086,17,32
20087,17,34
20088,17,33
20089,17,34
20090,17,33
20091,17,34
20092,17,35
20093,17,33
20094,17,32
20095,17,32
20096,16,31
20097,16,34
20098,17,34
20099,17,36
20100,17,31
20101,17,31
20102,17,32
20103,17,33
20104,17,30
20105,17,32
20106,17,32
20107,17,34
20108,17,31
20109,17,33
20110,17,32
20111,17,31
20112,17,36
20113,17,31
20114,16,32
20115,17,33
20116,16,34
20117,16,34
20118,17,34
20119,17,34
20120,16,33
20121,17,34
20122,17,31
20123,17,34
20124,16,32
20125,17,34
20126,17,34
20127,17,32
20128,17,31
20129,16,33
20130,16,32
20131,17,32
20132,17,33
20133,17,30
20134,17,31
20135,17,33
20136,17,33
20137,16,31
20138,17,31
20139,16,33
20140,17,32
20141,17,32
20142,16,32
20143,17,34
20144,17,32
20145,16,32
20146,17,34
20147,17,34
20148,17,33
20149,16,33
20150,17,32
20151,17,33
20152,17,33
20153,17,33
20154,17,31
20155,17,33
20156,17,32
20157,17,35
20158,17,32
20159,17,30
20160,16,34
20161,17,32
20162,16,31
20163,17,34
20164,17,33
20165,17,34
20166,17,34
20167,16,34
20168,17,35
20169,17,32
20170,17,35
20171,17,33
20172,17,31
20173,17,31
20174,17,32
20175,17,31
20176,17,31
20177,17,32
20178,17,35
20179,17,33
20180,17,35
20181,17,31
20182,17,32
20183,16,32
20184,17,33
20185,16,32
20186,17,32
20187,17,33
20188,17,32
20189,16,33
20190,17,33
20191,17,32
20192,17,33
20193,16,32
20194,17,33
20195,16,32
20196,17,32
20197,17,31
20198,17,35
20199,17,32
20200,17,32
20201,17,32
20202,17,33
20203,17,33
20204,17,32
20205,17,33
20206,17,33
20207,17,32
20208,16,32
20209,17,32
20210,17,33
20211,17,32
20212,17,32
20213,17,33
20214,16,34
20215,17,36
20216,16,35
20217,16,34
20218,17,34
20219,17,32
20220,17,34
20221,17,30
20222,17,33
20223,17,33
20224,17,33
20225,17,32
20226,17,34
20227,17,33
20228,17,32
20229,17,32
20230,17,33
20231,17,33
20232,16,33
20233,16,31
20234,17,32
20235,17,31
20236,17,35
20237,16,32
20238,17,35
20239,17,32
20240,17,31
20241,17,31
20242,17,32
20243,17,33
20244,16,32
20245,17,34
20246,16,36
20247,17,35
20248,17,33
20249,16,32
20250,17,33
20251,17,32
20252,16,30
20253,17,33
20254,16,33
20255,17,31
20256,17,31
20257,17,33
20258,17,33
20259,16,34
20260,17,32
20261,17,33
20262,17,33
20263,17,34
20264,17,32
20265,16,33
20266,17,35
20267,17,33
20268,17,32
20269,16,33
20270,17,34
20271,17,32
20272,17,33
20273,17,33
20274,17,33
20275,17,33
20276,16,34
20277,16,32
20278,17,34
20279,16,32
20280,17,34
20281,17,33
20282,16,32
20283,17,32
20284,17,32
20285,17,31
20286,17,32
20287,16,31
20288,17,36
20289,17,33
20290,17,33
20291,17,33
20292,17,35
20293,17,32
20294,17,30
20295,17,33
20296,17,34
20297,17,35
20298,17,34
20299,17,32
20300,17,32
20301,17,34
20302,17,34
20303,17,33
20304,16,33
20305,17,31
20306,17,32
20307,16,31
20308,17,34
20309,17,33
20310,17,31
20311,17,34
20312,17,32
20313,17,34
20314,17,32
20315,17,32
20316,17,33
20317,17,33
20318,17,33
20319,17,33
20320,16,34
20321,16,33
20322,17,33
20323,17,33
20324,16,33
20325,17,35
20326,16,34
20327,17,32
20328,17,31
20329,16,32
20330,17,32
20331,17,34
20332,17,34
20333,17,34
20334,16,33
20335,16,33
20336,17,33
20337,17,33
20338,17,33
20339,16,33
20340,17,33
20341,17,31
20342,17,31
20343,17,34
20344,17,34
20345,16,32
20346,17,32
20347,17,32
20348,17,34
20349,17,32
20350,16,34
20351,17,34
20352,17,32
20353,16,33
20354,17,34
20355,17,31
20356,17,30
20357,16,33
20358,17,33
20359,17,33
20360,16,31
20361,17,31
20362,17,32
20363,17,32
20364,17,35
20365,16,32
20366,16,33
20367,16,34
20368,17,32
20369,17,32
20370,17,33
20371,17,33
20372,17,32
20373,17,34
20374,17,34
20375,16,31
20376,17,32
20377,17,36
20378,17,34
20379,17,33
20380,17,31
20381,17,31
20382,17,32
20383,17,31
20384,16,32
20385,16,33
20386,17,33
20387,17,33
20388,17,33
20389,17,32
20390,17,34
20391,17,31
20392,17,31
20393,17,33
20394,17,33
20395,17,33
20396,17,32
20397,17,36
20398,17,34
20399,17,35
20400,17,32
20401,16,34
20402,17,33
20403,17,34
20404,17,35
20405,17,32
20406,17,33
20407,17,33
20408,17,33
20409,16,32
20410,17,32
20411,17,32
20412,16,31
20413,17,31
20414,16,32
20415,17,32
20416,17,34
20417,17,34
20418,17,32
20419,17,33
20420,17,32
20421,17,35
20422,17,33
20423,17,35
20424,17,33
20425,17,35
20426,17,31
20427,17,32
20428,17,32
20429,17,33
20430,17,32
20431,17,33
20432,17,34
20433,17,31
20434,17,30
20435,17,35
20436,17,33
20437,17,32
20438,17,33
20439,17,33
20440,17,33
20441,17,34
20442,17,32
20443,17,32
20444,17,32
20445,17,33
20446,17,32
20447,17,36
20448,17,33
20449,17,34
20450,17,33
20451,17,32
20452,17,32
20453,17,32
20454,17,32
20455,16,34
20456,16,34
20457,17,35
20458,17,31
20459,16,32
20460,16,33
20461,17,33
20462,17,34
20463,16,32
20464,16,34
20465,17,33
20466,17,33
20467,17,33
20468,17,33
20469,17,34
20470,17,31
20471,17,34
20472,16,33
20473,17,34
20474,17,34
20475,17,32
20476,17,37
20477,16,34
20478,17,35
20479,17,33
20480,16,32
20481,17,32
20482,16,34
20483,17,32
20484,17,32
20485,17,32
20486,17,31
20487,16,32
20488,16,34
20489,17,33
20490,17,32
20491,17,32
20492,17,34
20493,17,34
20494,17,32
20495,17,33
20496,17,32
20497,17,34
20498,17,33
20499,17,32
20500,17,33
20501,17,33
20502,17,34
20503,16,33
20504,16,31
20505,17,33
20506,17,34
20507,17,33
20508,17,33
20509,17,34
20510,16,33
20511,17,34
20512,17,32
20513,17,34
20514,17,32
20515,17,32
20516,17,32
20517,17,31
20518,17,35
20519,17,33
20520,17,33
20521,17,31
20522,16,32
20523,17,32
20524,17,35
20525,17,30
20526,17,31
20527,17,32
20528,17,35
20529,17,31
20530,17,32
20531,17,31
20532,16,32
20533,17,36
20534,17,34
20535,17,32
20536,16,33
20537,17,32
20538,17,34
20539,17,33
20540,17,33
20541,17,32
20542,17,32
20543,17,35
20544,17,32
20545,16,33
20546,17,32
20547,17,31
20548,17,34
20549,17,32
20550,17,32
20551,17,32
20552,17,33
20553,17,34
20554,17,34
20555,17,31
20556,17,30
20557,17,34
20558,17,32
20559,16,33
20560,17,32
20561,17,34
20562,17,33
20563,17,33
20564,17,34
20565,16,31
20566,17,34
20567,17,33
20568,17,32
20569,17,34
20570,17,33
20571,16,33
20572,17,34
20573,17,31
20574,17,34
20575,17,35
20576,17,33
20577,17,32
20578,17,35
20579,17,33
20580,17,35
20581,17,35
20582,17,33
20583,16,32
20584,17,33
20585,17,32
20586,17,32
20587,16,34
20588,17,33
20589,17,31
20590,17,33
20591,17,33
20592,17,33
20593,17,33
20594,16,33
20595,17,34
20596,17,33
20597,16,32
20598,17,34
20599,17,32
20600,17,36
20601,17,33
20602,16,33
20603,17,32
20604,17,31
20605,17,36
20606,17,34
20607,17,33
20608,17,34
20609,17,34
20610,17,33
20611,17,34
20612,17,33
20613,17,34
20614,17,33
20615,17,35
20616,17,34
20617,17,32
20618,17,33
20619,17,35
20620,17,33
20621,17,30
20622,17,34
20623,17,34
20624,17,34
20625,17,34
20626,17,32
20627,17,33
20628,17,34
20629,17,32
20630,17,32
20631,17,30
20632,17,31
20633,17,34
20634,17,32
20635,17,33
20636,17,34
20637,17,33
20638,17,32
20639,17,34
20640,17,34
20641,17,37
20642,17,31
20643,17,33
20644,17,33
20645,17,33
20646,17,33
20647,17,34
20648,17,32
20649,17,34
20650,17,34
20651,16,32
20652,16,32
20653,16,34
20654,17,34
20655,16,32
20656,17,32
20657,17,33
20658,16,36
20659,17,31
20660,17,33
20661,16,35
20662,16,33
20663,17,32
20664,17,32
20665,17,31
20666,17,31
20667,16,35
20668,16,38
20669,17,34
20670,17,31
20671,17,33
20672,17,33
20673,17,33
20674,17,33
20675,17,32
20676,17,33
20677,17,31
20678,17,34
20679,17,33
20680,17,33
20681,17,33
20682,16,36
20683,17,33
20684,17,34
20685,17,33
20686,17,32
20687,17,31
20688,17,34
20689,17,32
20690,16,35
20691,17,33
20692,17,33
20693,17,32
20694,17,31
20695,17,32
20696,17,32
20697,17,32
20698,17,32
20699,17,32
20700,17,33
20701,17,35
20702,17,33
20703,17,34
20704,17,32
20705,17,32
20706,17,34
20707,17,32
20708,17,34
20709,17,31
20710,17,32
20711,17,33
20712,17,32
20713,17,32
20714,17,35
20715,17,31
20716,17,33
20717,17,33
20718,16,33
20719,17,34
20720,17,32
20721,17,32
20722,17,31
20723,17,32
20724,17,32
20725,17,32
20726,16,34
20727,17,31
20728,17,31
20729,17,32
20730,17,34
20731,17,32
20732,17,33
20733,17,33
20734,17,33
20735,17,31
20736,17,35
20737,17,32
20738,17,33
20739,17,32
20740,16,32
20741,17,33
20742,16,34
20743,17,33
20744,17,33
20745,17,32
20746,17,34
20747,17,34
20748,17,33
20749,17,31
20750,17,32
20751,16,31
20752,17,32
20753,17,33
20754,17,32
20755,17,35
20756,17,32
20757,17,36
20758,17,34
20759,17,32
20760,16,34
20761,17,32
20762,17,32
20763,16,33
20764,17,33
20765,17,33
20766,17,33
20767,17,32
20768,17,32
20769,17,33
20770,17,34
20771,17,33
20772,17,34
20773,17,34
20774,17,33
20775,17,36
20776,17,31
20777,17,32
20778,17,33
20779,17,31
20780,17,34
20781,17,31
20782,17,33
20783,17,33
20784,17,39
20785,17,32
20786,17,33
20787,17,32
20788,17,32
20789,17,32
20790,17,33
20791,17,33
20792,17,30
20793,17,33
20794,17,33
20795,17,33
20796,17,32
20797,17,33
20798,16,33
20799,17,34
20800,17,31
20801,17,33
20802,17,34
20803,17,31
20804,16,35
20805,17,32
20806,16,34
20807,17,34
20808,17,33
20809,17,32
20810,16,33
20811,17,33
20812,17,33
20813,17,32
20814,17,35
20815,17,30
20816,17,33
20817,17,34
20818,17,34
20819,17,31
20820,17,35
20821,17,32
20822,17,33
20823,17,34
20824,17,31
20825,17,34
20826,17,33
20827,16,32
20828,17,32
20829,17,33
20830,17,33
20831,17,34
20832,17,32
20833,17,35
20834,16,30
20835,17,31
20836,17,33
20837,17,33
20838,17,34
20839,17,33
20840,17,32
20841,17,31
20842,17,31
20843,17,32
20844,16,32
20845,17,33
20846,17,34
20847,17,33
20848,17,32
20849,17,35
20850,17,34
20851,17,34
20852,17,31
20853,17,34
20854,17,32
20855,17,33
20856,17,33
20857,17,32
20858,17,34
20859,17,33
20860,17,32
20861,17,32
20862,17,32
20863,17,32
20864,17,33
20865,17,31
20866,17,34
20867,17,36
20868,17,33
20869,17,33
20870,17,32
20871,17,34
20872,17,34
20873,17,33
20874,16,35
20875,17,32
20876,17,31
20877,17,33
20878,17,31
20879,17,33
20880,17,31
20881,17,33
20882,17,34
20883,17,32
20884,17,31
20885,17,32
20886,17,30
20887,17,34
20888,17,33
20889,16,34
20890,17,32
20891,17,34
20892,17,35
20893,17,33
20894,17,34
20895,17,33
20896,17,31
20897,17,34
20898,17,31
20899,17,32
20900,17,33
20901,17,33
20902,17,35
20903,17,32
20904,17,34
20905,17,34
20906,17,35
20907,17,33
20908,17,33
20909,17,33
20910,17,33
20911,16,32
20912,17,31
20913,17,36
20914,17,34
20915,17,34
20916,17,32
20917,17,35
20918,17,34
20919,17,31
20920,16,32
20921,17,32
20922,17,35
20923,16,33
20924,17,31
20925,17,33
20926,17,35
20927,17,33
20928,16,33
20929,17,33
20930,17,32
20931,17,36
20932,16,33
20933,17,34
20934,17,32
20935,17,31
20936,17,34
20937,17,34
20938,17,33
20939,17,32
20940,17,33
20941,17,33
20942,17,34
20943,17,33
20944,17,33
20945,16,33
20946,17,35
20947,17,32
20948,17,34
20949,17,34
20950,16,31
20951,17,32
20952,17,32
20953,16,35
20954,17,34
20955,17,31
20956,17,32
20957,17,34
20958,17,34
20959,16,32
20960,17,35
20961,16,33
20962,17,32
20963,17,33
20964,17,32
20965,17,32
20966,17,34
20967,17,33
20968,16,33
20969,17,35
20970,17,34
20971,17,33
20972,17,34
20973,17,33
20974,17,31
20975,17,33
20976,17,33
20977,17,33
20978,17,32
20979,17,31
20980,17,38
20981,17,33
20982,17,34
20983,17,33
20984,17,33
20985,17,33
20986,17,32
20987,17,33
20988,17,32
20989,16,31
20990,17,35
20991,17,33
20992,17,32
20993,17,34
20994,17,32
20995,17,32
20996,17,33
20997,17,32
20998,17,31
20999,17,36
21000,17,35
21001,17,33
21002,17,33
21003,17,34
21004,17,32
21005,17,34
21006,17,32
21007,17,32
21008,17,33
21009,17,32
21010,17,31
21011,16,34
21012,17,32
21013,16,33
21014,17,37
21015,16,34
21016,17,33
21017,16,33
21018,17,32
21019,17,34
21020,17,33
21021,17,33
21022,17,34
21023,17,35
21024,17,34
21025,17,32
21026,17,32
21027,17,35
21028,17,33
21029,16,33
21030,17,32
21031,17,32
21032,17,32
21033,17,33
21034,17,34
21035,17,36
21036,17,33
21037,17,34
21038,17,31
21039,17,33
21040,17,34
21041,17,33
21042,16,33
21043,17,34
21044,17,33
21045,17,33
21046,17,34
21047,17,32
21048,17,32
21049,17,34
21050,16,32
21051,17,33
21052,17,32
21053,17,34
21054,17,33
21055,17,31
21056,17,33
21057,17,33
21058,17,33
21059,17,36
21060,17,34
21061,17,32
21062,17,32
21063,17,31
21064,17,32
21065,17,32
21066,17,33
21067,17,32
21068,17,34
21069,17,32
21070,17,31
21071,17,33
21072,17,33
21073,17,33
21074,17,34
21075,17,32
21076,17,33
21077,17,33
21078,17,33
21079,17,31
21080,17,33
21081,17,34
21082,17,33
21083,17,35
21084,17,32
21085,17,32
21086,17,35
21087,17,34
21088,17,33
21089,16,34
21090,17,32
21091,17,32
21092,17,36
21093,17,31
21094,17,31
21095,17,32
21096,17,35
21097,17,34
21098,16,32
21099,17,32
21100,17,36
21101,17,32
21102,16,33
21103,17,34
21104,17,33
21105,17,33
21106,17,32
21107,17,34
21108,17,32
21109,17,32
21110,17,31
21111,17,31
21112,17,33
21113,17,35
21114,17,32
21115,17,34
21116,17,33
21117,17,34
21118,17,33
21119,17,31
21120,17,32
21121,17,33
21122,17,33
21123,17,34
21124,17,33
21125,17,31
21126,17,32
21127,17,31
21128,16,33
21129,17,35
21130,17,31
21131,17,35
21132,17,35
21133,17,33
21134,17,34
21135,17,33
21136,17,31
21137,17,34
21138,17,32
21139,17,34
21140,17,32
21141,17,34
21142,17,32
21143,17,34
21144,17,34
21145,17,32
21146,17,32
21147,17,33
21148,16,33
21149,17,35
21150,17,32
21151,17,32
21152,17,33
21153,17,32
21154,17,33
21155,17,38
21156,17,32
21157,17,32
21158,17,30
21159,17,33
21160,17,37
21161,17,31
21162,17,34
21163,16,34
21164,17,31
21165,17,33
21166,17,33
21167,17,34
21168,17,32
21169,17,35
21170,17,33
21171,17,33
21172,17,32
21173,17,36
21174,17,31
21175,17,32
21176,17,31
21177,17,31
21178,17,35
21179,17,33
21180,17,35
21181,17,31
21182,17,33
21183,17,32
21184,17,33
21185,17,34
21186,17,34
21187,17,31
21188,17,31
21189,17,31
21190,17,35
21191,17,31
21192,17,34
21193,17,33
21194,17,36
21195,16,34
21196,17,34
21197,17,33
21198,17,32
21199,17,34
21200,17,33
21201,17,33
21202,17,32
21203,17,32
21204,16,32
21205,17,33
21206,17,33
21207,17,32
21208,17,36
21209,17,31
21210,17,34
21211,16,33
21212,17,35
21213,17,32
21214,17,35
21215,17,34
21216,17,31
21217,17,32
21218,17,31
21219,17,36
21220,17,34
21221,17,32
21222,17,33
21223,17,33
21224,17,32
21225,17,34
21226,17,33
21227,17,34
21228,17,34
21229,17,35
21230,17,32
21231,17,34
21232,17,32
21233,17,34
21234,17,32
21235,17,32
21236,17,32
21237,17,32
21238,17,31
21239,17,35
21240,17,35
21241,17,31
21242,17,36
21243,17,32
21244,17,35
21245,17,33
21246,17,32
21247,17,32
21248,17,32
21249,17,33
21250,17,34
21251,17,31
21252,17,34
21253,17,33
21254,17,35
21255,17,34
21256,17,36
21257,17,31
21258,17,35
21259,17,34
21260,17,31
21261,17,36
21262,17,32
21263,17,35
21264,17,34
21265,17,34
21266,17,32
21267,17,32
21268,17,34
21269,17,32
21270,17,34
21271,17,32
21272,17,32
21273,17,31
21274,17,34
21275,17,32
21276,17,32
21277,17,33
21278,17,33
21279,17,30
21280,16,34
21281,17,34
21282,17,32
21283,17,32
21284,17,32
21285,17,32
21286,17,32
21287,17,33
21288,17,34
21289,17,32
21290,16,33
21291,17,32
21292,17,33
21293,17,34
21294,16,34
21295,17,34
21296,17,37
21297,17,32
21298,16,33
21299,17,32
21300,17,35
21301,17,32
21302,17,36
21303,17,33
21304,17,35
21305,17,33
21306,17,32
21307,16,31
21308,17,32
21309,17,31
21310,17,30
21311,17,32
21312,17,34
21313,17,32
21314,17,33
21315,17,32
21316,17,34
21317,17,34
21318,17,34
21319,17,33
21320,17,31
21321,17,32
21322,16,33
21323,17,35
21324,17,33
21325,17,32
21326,17,33
21327,17,32
21328,17,34
21329,17,34
21330,17,34
21331,17,33
21332,17,33
21333,17,33
21334,17,36
21335,17,35
21336,17,34
21337,16,35
21338,17,32
21339,17,31
21340,17,33
21341,17,31
21342,17,34
21343,17,35
21344,17,36
21345,17,33
21346,16,33
21347,17,33
21348,17,32
21349,17,31
21350,17,32
21351,17,33
21352,17,33
21353,17,32
21354,17,34
21355,17,34
21356,17,31
21357,17,35
21358,17,33
21359,17,34
21360,17,33
21361,17,33
21362,17,33
21363,17,33
21364,17,34
21365,17,33
21366,17,36
21367,17,35
21368,17,33
21369,17,32
21370,17,34
21371,17,32
21372,16,32
21373,17,33
21374,17,34
21375,17,33
21376,17,34
21377,17,33
21378,17,32
21379,17,31
21380,17,34
21381,17,35
21382,16,33
21383,17,33
21384,17,32
21385,17,36
21386,17,33
21387,17,34
21388,17,31
21389,17,32
21390,16,34
21391,17,33
21392,17,31
21393,17,33
21394,17,33
21395,17,34
21396,17,32
21397,17,33
21398,17,33
21399,17,33
21400,17,33
21401,17,36
21402,17,33
21403,16,34
21404,17,34
21405,17,31
21406,17,33
21407,17,33
21408,17,31
21409,17,32
21410,17,33
21411,17,35
21412,17,32
21413,16,32
21414,17,34
21415,17,34
21416,17,34
21417,17,34
21418,17,34
21419,17,33
21420,17,32
21421,17,31
21422,17,35
21423,17,33
21424,17,33
21425,17,33
21426,17,35
21427,17,33
21428,17,32
21429,17,32
21430,17,34
21431,17,32
21432,17,32
21433,17,33
21434,17,31
21435,17,31
21436,17,32
21437,17,34
21438,17,32
21439,17,32
21440,17,32
21441,17,35
21442,17,33
21443,17,34
21444,17,34
21445,17,34
21446,17,34
21447,17,34
21448,17,32
21449,17,33
21450,17,37
21451,17,33
21452,17,33
21453,17,31
21454,17,33
21455,17,32
21456,17,32
21457,17,32
21458,17,33
21459,17,33
21460,17,34
21461,17,34
21462,17,32
21463,17,36
21464,17,32
21465,17,34
21466,17,32
21467,17,32
21468,17,33
21469,17,34
21470,17,33
21471,17,33
21472,17,33
21473,17,33
21474,16,34
21475,17,32
21476,17,32
21477,17,31
21478,17,35
21479,16,34
21480,17,33
21481,17,33
21482,17,34
21483,17,33
21484,17,31
21485,17,33
21486,17,31
21487,17,34
21488,17,32
21489,17,32
21490,17,33
21491,17,34
21492,17,33
21493,17,33
21494,17,34
21495,17,34
21496,17,33
21497,17,32
21498,17,37
21499,17,32
21500,17,34
21501,17,32
21502,17,32
21503,17,33
21504,17,32
21505,17,35
21506,17,34
21507,17,33
21508,17,33
21509,17,34
21510,17,33
21511,17,32
21512,17,34
21513,17,32
21514,17,32
21515,17,33
21516,17,33
21517,17,34
21518,17,36
21519,17,32
21520,17,32
21521,16,33
21522,17,33
21523,17,31
21524,17,35
21525,17,34
21526,17,34
21527,17,34
21528,17,33
21529,17,33
21530,17,34
21531,17,34
21532,17,34
21533,17,31
21534,17,34
21535,17,34
21536,17,31
21537,17,33
21538,17,35
21539,17,32
21540,17,34
21541,17,31
21542,17,33
21543,16,34
21544,17,32
21545,17,32
21546,17,33
21547,17,34
21548,17,31
21549,17,35
21550,17,32
21551,17,33
21552,17,33
21553,17,34
21554,16,33
21555,17,32
21556,17,33
21557,17,31
21558,17,35
21559,17,32
21560,17,33
21561,17,31
21562,17,31
21563,17,32
21564,17,36
21565,17,33
21566,17,34
21567,17,33
21568,17,32
21569,17,34
21570,17,32
21571,17,36
21572,17,33
21573,17,32
21574,17,33
21575,17,34
21576,17,34
21577,17,36
21578,17,35
21579,17,33
21580,17,31
21581,17,34
21582,17,35
21583,17,34
21584,17,32
21585,17,32
21586,17,34
21587,17,33
21588,17,33
21589,17,33
21590,16,35
21591,17,32
21592,17,32
21593,17,33
21594,17,34
21595,17,35
21596,17,30
21597,17,34
21598,17,33
21599,17,33
21600,17,32
21601,17,32
21602,17,32
21603,17,35
21604,17,33
21605,17,31
21606,17,33
21607,17,32
21608,17,35
21609,17,34
21610,17,32
21611,17,33
21612,17,33
21613,17,33
21614,17,32
21615,17,32
21616,17,33
21617,17,33
21618,17,33
21619,17,34
21620,17,34
21621,17,33
21622,17,35
21623,17,33
21624,17,33
21625,17,34
21626,17,33
21627,17,32
21628,17,33
21629,17,32
21630,17,35
21631,16,32
21632,17,32
21633,17,32
21634,16,32
21635,16,33
21636,17,32
21637,17,32
21638,17,34
21639,17,33
21640,17,35
21641,17,34
21642,17,35
21643,17,32
21644,17,33
21645,17,32
21646,16,32
21647,17,32
21648,17,33
21649,17,34
21650,17,36
21651,17,33
21652,17,33
21653,17,33
21654,17,33
21655,17,33
21656,17,31
21657,17,33
21658,17,34
21659,17,32
21660,17,33
21661,17,33
21662,17,32
21663,17,34
21664,17,31
21665,17,35
21666,17,33
21667,17,32
21668,17,31
21669,17,35
21670,17,33
21671,17,34
21672,17,33
21673,17,32
21674,17,36
21675,17,34
21676,17,32
21677,17,34
21678,16,33
21679,17,33
21680,17,35
21681,17,31
21682,17,35
21683,17,33
21684,17,33
21685,17,35
21686,17,32
21687,17,32
21688,17,33
21689,17,32
21690,17,32
21691,17,32
21692,17,30
21693,17,32
21694,17,34
21695,17,35
21696,17,32
21697,17,32
21698,17,32
21699,17,34
21700,17,34
21701,17,34
21702,17,33
21703,17,32
21704,17,32
21705,17,30
21706,17,32
21707,17,34
21708,16,32
21709,17,33
21710,17,35
21711,17,32
21712,17,33
21713,17,33
21714,17,34
21715,17,32
21716,17,34
21717,17,35
21718,17,34
21719,17,32
21720,17,34
21721,17,35
21722,17,34
21723,17,32
21724,17,33
21725,17,33
21726,17,34
21727,17,33
21728,17,31
21729,17,34
21730,17,35
21731,17,33
21732,17,35
21733,17,34
21734,16,34
21735,17,32
21736,17,32
21737,17,35
21738,17,34
21739,17,32
21740,17,33
21741,17,34
21742,17,35
21743,17,32
21744,17,33
21745,17,34
21746,17,31
21747,17,33
21748,17,33
21749,17,33
21750,17,35
21751,17,33
21752,17,34
21753,17,31
21754,17,34
21755,17,33
21756,17,31
21757,17,33
21758,17,33
21759,17,31
21760,17,32
21761,17,35
21762,17,33
21763,17,31
21764,17,33
21765,17,34
21766,17,34
21767,17,33
21768,17,32
21769,17,34
21770,17,33
21771,17,34
21772,17,33
21773,17,33
21774,17,33
21775,17,33
21776,17,32
21777,17,32
21778,17,32
21779,17,33
21780,17,35
21781,17,35
21782,17,34
21783,17,31
21784,17,34
21785,17,32
21786,17,33
21787,17,33
21788,17,32
21789,17,34
21790,17,34
21791,17,35
21792,17,30
21793,17,33
21794,17,33
21795,17,31
21796,16,33
21797,17,31
21798,17,34
21799,17,32
21800,17,31
21801,17,34
21802,17,34
21803,17,32
21804,17,32
21805,17,34
21806,17,33
21807,17,32
21808,17,32
21809,17,33
21810,17,32
21811,17,33
21812,17,33
21813,17,35
21814,17,31
21815,17,33
21816,17,35
21817,17,32
21818,17,33
21819,17,34
21820,17,34
21821,17,34
21822,17,33
21823,17,33
21824,17,32
21825,17,33
21826,17,31
21827,17,34
21828,17,35
21829,17,33
21830,17,34
21831,17,33
21832,17,31
21833,17,34
21834,17,33
21835,17,32
21836,17,31
21837,17,32
21838,17,34
21839,17,33
21840,17,34
21841,17,31
21842,17,33
21843,17,32
21844,17,34
21845,17,32
21846,17,33
21847,17,35
21848,17,31
21849,17,34
21850,17,34
21851,17,34
21852,17,32
21853,17,32
21854,17,32
21855,17,31
21856,17,34
21857,17,35
21858,17,34
21859,17,34
21860,17,32
21861,17,32
21862,17,33
21863,17,34
21864,17,33
21865,17,34
21866,17,34
21867,17,34
21868,17,32
21869,17,33
21870,17,33
21871,17,34
21872,17,36
21873,17,32
21874,17,34
21875,17,33
21876,17,34
21877,17,34
21878,17,34
21879,17,34
21880,17,34
21881,17,34
21882,17,33
21883,17,32
21884,17,33
21885,17,34
21886,17,34
21887,17,35
21888,17,33
21889,17,33
21890,17,33
21891,17,32
21892,17,35
21893,17,33
21894,17,33
21895,17,32
21896,17,33
21897,17,34
21898,17,33
21899,17,35
21900,17,32
21901,16,32
21902,16,33
21903,16,33
21904,17,32
21905,17,32
21906,17,31
21907,17,32
21908,17,32
21909,17,36
21910,17,33
21911,17,32
21912,17,37
21913,17,32
21914,17,34
21915,17,34
21916,17,34
21917,17,31
21918,17,33
21919,17,33
21920,17,34
21921,17,33
21922,17,32
21923,17,34
21924,17,33
21925,17,32
21926,17,35
21927,17,31
21928,17,31
21929,17,34
21930,17,31
21931,17,31
21932,17,35
21933,17,33
21934,17,32
21935,17,32
21936,17,32
21937,17,35
21938,17,32
21939,17,33
21940,17,32
21941,17,35
21942,17,34
21943,17,33
21944,17,33
21945,17,33
21946,17,36
21947,17,34
21948,16,33
21949,17,34
21950,17,33
21951,17,35
21952,17,33
21953,17,34
21954,17,33
21955,17,32
21956,17,32
21957,17,32
21958,17,32
21959,17,36
21960,17,34
21961,17,32
21962,17,36
21963,17,34
21964,17,31
21965,17,35
21966,17,35
21967,17,32
21968,17,35
21969,17,33
21970,17,32
21971,17,33
21972,17,31
21973,17,33
21974,17,34
21975,17,32
21976,17,34
21977,17,32
21978,17,32
21979,17,35
21980,17,34
21981,17,33
21982,17,32
21983,17,31
21984,17,32
21985,17,33
21986,17,33
21987,17,34
21988,17,33
21989,17,32
21990,17,33
21991,17,33
21992,17,35
21993,17,34
21994,17,34
21995,17,32
21996,17,32
21997,17,31
21998,17,34
21999,17,32
22000,17,34
22001,17,33
22002,17,33
22003,16,34
22004,17,36
22005,17,33
22006,17,35
22007,17,33
22008,17,33
22009,17,34
22010,17,35
22011,17,31
22012,17,35
22013,17,32
22014,17,36
22015,17,32
22016,17,31
22017,17,32
22018,16,32
22019,17,33
22020,17,32
22021,17,33
22022,17,34
22023,17,33
22024,17,32
22025,17,31
22026,17,34
22027,17,34
22028,17,31
22029,17,33
22030,17,36
22031,17,34
22032,17,33
22033,17,34
22034,17,32
22035,17,33
22036,17,35
22037,17,33
22038,17,33
22039,17,32
22040,17,34
22041,17,34
22042,17,33
22043,17,32
22044,17,33
22045,17,34
22046,17,34
22047,17,32
22048,17,34
22049,17,33
22050,17,31
22051,17,36
22052,17,33
22053,17,36
22054,17,32
22055,17,35
22056,17,32
22057,17,33
22058,17,34
22059,17,35
22060,17,34
22061,17,35
22062,17,32
22063,17,32
22064,17,35
22065,17,34
22066,17,32
22067,17,33
22068,17,34
22069,17,33
22070,17,33
22071,17,34
22072,17,33
22073,17,33
22074,17,34
22075,17,34
22076,17,33
22077,17,32
22078,17,34
22079,16,34
22080,17,32
22081,17,34
22082,17,33
22083,17,36
22084,17,33
22085,17,34
22086,17,33
22087,17,34
22088,17,33
22089,17,33
22090,17,35
22091,17,33
22092,17,32
22093,17,33
22094,17,34
22095,17,32
22096,17,34
22097,17,33
22098,17,31
22099,17,34
22100,17,34
22101,17,33
22102,17,34
22103,17,35
22104,17,36
22105,17,34
22106,17,32
22107,17,33
22108,17,31
22109,17,35
22110,16,36
22111,17,33
22112,17,33
22113,17,34
22114,17,33
22115,17,33
22116,17,32
22117,17,32
22118,17,36
22119,17,33
22120,17,33
22121,17,33
22122,17,34
22123,17,33
22124,17,33
22125,17,32
22126,16,32
22127,17,34
22128,17,33
22129,17,32
22130,17,33
22131,17,33
22132,17,31
22133,17,33
22134,17,33
22135,17,35
22136,17,35
22137,17,32
22138,17,34
22139,17,34
22140,17,35
22141,17,34
22142,17,34
22143,17,33
22144,17,33
22145,17,32
22146,17,32
22147,17,32
22148,17,35
22149,17,34
22150,17,35
22151,17,33
22152,17,33
22153,17,33
22154,17,33
22155,17,32
22156,17,34
22157,17,31
22158,17,32
22159,17,34
22160,17,31
22161,17,33
22162,17,34
22163,17,34
22164,17,34
22165,17,33
22166,16,33
22167,17,32
22168,17,34
22169,17,31
22170,17,32
22171,17,33
22172,17,33
22173,17,32
22174,17,34
22175,17,36
22176,17,33
22177,17,33
22178,17,35
22179,17,34
22180,17,36
22181,17,34
22182,17,33
22183,17,33
22184,17,33
22185,17,33
22186,17,34
22187,17,35
22188,17,32
22189,17,32
22190,17,34
22191,17,34
22192,17,36
22193,17,31
22194,17,32
22195,17,34
22196,17,35
22197,17,33
22198,17,36
22199,17,32
22200,17,34
22201,17,34
22202,17,32
22203,17,31
22204,17,32
22205,17,34
22206,17,32
22207,17,36
22208,17,35
22209,17,32
22210,17,32
22211,17,34
22212,17,32
22213,17,34
22214,17,32
22215,17,33
22216,17,33
22217,17,31
22218,17,32
22219,16,33
22220,17,32
22221,17,32
22222,17,34
22223,17,34
22224,17,33
22225,17,33
22226,17,34
22227,17,34
22228,17,34
22229,17,34
22230,17,32
22231,17,35
22232,17,34
22233,17,34
22234,17,34
22235,17,32
22236,17,34
22237,17,33
22238,17,33
22239,17,30
22240,17,34
22241,17,35
22242,16,33
22243,17,34
22244,17,32
22245,17,32
22246,17,32
22247,17,33
22248,17,35
22249,17,33
22250,17,35
22251,17,32
22252,17,33
22253,17,33
22254,17,31
22255,17,33
22256,17,34
22257,17,35
22258,17,36
22259,17,33
22260,17,33
22261,17,33
22262,17,34
22263,17,33
22264,17,33
22265,17,34
22266,17,33
22267,17,33
22268,17,33
22269,17,34
22270,17,35
22271,17,33
22272,17,33
22273,17,34
22274,17,33
22275,17,32
22276,17,33
22277,17,34
22278,17,33
22279,17,32
22280,17,32
22281,17,32
22282,17,33
22283,17,35
22284,17,34
22285,17,33
22286,17,34
22287,17,34
22288,17,34
22289,17,33
22290,17,32
22291,17,31
22292,17,37
22293,17,33
22294,17,35
22295,17,34
22296,17,35
22297,17,33
22298,17,33
22299,17,33
22300,17,35
22301,17,34
22302,17,31
22303,17,34
22304,17,33
22305,17,37
22306,17,34
22307,17,33
22308,17,33
22309,17,32
22310,17,34
22311,17,34
22312,17,35
22313,17,33
22314,17,33
22315,17,32
22316,17,34
22317,17,35
22318,17,33
22319,17,35
22320,17,34
22321,17,34
22322,17,32
22323,17,37
22324,17,33
22325,17,34
22326,17,35
22327,17,32
22328,17,33
22329,17,33
22330,17,36
22331,17,33
22332,17,34
22333,17,34
22334,17,32
22335,17,32
22336,17,34
22337,16,33
22338,17,35
22339,17,32
22340,17,35
22341,17,33
22342,17,33
22343,17,33
22344,17,33
22345,17,34
22346,17,35
22347,17,34
22348,17,35
22349,17,32
22350,17,34
22351,17,32
22352,17,33
22353,17,34
22354,17,31
22355,17,32
22356,17,34
22357,17,32
22358,17,32
22359,17,31
22360,17,33
22361,17,33
22362,17,33
22363,17,34
22364,17,33
22365,17,34
22366,17,32
22367,16,33
22368,17,33
22369,17,32
22370,17,32
22371,17,33
22372,17,30
22373,17,32
22374,17,33
22375,17,34
22376,17,33
22377,17,32
22378,17,31
22379,17,34
22380,17,32
22381,17,34
22382,17,32
22383,17,33
22384,17,33
22385,17,33
22386,17,34
22387,17,33
22388,17,32
22389,17,32
22390,17,33
22391,17,36
22392,17,32
22393,17,33
22394,17,34
22395,17,33
22396,17,31
22397,17,34
22398,17,34
22399,17,33
22400,17,34
22401,17,32
22402,17,33
22403,17,34
22404,17,32
22405,17,33
22406,17,35
22407,17,32
22408,17,32
22409,17,34
22410,17,34
22411,17,33
22412,17,34
22413,17,35
22414,17,32
22415,17,35
22416,17,33
22417,17,32
22418,17,32
22419,17,34
22420,17,35
22421,17,33
22422,17,32
22423,17,36
22424,17,33
22425,17,35
22426,17,31
22427,17,35
22428,17,34
22429,17,31
22430,17,35
22431,17,34
22432,17,32
22433,17,33
22434,17,35
22435,17,34
22436,17,35
22437,17,33
22438,17,33
22439,17,33
22440,17,32
22441,17,33
22442,17,31
22443,17,34
22444,17,33
22445,17,33
22446,17,35
22447,17,34
22448,17,32
22449,17,32
22450,17,34
22451,17,34
22452,17,34
22453,17,35
22454,17,32
22455,17,36
22456,17,32
22457,17,35
22458,17,32
22459,17,33
22460,17,36
22461,17,33
22462,17,32
22463,17,33
22464,17,34
22465,17,34
22466,17,32
22467,17,31
22468,17,33
22469,17,34
22470,17,31
22471,17,33
22472,17,35
22473,17,33
22474,17,34
22475,17,32
22476,17,33
22477,17,33
22478,17,33
22479,17,31
22480,17,32
22481,17,33
22482,17,34
22483,17,34
22484,17,34
22485,17,33
22486,17,34
22487,17,34
22488,17,34
22489,17,33
22490,17,35
22491,17,31
22492,17,34
22493,17,32
22494,17,33
22495,17,35
22496,17,34
22497,17,31
22498,17,33
22499,17,32
22500,17,32
22501,17,33
22502,17,34
22503,17,33
22504,17,33
22505,17,34
22506,17,32
22507,17,31
22508,17,32
22509,17,33
22510,17,34
22511,17,33
22512,17,34
22513,17,32
22514,17,34
22515,17,34
22516,17,33
22517,17,34
22518,17,35
22519,17,34
22520,17,35
22521,17,32
22522,17,33
22523,17,34
22524,17,31
22525,17,34
22526,17,33
22527,17,32
22528,17,33
22529,17,34
22530,17,35
22531,17,32
22532,17,34
22533,17,34
22534,17,35
22535,17,32
22536,17,34
22537,17,33
22538,17,33
22539,17,32
22540,17,34
22541,17,34
22542,17,33
22543,17,35
22544,17,33
22545,17,34
22546,17,35
22547,17,34
22548,17,32
22549,17,32
22550,17,36
22551,17,34
22552,17,34
22553,17,33
22554,17,34
22555,17,33
22556,17,32
22557,17,34
22558,17,34
22559,17,33
22560,17,33
22561,17,33
22562,17,32
22563,17,32
22564,17,33
22565,17,32
22566,17,32
22567,17,35
22568,17,32
22569,17,32
22570,17,33
22571,17,32
22572,17,32
22573,17,32
22574,17,34
22575,17,35
22576,17,31
22577,17,32
22578,17,33
22579,17,31
22580,17,32
22581,17,33
22582,17,32
22583,17,35
22584,17,33
22585,17,34
22586,17,34
22587,17,34
22588,17,32
22589,17,32
22590,17,32
22591,17,34
22592,17,32
22593,17,34
22594,17,31
22595,17,35
22596,17,35
22597,17,33
22598,17,34
22599,17,32
22600,17,32
22601,17,32
22602,17,35
22603,17,35
22604,17,34
22605,17,32
22606,17,33
22607,17,32
22608,17,31
22609,17,33
22610,17,32
22611,17,34
22612,17,33
22613,17,32
22614,17,35
22615,17,32
22616,17,32
22617,17,33
22618,17,34
22619,17,32
22620,17,35
22621,17,32
22622,17,33
22623,17,33
22624,17,32
22625,17,31
22626,16,32
22627,17,33
22628,17,34
22629,17,34
22630,17,35
22631,17,33
22632,17,32
22633,17,32
22634,17,32
22635,17,33
22636,17,31
22637,17,34
22638,17,34
22639,17,35
22640,17,34
22641,17,32
22642,17,32
22643,17,33
22644,17,32
22645,17,31
22646,17,32
22647,17,33
22648,17,34
22649,17,31
22650,17,34
22651,17,34
22652,17,32
22653,17,32
22654,17,33
22655,17,34
22656,17,31
22657,17,33
22658,17,32
22659,17,33
22660,17,36
22661,17,33
22662,17,32
22663,17,34
22664,17,35
22665,17,32
22666,17,35
22667,17,33
22668,17,32
22669,17,34
22670,17,31
22671,17,31
22672,17,33
22673,17,33
22674,17,35
22675,17,32
22676,17,33
22677,17,34
22678,17,33
22679,17,32
22680,17,32
22681,17,33
22682,17,32
22683,17,33
22684,17,34
22685,17,35
22686,17,35
22687,17,32
22688,17,31
22689,17,32
22690,17,33
22691,17,35
22692,17,33
22693,17,33
22694,17,34
22695,16,34
22696,17,35
22697,17,33
22698,17,32
22699,17,35
22700,17,33
22701,17,35
22702,17,34
22703,17,31
22704,17,31
22705,17,35
22706,17,32
22707,17,32
22708,17,33
22709,17,32
22710,17,34
22711,17,34
22712,17,33
22713,17,34
22714,17,33
22715,17,33
22716,17,32
22717,17,32
22718,17,34
22719,17,32
22720,17,33
22721,17,33
22722,17,34
22723,17,34
22724,17,35
22725,17,35
22726,17,33
22727,17,34
22728,17,35
22729,17,36
22730,17,32
22731,17,32
22732,17,32
22733,17,35
22734,17,34
22735,17,35
22736,17,32
22737,17,35
22738,17,31
22739,17,34
22740,17,34
22741,17,33
22742,17,33
22743,17,33
22744,17,32
22745,17,33
22746,17,32
22747,17,36
22748,17,33
22749,17,34
22750,17,32
22751,17,34
22752,17,35
22753,17,35
22754,17,31
22755,17,37
22756,17,35
22757,17,33
22758,17,35
22759,17,35
22760,17,33
22761,17,35
22762,17,33
22763,17,34
22764,17,33
22765,17,32
22766,17,34
22767,17,33
22768,17,33
22769,17,34
22770,17,35
22771,17,33
22772,17,34
22773,17,35
22774,17,34
22775,17,32
22776,17,33
22777,17,34
22778,17,33
22779,17,33
22780,17,34
22781,17,34
22782,17,35
22783,17,33
22784,17,34
22785,17,33
22786,17,34
22787,17,32
22788,17,34
22789,17,34
22790,17,36
22791,17,34
22792,17,36
22793,17,34
22794,17,33
22795,17,31
22796,17,33
22797,17,33
22798,17,34
22799,17,37
22800,17,32
22801,17,32
22802,17,34
22803,17,35
22804,17,33
22805,17,34
22806,17,34
22807,17,32
22808,17,33
22809,17,34
22810,17,35
22811,17,33
22812,17,32
22813,17,31
22814,17,32
22815,17,35
22816,17,33
22817,17,32
22818,17,33
22819,17,34
22820,17,34
22821,17,30
22822,17,34
22823,17,34
22824,17,34
22825,17,37
22826,17,34
22827,17,33
22828,17,32
22829,17,35
22830,17,32
22831,17,35
22832,17,32
22833,17,33
22834,17,34
22835,17,32
22836,17,32
22837,17,34
22838,17,32
22839,17,36
22840,17,32
22841,17,31
22842,17,33
22843,17,33
22844,17,34
22845,17,32
22846,17,35
22847,17,34
22848,17,33
22849,17,33
22850,17,34
22851,17,32
22852,17,37
22853,17,35
22854,17,33
22855,17,33
22856,17,32
22857,17,36
22858,17,32
22859,17,33
22860,17,32
22861,17,32
22862,17,34
22863,17,34
22864,17,32
22865,17,33
22866,17,33
22867,17,32
22868,17,34
22869,17,33
22870,17,33
22871,17,32
22872,17,34
22873,17,34
22874,17,32
22875,17,35
22876,17,33
22877,17,33
22878,17,35
22879,17,34
22880,17,34
22881,17,32
22882,17,34
22883,17,33
22884,17,33
22885,17,33
22886,17,36
22887,17,34
22888,17,32
22889,17,30
22890,17,33
22891,17,33
22892,17,34
22893,17,34
22894,17,35
22895,17,32
22896,17,32
22897,17,34
22898,17,36
22899,17,34
22900,17,33
22901,17,34
22902,17,34
22903,17,34
22904,17,33
22905,17,33
22906,17,32
22907,17,34
22908,17,33
22909,17,32
22910,17,33
22911,17,34
22912,17,32
22913,17,34
22914,17,33
22915,17,33
22916,17,33
22917,17,34
22918,17,33
22919,17,33
22920,17,35
22921,17,33
22922,17,35
22923,17,32
22924,17,33
22925,17,34
22926,17,32
22927,17,35
22928,17,33
22929,17,33
22930,17,33
22931,17,32
22932,17,34
22933,17,33
22934,17,31
22935,17,34
22936,17,35
22937,17,34
22938,17,33
22939,17,33
22940,17,33
22941,17,33
22942,17,32
22943,17,34
22944,17,33
22945,17,36
22946,17,32
22947,17,34
22948,17,32
22949,17,35
22950,17,33
22951,17,33
22952,17,33
22953,17,33
22954,17,32
22955,17,32
22956,17,33
22957,17,34
22958,17,33
22959,17,37
22960,17,35
22961,17,34
22962,17,35
22963,17,32
22964,17,32
22965,17,32
22966,17,33
22967,17,35
22968,17,34
22969,17,33
22970,17,33
22971,17,33
22972,17,32
22973,17,33
22974,17,32
22975,17,34
22976,17,33
22977,17,34
22978,17,30
22979,17,36
22980,17,33
22981,17,31
22982,17,35
22983,17,32
22984,17,34
22985,17,33
22986,17,35
22987,17,34
22988,17,34
22989,17,31
22990,17,34
22991,17,34
22992,17,33
22993,17,33
22994,17,32
22995,17,33
22996,17,33
22997,17,35
22998,17,32
22999,17,35
23000,17,33
23001,17,33
23002,17,35
23003,17,32
23004,17,33
23005,17,33
23006,17,34
23007,17,35
23008,17,33
23009,17,36
23010,17,34
23011,17,33
23012,17,33
23013,17,34
23014,17,33
23015,17,33
23016,17,34
23017,17,35
23018,17,33
23019,17,35
23020,17,32
23021,17,32
23022,17,32
23023,17,34
23024,17,34
23025,17,35
23026,17,34
23027,17,32
23028,17,33
23029,17,34
23030,17,35
23031,17,33
23032,17,33
23033,17,33
23034,17,34
23035,17,35
23036,17,31
23037,17,35
23038,17,31
23039,17,32
23040,17,32
23041,17,33
23042,17,32
23043,17,32
23044,17,32
23045,17,33
23046,17,34
23047,17,33
23048,17,31
23049,17,34
23050,17,33
23051,17,35
23052,17,36
23053,17,33
23054,17,34
23055,17,33
23056,17,34
23057,17,35
23058,17,33
23059,17,35
23060,17,32
23061,17,31
23062,17,33
23063,17,36
23064,17,32
23065,17,33
23066,17,35
23067,17,33
23068,17,33
23069,17,33
23070,17,31
23071,17,33
23072,17,34
23073,17,36
23074,17,33
23075,17,35
23076,17,34
23077,17,32
23078,17,34
23079,17,33
23080,17,32
23081,17,31
23082,17,33
23083,17,33
23084,17,33
23085,17,33
23086,17,33
23087,17,35
23088,17,33
23089,17,31
23090,17,33
23091,17,35
23092,17,33
23093,17,31
23094,17,35
23095,17,32
23096,17,31
23097,17,34
23098,17,32
23099,17,33
23100,17,33
23101,17,32
23102,17,34
23103,17,32
23104,17,31
23105,17,34
23106,17,33
23107,17,33
23108,17,35
23109,17,34
23110,17,32
23111,17,33
23112,17,34
23113,17,34
23114,17,33
23115,17,33
23116,17,36
23117,17,33
23118,17,34
23119,17,32
23120,17,33
23121,17,33
23122,17,33
23123,17,33
23124,17,33
23125,17,33
23126,17,33
23127,17,33
23128,17,32
23129,17,34
23130,17,34
23131,17,35
23132,17,31
23133,17,34
23134,17,35
23135,17,33
23136,17,35
23137,17,34
23138,17,33
23139,17,32
23140,17,33
23141,17,33
23142,17,33
23143,17,34
23144,17,32
23145,17,33
23146,17,36
23147,17,31
23148,17,33
23149,17,35
23150,17,35
23151,17,34
23152,17,33
23153,17,33
23154,17,34
23155,17,33
23156,17,33
23157,17,33
23158,17,33
23159,17,35
23160,17,32
23161,17,34
23162,17,33
23163,17,33
23164,17,32
23165,17,35
23166,17,31
23167,17,32
23168,17,33
23169,17,32
23170,17,34
23171,17,33
23172,17,33
23173,17,33
23174,17,34
23175,17,31
23176,17,34
23177,17,33
23178,17,36
23179,17,31
23180,17,34
23181,17,36
23182,17,35
23183,17,32
23184,17,32
23185,17,35
23186,17,32
23187,17,32
23188,17,33
23189,17,36
23190,17,32
23191,17,33
23192,17,35
23193,17,31
23194,17,34
23195,17,33
23196,17,32
23197,17,33
23198,17,32
23199,17,33
23200,17,32
23201,17,34
23202,17,34
23203,17,33
23204,17,33
23205,17,33
23206,17,35
23207,17,34
23208,17,34
23209,17,34
23210,17,32
23211,17,34
23212,17,31
23213,17,34
23214,17,32
23215,17,33
23216,17,33
23217,17,34
23218,17,32
23219,17,32
23220,17,33
23221,17,34
23222,17,35
23223,17,31
23224,17,32
23225,17,35
23226,17,32
23227,17,34
23228,17,36
23229,17,32
23230,17,32
23231,17,33
23232,17,34
23233,17,34
23234,17,33
23235,17,32
23236,17,34
23237,17,33
23238,17,32
23239,17,33
23240,17,34
23241,17,33
23242,17,31
23243,17,32
23244,17,33
23245,17,33
23246,17,34
23247,17,34
23248,17,33
23249,17,33
23250,17,33
23251,17,35
23252,17,35
23253,17,32
23254,17,36
23255,17,32
23256,17,33
23257,17,32
23258,17,33
23259,17,33
23260,17,33
23261,17,34
23262,17,33
23263,17,31
23264,17,34
23265,17,33
23266,17,33
23267,17,33
23268,17,34
23269,17,33
23270,17,33
23271,17,34
23272,17,33
23273,17,32
23274,17,34
23275,17,32
23276,17,33
23277,17,32
23278,17,33
23279,17,34
23280,17,33
23281,17,32
23282,17,32
23283,17,34
23284,17,32
23285,17,32
23286,17,32
23287,17,33
23288,17,32
23289,17,32
23290,17,33
23291,17,33
23292,17,37
23293,17,32
23294,17,32
23295,17,33
23296,17,33
23297,17,34
23298,17,32
23299,17,33
23300,17,32
23301,17,33
23302,17,34
23303,17,32
23304,17,35
23305,17,33
23306,17,32
23307,17,33
23308,17,34
23309,17,33
23310,17,32
23311,17,35
23312,17,31
23313,17,36
23314,17,35
23315,17,34
23316,17,34
23317,17,35
23318,17,34
23319,17,33
23320,17,34
23321,17,31
23322,17,32
23323,17,32
23324,17,33
23325,17,33
23326,17,34
23327,17,32
23328,17,31
23329,17,35
23330,16,33
23331,17,33
23332,17,36
23333,17,32
23334,17,32
23335,17,32
23336,17,34
23337,17,33
23338,17,34
23339,17,33
23340,17,34
23341,17,33
23342,17,31
23343,17,32
23344,17,32
23345,17,33
23346,17,33
23347,17,34
23348,17,33
23349,17,33
23350,17,31
23351,17,34
23352,17,34
23353,17,33
23354,17,33
23355,17,31
23356,17,33
23357,17,32
23358,17,35
23359,17,34
23360,17,33
23361,17,34
23362,17,33
23363,17,34
23364,17,32
23365,17,33
23366,17,33
23367,17,33
23368,17,33
23369,17,32
23370,17,36
23371,17,32
23372,17,38
23373,17,33
23374,17,34
23375,17,33
23376,17,35
23377,17,33
23378,17,34
23379,17,35
23380,17,33
23381,17,35
23382,17,32
23383,17,35
23384,17,36
23385,17,35
23386,17,32
23387,17,32
23388,17,32
23389,17,36
23390,17,34
23391,17,31
23392,17,34
23393,17,34
23394,17,34
23395,17,33
23396,17,32
23397,17,34
23398,17,33
23399,17,33
23400,17,35
23401,17,33
23402,17,33
23403,17,33
23404,17,32
23405,17,34
23406,17,34
23407,17,32
23408,17,34
23409,17,31
23410,17,33
23411,17,32
23412,17,33
23413,17,34
23414,17,32
23415,17,35
23416,17,34
23417,17,32
23418,17,32
23419,17,34
23420,17,33
23421,17,34
23422,17,35
23423,17,33
23424,17,33
23425,17,33
23426,17,33
23427,17,35
23428,17,33
23429,17,32
23430,17,33
23431,17,32
23432,17,32
23433,17,32
23434,17,32
23435,17,34
23436,17,34
23437,17,33
23438,17,29
23439,17,35
23440,17,33
23441,17,33
23442,17,35
23443,17,33
23444,17,31
23445,17,34
23446,17,34
23447,17,34
23448,17,33
23449,17,34
23450,17,35
23451,17,32
23452,17,35
23453,17,34
23454,17,34
23455,17,33
23456,17,33
23457,17,35
23458,17,34
23459,17,33
23460,17,32
23461,17,31
23462,17,33
23463,17,34
23464,17,32
23465,17,33
23466,17,32
23467,17,32
23468,17,34
23469,17,35
23470,17,33
23471,17,34
23472,17,33
23473,17,32
23474,17,33
23475,17,33
23476,17,34
23477,17,35
23478,17,33
23479,17,35
23480,17,33
23481,17,33
23482,17,33
23483,17,33
23484,17,33
23485,17,35
23486,17,32
23487,17,32
23488,17,32
23489,17,33
23490,17,33
23491,17,31
23492,17,35
23493,17,33
23494,17,35
23495,17,34
23496,17,33
23497,17,32
23498,17,32
23499,17,32
23500,17,33
23501,17,33
23502,17,34
23503,17,33
23504,17,33
23505,17,34
23506,17,32
23507,17,33
23508,17,33
23509,17,32
23510,17,32
23511,17,33
23512,17,35
23513,17,33
23514,17,35
23515,17,33
23516,17,33
23517,17,32
23518,17,36
23519,17,32
23520,17,32
23521,17,33
23522,17,34
23523,17,34
23524,17,35
23525,17,32
23526,17,33
23527,17,34
23528,17,32
23529,17,31
23530,17,35
23531,17,33
23532,17,33
23533,17,34
23534,17,34
23535,17,33
23536,17,34
23537,17,34
23538,17,33
23539,17,32
23540,17,33
23541,17,33
23542,17,34
23543,17,33
23544,17,33
23545,17,34
23546,17,34
23547,17,32
23548,17,33
23549,17,34
23550,17,36
23551,17,32
23552,17,32
23553,17,32
23554,17,33
23555,17,31
23556,17,36
23557,17,35
23558,17,33
23559,17,35
23560,17,32
23561,17,33
23562,17,35
23563,17,32
23564,17,36
23565,17,33
23566,17,34
23567,17,33
23568,17,35
23569,17,34
23570,17,33
23571,17,33
23572,17,33
23573,17,32
23574,17,33
23575,17,33
23576,17,32
23577,17,33
23578,17,33
23579,17,33
23580,17,33
23581,17,35
23582,17,32
23583,17,34
23584,17,32
23585,17,32
23586,17,34
23587,17,34
23588,17,33
23589,17,32
23590,17,36
23591,17,33
23592,17,35
23593,17,34
23594,17,35
23595,17,33
23596,17,32
23597,17,32
23598,17,33
23599,17,33
23600,17,36
23601,17,34
23602,17,35
23603,17,33
23604,17,33
23605,17,33
23606,17,32
23607,17,33
23608,17,34
23609,17,33
23610,17,33
23611,17,33
23612,17,33
23613,17,34
23614,17,32
23615,17,34
23616,17,34
23617,17,32
23618,17,33
23619,17,34
23620,17,33
23621,17,33
23622,17,31
23623,17,32
23624,17,33
23625,17,31
23626,17,33
23627,17,34
23628,17,31
23629,17,32
23630,17,34
23631,17,33
23632,17,33
23633,17,32
23634,17,31
23635,17,36
23636,17,35
23637,17,33
23638,17,35
23639,17,32
23640,17,33
23641,17,33
23642,17,34
23643,17,33
23644,17,35
23645,17,34
23646,17,34
23647,17,31
23648,17,33
23649,17,31
23650,17,32
23651,17,34
23652,17,33
23653,17,32
23654,17,33
23655,17,33
23656,17,34
23657,17,34
23658,17,35
23659,17,33
23660,17,33
23661,17,33
23662,17,32
23663,17,35
23664,17,33
23665,17,36
23666,17,33
23667,17,35
23668,17,33
23669,17,36
23670,17,31
23671,17,33
23672,17,33
23673,17,32
23674,17,32
23675,17,33
23676,17,34
23677,17,37
23678,17,33
23679,17,31
23680,17,35
23681,17,33
23682,17,33
23683,17,33
23684,17,34
23685,17,33
23686,17,33
23687,17,35
23688,17,33
23689,17,32
23690,17,33
23691,17,33
23692,17,33
23693,17,33
23694,17,35
23695,17,33
23696,17,35
23697,17,32
23698,17,33
23699,17,34
23700,17,33
23701,17,34
23702,17,32
23703,17,34
23704,17,32
23705,17,34
23706,17,33
23707,17,36
23708,17,34
23709,17,34
23710,17,34
23711,17,34
23712,17,33
23713,17,34
23714,17,33
23715,17,33
23716,17,35
23717,17,34
23718,17,34
23719,17,33
23720,17,35
23721,17,34
23722,17,37
23723,17,33
23724,17,33
23725,17,35
23726,17,33
23727,17,35
23728,17,33
23729,17,34
23730,17,34
23731,17,33
23732,17,33
23733,17,34
23734,17,33
23735,17,34
23736,17,35
23737,17,33
23738,17,33
23739,17,32
23740,17,36
23741,17,34
23742,17,34
23743,17,32
23744,17,34
23745,17,33
23746,17,34
23747,17,34
23748,17,34
23749,17,31
23750,17,33
23751,17,33
23752,17,33
23753,17,33
23754,17,31
23755,17,34
23756,17,32
23757,17,35
23758,17,33
23759,17,32
23760,17,33
23761,17,35
23762,17,32
23763,17,34
23764,17,34
23765,17,34
23766,17,34
23767,17,33
23768,17,33
23769,17,34
23770,17,33
23771,17,34
23772,17,33
23773,17,34
23774,17,32
23775,17,34
23776,17,33
23777,17,35
23778,17,35
23779,17,37
23780,17,35
23781,17,36
23782,17,35
23783,17,34
23784,17,34
23785,17,33
23786,17,34
23787,17,32
23788,17,34
23789,17,33
23790,17,34
23791,17,34
23792,17,32
23793,17,35
23794,17,33
23795,17,34
23796,17,34
23797,17,33
23798,17,33
23799,17,34
23800,17,33
23801,17,35
23802,17,35
23803,17,35
23804,17,32
23805,17,34
23806,17,33
23807,17,33
23808,17,33
23809,17,31
23810,17,33
23811,17,33
23812,17,32
23813,17,34
23814,17,34
23815,17,33
23816,17,34
23817,17,33
23818,17,34
23819,17,33
23820,17,33
23821,17,35
23822,17,33
23823,17,34
23824,17,34
23825,17,32
23826,17,35
23827,17,34
23828,17,33
23829,17,36
23830,17,35
23831,17,34
23832,17,34
23833,17,32
23834,17,33
23835,17,32
23836,17,35
23837,17,34
23838,17,32
23839,17,33
23840,17,32
23841,17,33
23842,17,34
23843,17,32
23844,17,34
23845,17,34
23846,17,35
23847,17,35
23848,17,32
23849,17,35
23850,17,37
23851,17,32
23852,17,33
23853,17,35
23854,17,34
23855,17,34
23856,17,34
23857,17,34
23858,17,34
23859,17,34
23860,17,34
23861,17,34
23862,17,33
23863,17,33
23864,17,36
23865,17,33
23866,17,33
23867,17,31
23868,17,33
23869,17,33
23870,17,33
23871,17,33
23872,17,31
23873,17,32
23874,17,33
23875,17,32
23876,17,32
23877,17,33
23878,17,34
23879,17,33
23880,17,32
23881,17,35
23882,17,34
23883,17,33
23884,17,32
23885,17,34
23886,17,32
23887,17,36
23888,17,33
23889,17,34
23890,17,34
23891,17,33
23892,17,34
23893,17,33
23894,17,33
23895,17,34
23896,17,34
23897,17,36
23898,17,34
23899,17,32
23900,17,33
23901,17,33
23902,17,34
23903,17,33
23904,17,34
23905,17,31
23906,17,34
23907,17,35
23908,17,36
23909,17,32
23910,17,33
23911,17,33
23912,17,33
23913,17,34
23914,17,32
23915,17,34
23916,17,32
23917,17,34
23918,17,31
23919,17,33
23920,17,34
23921,17,35
23922,17,32
23923,17,34
23924,17,35
23925,17,34
23926,17,35
23927,17,35
23928,17,34
23929,17,32
23930,17,32
23931,17,35
23932,17,32
23933,17,35
23934,17,37
23935,17,34
23936,17,31
23937,17,34
23938,17,34
23939,17,33
23940,17,35
23941,17,34
23942,17,31
23943,17,35
23944,17,35
23945,17,33
23946,17,33
23947,17,34
23948,17,33
23949,17,35
23950,17,34
23951,17,34
23952,17,33
23953,17,37
23954,17,32
23955,17,32
23956,17,33
23957,17,32
23958,17,35
23959,17,34
23960,17,33
23961,17,31
23962,17,33
23963,17,34
23964,17,31
23965,17,34
23966,17,33
23967,17,33
23968,17,34
23969,17,32
23970,17,36
23971,17,36
23972,17,34
23973,17,32
23974,17,33
23975,17,32
23976,17,34
23977,17,33
23978,17,33
23979,17,32
23980,17,34
23981,17,34
23982,17,34
23983,17,32
23984,17,36
23985,17,35
23986,17,32
23987,17,32
23988,17,34
23989,17,33
23990,17,33
23991,17,34
23992,17,33
23993,17,35
23994,17,33
23995,17,32
23996,17,33
23997,17,35
23998,17,34
23999,17,32
24000,17,32
24001,17,32
24002,17,33
24003,17,33
24004,17,35
24005,17,31
24006,17,33
24007,17,32
24008,17,33
24009,17,33
24010,17,31
24011,17,33
24012,17,33
24013,17,32
24014,17,33
24015,17,34
24016,17,33
24017,17,31
24018,17,32
24019,17,33
24020,17,34
24021,17,34
24022,17,33
24023,17,33
24024,17,33
24025,17,34
24026,17,33
24027,17,34
24028,17,32
24029,17,33
24030,17,34
24031,17,34
24032,17,33
24033,17,32
24034,17,34
24035,17,31
24036,17,34
24037,17,32
24038,17,33
24039,17,32
24040,17,35
24041,17,33
24042,17,32
24043,17,36
24044,17,32
24045,17,32
24046,17,35
24047,17,34
24048,17,32
24049,17,34
24050,17,33
24051,17,33
24052,17,34
24053,17,33
24054,17,35
24055,17,32
24056,17,34
24057,17,33
24058,17,32
24059,17,32
24060,17,33
24061,17,34
24062,17,34
24063,17,34
24064,17,32
24065,17,33
24066,17,31
24067,17,35
24068,17,32
24069,17,32
24070,17,34
24071,17,36
24072,17,32
24073,17,33
24074,17,35
24075,17,33
24076,17,35
24077,17,37
24078,17,33
24079,17,34
24080,17,31
24081,17,31
24082,17,33
24083,17,32
24084,17,33
24085,17,34
24086,17,33
24087,17,32
24088,17,34
24089,17,35
24090,17,32
24091,17,34
24092,17,35
24093,17,33
24094,17,34
24095,17,35
24096,17,36
24097,17,34
24098,17,32
24099,17,35
24100,17,33
24101,17,36
24102,17,34
24103,17,33
24104,17,33
24105,17,33
24106,17,36
24107,17,33
24108,17,34
24109,17,34
24110,17,33
24111,17,34
24112,17,35
24113,17,32
24114,17,32
24115,17,33
24116,17,32
24117,17,32
24118,17,33
24119,17,34
24120,17,34
24121,17,34
24122,17,33
24123,17,34
24124,17,35
24125,17,34
24126,17,35
24127,17,34
24128,17,36
24129,17,34
24130,17,34
24131,17,32
24132,17,35
24133,17,33
24134,17,33
24135,17,34
24136,17,34
24137,17,35
24138,17,34
24139,17,34
24140,17,36
24141,17,36
24142,17,32
24143,17,33
24144,17,31
24145,17,33
24146,17,33
24147,17,32
24148,17,33
24149,17,32
24150,17,33
24151,17,36
24152,17,33
24153,17,32
24154,17,34
24155,17,34
24156,17,33
24157,17,32
24158,17,34
24159,17,36
24160,17,33
24161,17,34
24162,17,34
24163,17,32
24164,17,35
24165,17,33
24166,17,34
24167,17,35
24168,17,32
24169,17,33
24170,17,36
24171,17,32
24172,17,33
24173,17,34
24174,17,34
24175,17,35
24176,17,34
24177,17,34
24178,17,33
24179,17,33
24180,17,33
24181,17,34
24182,17,35
24183,17,34
24184,17,33
24185,17,33
24186,17,32
24187,17,33
24188,17,34
24189,17,34
24190,17,33
24191,17,33
24192,17,36
24193,17,34
24194,17,33
24195,17,34
24196,17,35
24197,17,35
24198,17,36
24199,17,32
24200,17,37
24201,17,33
24202,17,33
24203,17,35
24204,17,34
24205,17,34
24206,17,35
24207,17,33
24208,17,32
24209,17,33
24210,17,33
24211,17,33
24212,17,33
24213,17,35
24214,17,35
24215,17,34
24216,17,32
24217,17,33
24218,17,35
24219,17,33
24220,17,37
24221,17,33
24222,17,33
24223,17,33
24224,17,35
24225,17,32
24226,17,35
24227,17,33
24228,17,34
24229,17,34
24230,17,32
24231,17,33
24232,17,35
24233,17,36
24234,17,33
24235,17,35
24236,17,33
24237,17,33
24238,17,32
24239,17,33
24240,17,33
24241,17,32
24242,17,33
24243,17,35
24244,17,33
24245,17,35
24246,17,36
24247,17,33
24248,17,33
24249,17,33
24250,17,35
24251,17,34
24252,17,33
24253,17,33
24254,17,31
24255,17,34
24256,17,34
24257,17,34
24258,17,35
24259,17,33
24260,17,34
24261,17,31
24262,17,34
24263,17,32
24264,17,35
24265,17,34
24266,17,37
24267,17,37
24268,17,33
24269,17,35
24270,17,33
24271,17,33
24272,17,34
24273,17,33
24274,17,36
24275,17,33
24276,17,33
24277,17,33
24278,17,36
24279,17,35
24280,17,33
24281,17,32
24282,17,34
24283,17,31
24284,17,34
24285,17,35
24286,17,36
24287,17,33
24288,17,33
24289,17,32
24290,17,35
24291,17,33
24292,17,35
24293,17,34
24294,17,33
24295,17,34
24296,17,34
24297,17,37
24298,17,34
24299,17,34
24300,17,33
24301,17,34
24302,17,31
24303,17,33
24304,17,37
24305,17,31
24306,17,34
24307,17,32
24308,17,35
24309,17,32
24310,17,33
24311,17,33
24312,17,34
24313,17,31
24314,17,34
24315,17,34
24316,17,33
24317,17,32
24318,17,32
24319,17,33
24320,17,34
24321,17,32
24322,17,36
24323,17,35
24324,17,33
24325,17,33
24326,17,34
24327,17,35
24328,17,33
24329,17,35
24330,17,32
24331,17,33
24332,17,34
24333,17,33
24334,17,33
24335,17,36
24336,17,32
24337,17,33
24338,17,34
24339,17,32
24340,17,34
24341,17,32
24342,17,31
24343,17,32
24344,17,33
24345,17,35
24346,17,32
24347,17,33
24348,17,34
24349,17,34
24350,17,34
24351,17,33
24352,17,33
24353,17,34
24354,17,33
24355,17,34
24356,17,34
24357,17,36
24358,17,32
24359,17,35
24360,17,31
24361,17,34
24362,17,34
24363,17,32
24364,17,33
24365,17,36
24366,17,34
24367,17,33
24368,17,33
24369,17,34
24370,17,32
24371,17,34
24372,17,33
24373,17,35
24374,17,33
24375,17,31
24376,17,34
24377,17,34
24378,17,33
24379,17,35
24380,17,36
24381,17,31
24382,17,35
24383,17,33
24384,17,31
24385,17,33
24386,17,34
24387,17,33
24388,17,33
24389,17,34
24390,17,33
24391,17,33
24392,17,32
24393,17,34
24394,17,32
24395,17,33
24396,17,32
24397,17,33
24398,17,34
24399,17,32
24400,17,34
24401,17,32
24402,17,36
24403,17,33
24404,17,34
24405,17,34
24406,17,34
24407,17,34
24408,17,34
24409,17,33
24410,17,36
24411,17,33
24412,17,33
24413,17,34
24414,17,34
24415,17,34
24416,17,33
24417,17,32
24418,17,32
24419,17,34
24420,17,34
24421,17,33
24422,17,32
24423,17,34
24424,17,33
24425,17,33
24426,17,34
24427,17,32
24428,17,36
24429,17,33
24430,17,33
24431,17,31
24432,17,34
24433,17,34
24434,17,32
24435,17,33
24436,17,32
24437,17,33
24438,17,34
24439,17,32
24440,17,34
24441,17,34
24442,17,35
24443,17,33
24444,17,34
24445,17,34
24446,17,32
24447,17,34
24448,17,34
24449,17,34
24450,17,32
24451,17,37
24452,17,33
24453,17,34
24454,17,34
24455,17,31
24456,17,35
24457,17,36
24458,17,31
24459,17,33
24460,17,33
24461,17,34
24462,17,34
24463,17,36
24464,17,33
24465,17,33
24466,17,34
24467,17,34
24468,17,31
24469,17,34
24470,17,34
24471,17,35
24472,17,34
24473,17,35
24474,17,35
24475,17,33
24476,17,32
24477,17,35
24478,17,32
24479,17,34
24480,17,33
24481,17,33
24482,17,33
24483,17,32
24484,17,33
24485,17,34
24486,17,32
24487,17,34
24488,17,33
24489,17,33
24490,17,32
24491,17,32
24492,17,37
24493,17,33
24494,17,33
24495,17,36
24496,17,36
24497,17,34
24498,17,32
24499,17,32
24500,17,32
24501,17,32
24502,17,37
24503,17,34
24504,17,35
24505,17,33
24506,17,33
24507,17,31
24508,17,33
24509,17,35
24510,17,33
24511,17,33
24512,17,35
24513,17,33
24514,17,33
24515,17,33
24516,17,34
24517,17,33
24518,17,32
24519,17,33
24520,17,34
24521,17,33
24522,17,31
24523,17,35
24524,17,33
24525,17,33
24526,17,32
24527,17,32
24528,17,33
24529,17,35
24530,17,34
24531,17,34
24532,17,34
24533,17,33
24534,17,33
24535,17,34
24536,17,34
24537,17,35
24538,17,31
24539,17,34
24540,17,34
24541,17,36
24542,17,36
24543,17,33
24544,17,34
24545,17,33
24546,17,33
24547,17,33
24548,17,33
24549,17,31
24550,17,34
24551,17,33
24552,17,34
24553,17,34
24554,17,33
24555,17,34
24556,17,33
24557,17,33
24558,17,32
24559,17,33
24560,17,32
24561,17,33
24562,17,31
24563,17,32
24564,17,34
24565,17,34
24566,17,32
24567,17,34
24568,17,34
24569,17,33
24570,17,34
24571,17,32
24572,17,35
24573,17,33
24574,17,31
24575,17,35
24576,17,33
24577,17,34
24578,17,32
24579,17,34
24580,17,32
24581,17,34
24582,17,31
24583,17,33
24584,17,36
24585,17,33
24586,17,37
24587,17,34
24588,17,34
24589,17,33
24590,17,32
24591,17,33
24592,17,31
24593,17,35
24594,17,35
24595,17,33
24596,17,32
24597,17,35
24598,17,33
24599,17,34
24600,17,32
24601,17,35
24602,17,34
24603,17,32
24604,17,32
24605,17,34
24606,17,35
24607,17,35
24608,17,31
24609,17,34
24610,17,31
24611,17,34
24612,17,35
24613,17,33
24614,17,32
24615,17,34
24616,17,34
24617,17,32
24618,17,33
24619,17,34
24620,17,33
24621,17,32
24622,17,34
24623,17,34
24624,17,32
24625,17,36
24626,17,33
24627,17,34
24628,17,34
24629,17,33
24630,17,34
24631,17,32
24632,17,34
24633,17,32
24634,17,30
24635,17,32
24636,17,34
24637,17,32
24638,17,33
24639,17,35
24640,17,33
24641,17,33
24642,17,34
24643,17,34
24644,17,33
24645,17,33
24646,17,36
24647,17,32
24648,17,34
24649,17,36
24650,17,35
24651,17,31
24652,17,34
24653,17,31
24654,17,33
24655,17,34
24656,17,34
24657,17,37
24658,17,33
24659,17,33
24660,17,33
24661,17,33
24662,17,32
24663,17,34
24664,17,33
24665,17,32
24666,17,34
24667,17,34
24668,17,33
24669,17,33
24670,17,33
24671,17,33
24672,17,35
24673,17,33
24674,17,33
24675,17,35
24676,17,34
24677,17,34
24678,17,32
24679,17,35
24680,17,34
24681,17,32
24682,17,35
24683,17,32
24684,17,33
24685,17,34
24686,17,34
24687,17,34
24688,17,34
24689,17,33
24690,17,34
24691,17,32
24692,17,33
24693,17,33
24694,17,35
24695,17,32
24696,17,35
24697,17,32
24698,17,33
24699,17,34
24700,17,34
24701,17,34
24702,17,34
24703,17,32
24704,17,32
24705,17,32
24706,17,36
24707,17,32
24708,17,33
24709,17,32
24710,17,34
24711,17,34
24712,17,35
24713,17,36
24714,17,33
24715,17,32
24716,17,36
24717,17,34
24718,17,34
24719,17,34
24720,17,33
24721,17,37
24722,17,35
24723,17,34
24724,17,35
24725,17,33
24726,17,34
24727,17,35
24728,17,35
24729,17,37
24730,17,34
24731,17,34
24732,17,33
24733,17,34
24734,17,34
24735,17,34
24736,17,31
24737,17,33
24738,17,34
24739,17,33
24740,17,33
24741,17,34
24742,17,33
24743,17,33
24744,17,36
24745,17,35
24746,17,35
24747,17,35
24748,17,34
24749,17,34
24750,17,35
24751,17,32
24752,17,32
24753,17,34
24754,17,34
24755,17,32
24756,17,34
24757,17,34
24758,17,34
24759,17,34
24760,17,36
24761,17,33
24762,17,35
24763,17,33
24764,17,33
24765,17,32
24766,17,34
24767,17,34
24768,17,33
24769,17,33
24770,17,32
24771,17,34
24772,17,34
24773,17,34
24774,17,32
24775,17,33
24776,17,33
24777,17,34
24778,17,32
24779,17,34
24780,17,33
24781,17,32
24782,17,34
24783,17,33
24784,17,34
24785,17,32
24786,17,31
24787,17,34
24788,17,33
24789,17,35
24790,17,35
24791,17,34
24792,17,35
24793,17,33
24794,17,35
24795,17,32
24796,17,32
24797,17,34
24798,17,36
24799,17,34
24800,17,35
24801,17,34
24802,17,32
24803,17,36
24804,17,34
24805,17,36
24806,17,33
24807,17,33
24808,17,32
24809,17,35
24810,17,34
24811,17,34
24812,17,34
24813,17,32
24814,17,34
24815,17,38
24816,17,35
24817,17,34
24818,17,34
24819,17,36
24820,17,33
24821,17,33
24822,17,35
24823,17,34
24824,17,36
24825,17,32
24826,17,33
24827,17,33
24828,17,33
24829,17,33
24830,17,35
24831,17,32
24832,17,33
24833,17,34
24834,17,34
24835,17,33
24836,17,33
24837,17,34
24838,17,33
24839,17,34
24840,17,32
24841,17,34
24842,17,34
24843,17,34
24844,17,34
24845,17,31
24846,17,33
24847,17,34
24848,17,34
24849,17,33
24850,17,34
24851,17,32
24852,17,34
24853,17,34
24854,17,34
24855,17,35
24856,17,37
24857,17,34
24858,17,35
24859,17,36
24860,17,33
24861,17,34
24862,17,35
24863,17,35
24864,17,32
24865,17,34
24866,17,39
24867,17,33
24868,17,34
24869,17,35
24870,17,32
24871,17,34
24872,17,34
24873,17,33
24874,17,33
24875,17,34
24876,17,34
24877,17,32
24878,17,34
24879,17,33
24880,17,33
24881,17,33
24882,17,35
24883,17,33
24884,17,33
24885,17,34
24886,17,35
24887,17,34
24888,17,34
24889,17,33
24890,17,33
24891,17,34
24892,17,34
24893,17,34
24894,17,33
24895,17,33
24896,17,33
24897,17,34
24898,17,33
24899,17,32
24900,17,32
24901,17,35
24902,17,34
24903,17,32
24904,17,35
24905,17,34
24906,17,33
24907,17,32
24908,17,34
24909,17,33
24910,17,34
24911,17,36
24912,17,34
24913,17,33
24914,17,34
24915,17,33
24916,17,33
24917,17,33
24918,17,35
24919,17,33
24920,17,36
24921,17,36
24922,17,35
24923,17,34
24924,17,36
24925,17,32
24926,17,34
24927,17,34
24928,17,32
24929,17,32
24930,17,34
24931,17,34
24932,17,34
24933,17,32
24934,17,34
24935,17,34
24936,17,33
24937,17,36
24938,17,32
24939,17,34
24940,17,33
24941,17,33
24942,17,33
24943,17,32
24944,17,34
24945,17,34
24946,17,33
24947,17,34
24948,17,35
24949,17,32
24950,17,34
24951,17,33
24952,17,35
24953,17,35
24954,17,34
24955,17,32
24956,17,33
24957,17,33
24958,17,33
24959,17,35
24960,17,33
24961,17,33
24962,17,34
24963,17,33
24964,17,35
24965,17,33
24966,17,33
24967,17,36
24968,17,34
24969,17,33
24970,17,35
24971,17,32
24972,17,34
24973,17,34
24974,17,33
24975,17,32
24976,17,33
24977,17,34
24978,17,35
24979,17,33
24980,17,34
24981,17,33
24982,17,33
24983,17,34
24984,17,34
24985,17,33
24986,17,34
24987,17,35
24988,17,35
24989,17,34
24990,17,35
24991,17,34
24992,17,33
24993,17,33
24994,17,33
24995,17,34
24996,17,35
24997,17,35
24998,17,32
24999,17,33
25000,17,34
25001,17,33
25002,17,35
25003,17,35
25004,17,34
25005,17,33
25006,17,33
25007,17,35
25008,17,35
25009,17,34
25010,17,34
25011,17,33
25012,17,33
25013,17,36
25014,17,34
25015,17,35
25016,17,35
25017,17,33
25018,17,33
25019,17,36
25020,17,34
25021,17,34
25022,17,34
25023,17,33
25024,17,32
25025,17,34
25026,17,34
25027,17,35
25028,17,33
25029,17,34
25030,17,35
25031,17,35
25032,17,34
25033,17,32
25034,17,33
25035,17,33
25036,17,33
25037,17,35
25038,17,33
25039,17,34
25040,17,35
25041,17,33
25042,17,34
25043,17,31
25044,17,33
25045,17,35
25046,17,35
25047,17,34
25048,17,35
25049,17,34
25050,17,33
25051,17,33
25052,17,33
25053,17,32
25054,17,33
25055,17,37
25056,17,33
25057,17,34
25058,17,33
25059,17,33
25060,17,35
25061,17,32
25062,17,34
25063,17,33
25064,17,34
25065,17,33
25066,17,37
25067,17,33
25068,17,35
25069,17,34
25070,17,34
25071,17,35
25072,17,35
25073,17,31
25074,17,33
25075,17,32
25076,17,33
25077,17,35
25078,17,32
25079,17,34
25080,17,32
25081,17,34
25082,17,35
25083,17,34
25084,17,32
25085,17,32
25086,17,37
25087,17,32
25088,17,34
25089,17,34
25090,17,34
25091,17,37
25092,17,33
25093,17,34
25094,17,36
25095,17,35
25096,17,32
25097,17,35
25098,17,36
25099,17,34
25100,17,33
25101,17,35
25102,17,34
25103,17,33
25104,17,33
25105,17,32
25106,17,33
25107,17,33
25108,17,34
25109,17,34
25110,17,34
25111,17,32
25112,17,34
25113,17,35
25114,17,34
25115,17,31
25116,17,35
25117,17,34
25118,17,33
25119,17,35
25120,17,33
25121,17,33
25122,17,32
25123,17,35
25124,17,32
25125,17,35
25126,17,34
25127,17,34
25128,17,34
25129,17,34
25130,17,33
25131,17,34
25132,17,34
25133,17,34
25134,17,34
25135,17,35
25136,17,33
25137,17,35
25138,17,32
25139,17,32
25140,17,33
25141,17,33
25142,17,37
25143,17,35
25144,17,32
25145,17,35
25146,17,33
25147,17,34
25148,17,34
25149,17,35
25150,17,33
25151,17,33
25152,17,34
25153,17,33
25154,17,33
25155,17,34
25156,17,33
25157,17,34
25158,17,34
25159,17,32
25160,17,33
25161,17,34
25162,17,33
25163,17,34
25164,17,37
25165,17,33
25166,17,33
25167,17,35
25168,17,35
25169,17,34
25170,17,35
25171,17,31
25172,17,31
25173,17,34
25174,17,35
25175,17,32
25176,17,33
25177,17,35
25178,17,35
25179,17,33
25180,17,35
25181,17,32
25182,17,33
25183,17,33
25184,17,32
25185,17,34
25186,17,33
25187,17,34
25188,17,32
25189,17,32
25190,17,34
25191,17,33
25192,17,35
25193,17,33
25194,17,35
25195,17,34
25196,17,31
25197,17,35
25198,17,35
25199,17,35
25200,17,34
25201,17,33
25202,17,32
25203,17,35
25204,17,34
25205,17,32
25206,17,31
25207,17,33
25208,17,31
25209,17,36
25210,17,32
25211,17,34
25212,17,37
25213,17,33
25214,17,33
25215,17,32
25216,17,33
25217,17,32
25218,17,32
25219,17,33
25220,17,34
25221,17,35
25222,17,34
25223,17,35
25224,17,33
25225,17,34
25226,17,34
25227,17,34
25228,17,33
25229,17,34
25230,17,35
25231,17,34
25232,17,35
25233,17,33
25234,17,35
25235,17,33
25236,17,36
25237,17,33
25238,17,34
25239,17,33
25240,17,33
25241,17,35
25242,17,33
25243,17,35
25244,17,34
25245,17,34
25246,17,32
25247,17,34
25248,17,33
25249,17,38
25250,17,35
25251,17,34
25252,17,32
25253,17,34
25254,17,33
25255,17,34
25256,17,33
25257,17,32
25258,17,33
25259,17,34
25260,17,35
25261,17,34
25262,17,35
25263,17,35
25264,17,34
25265,17,36
25266,17,34
25267,17,33
25268,17,32
25269,17,36
25270,17,33
25271,17,34
25272,17,33
25273,17,35
25274,17,33
25275,17,34
25276,17,35
25277,17,34
25278,17,36
25279,17,33
25280,17,34
25281,17,33
25282,17,34
25283,17,34
25284,17,35
25285,17,37
25286,17,35
25287,17,35
25288,17,34
25289,17,32
25290,17,34
25291,17,35
25292,17,33
25293,17,37
25294,17,35
25295,17,34
25296,17,32
25297,17,33
25298,17,35
25299,17,33
25300,17,34
25301,17,35
25302,17,34
25303,17,34
25304,17,33
25305,17,33
25306,17,35
25307,17,35
25308,17,34
25309,17,32
25310,17,34
25311,17,31
25312,17,34
25313,17,31
25314,17,32
25315,17,33
25316,17,35
25317,17,33
25318,17,35
25319,17,33
25320,17,35
25321,17,33
25322,17,35
25323,17,34
25324,17,35
25325,17,34
25326,17,33
25327,17,34
25328,17,34
25329,17,36
25330,17,32
25331,17,33
25332,17,32
25333,17,33
25334,17,34
25335,17,33
25336,17,33
25337,17,31
25338,17,35
25339,17,33
25340,17,38
25341,17,33
25342,17,33
25343,17,34
25344,17,32
25345,17,32
25346,17,34
25347,17,33
25348,17,35
25349,17,34
25350,17,33
25351,17,33
25352,17,35
25353,17,33
25354,17,35
25355,17,36
25356,17,35
25357,17,34
25358,17,33
25359,17,34
25360,17,34
25361,17,34
25362,17,35
25363,17,32
25364,17,33
25365,17,36
25366,17,36
25367,17,33
25368,17,35
25369,17,35
25370,17,34
25371,17,34
25372,17,35
25373,17,34
25374,17,34
25375,17,33
25376,17,33
25377,17,35
25378,17,34
25379,17,34
25380,17,34
25381,17,32
25382,17,33
25383,17,34
25384,17,31
25385,17,34
25386,17,33
25387,17,34
25388,17,33
25389,17,35
25390,17,35
25391,17,33
25392,17,32
25393,17,33
25394,17,36
25395,17,36
25396,17,34
25397,17,35
25398,17,33
25399,17,32
25400,17,33
25401,17,34
25402,17,34
25403,17,35
25404,17,35
25405,17,31
25406,17,34
25407,17,34
25408,17,33
25409,17,33
25410,17,33
25411,17,33
25412,17,36
25413,17,33
25414,17,32
25415,17,33
25416,17,34
25417,17,33
25418,17,33
25419,17,35
25420,17,34
25421,17,33
25422,17,37
25423,17,33
25424,17,33
25425,17,35
25426,17,32
25427,17,33
25428,17,33
25429,17,32
25430,17,32
25431,17,38
25432,17,35
25433,17,33
25434,17,32
25435,17,34
25436,17,35
25437,17,34
25438,17,34
25439,17,36
25440,17,32
25441,17,35
25442,17,33
25443,17,33
25444,17,32
25445,17,34
25446,17,34
25447,17,33
25448,17,34
25449,17,34
25450,17,32
25451,17,32
25452,17,34
25453,17,34
25454,17,34
25455,17,33
25456,17,33
25457,17,32
25458,17,34
25459,17,35
25460,17,33
25461,17,33
25462,17,35
25463,17,34
25464,17,32
25465,17,35
25466,17,34
25467,17,34
25468,17,34
25469,17,34
25470,17,32
25471,17,33
25472,17,35
25473,17,33
25474,17,34
25475,17,33
25476,17,36
25477,17,32
25478,17,34
25479,17,34
25480,17,33
25481,17,35
25482,17,35
25483,17,34
25484,17,36
25485,17,35
25486,17,35
25487,17,34
25488,17,34
25489,17,33
25490,17,33
25491,17,36
25492,17,32
25493,17,35
25494,17,34
25495,17,36
25496,17,35
25497,17,34
25498,17,33
25499,17,32
25500,17,35
25501,17,35
25502,17,34
25503,17,34
25504,17,32
25505,17,33
25506,17,37
25507,17,34
25508,17,33
25509,17,36
25510,17,35
25511,17,34
25512,17,32
25513,17,34
25514,17,37
25515,17,34
25516,17,33
25517,17,32
25518,17,32
25519,17,35
25520,17,36
25521,17,34
25522,17,31
25523,17,33
25524,17,35
25525,17,37
25526,17,34
25527,17,32
25528,17,34
25529,17,33
25530,17,32
25531,17,33
25532,17,33
25533,17,35
25534,17,35
25535,17,33
25536,17,33
25537,17,34
25538,17,33
25539,17,35
25540,17,35
25541,17,34
25542,17,34
25543,17,32
25544,17,33
25545,17,32
25546,17,33
25547,17,33
25548,17,35
25549,17,36
25550,17,33
25551,17,33
25552,17,32
25553,17,33
25554,17,33
25555,17,32
25556,17,33
25557,17,36
25558,17,33
25559,17,32
25560,17,37
25561,17,34
25562,17,34
25563,17,33
25564,17,36
25565,17,35
25566,17,34
25567,17,36
25568,17,33
25569,17,36
25570,17,34
25571,17,34
25572,17,35
25573,17,34
25574,17,35
25575,17,33
25576,17,34
25577,17,34
25578,17,34
25579,17,34
25580,17,32
25581,17,33
25582,17,33
25583,17,35
25584,17,35
25585,17,33
25586,17,33
25587,17,33
25588,17,34
25589,17,33
25590,17,34
25591,17,34
25592,17,36
25593,17,33
25594,17,34
25595,17,33
25596,17,34
25597,17,33
25598,17,33
25599,17,33
25600,17,36
25601,17,33
25602,17,34
25603,17,33
25604,17,33
25605,17,33
25606,17,33
25607,17,35
25608,17,33
25609,17,35
25610,17,34
25611,17,32
25612,17,33
25613,17,34
25614,17,35
25615,17,34
25616,17,34
25617,17,35
25618,17,32
25619,17,34
25620,17,33
25621,17,34
25622,17,33
25623,17,35
25624,17,35
25625,17,34
25626,17,37
25627,17,34
25628,17,35
25629,17,35
25630,17,33
25631,17,33
25632,17,32
25633,17,35
25634,17,34
25635,17,33
25636,17,34
25637,17,33
25638,17,33
25639,17,35
25640,17,33
25641,17,34
25642,17,33
25643,17,33
25644,17,34
25645,17,33
25646,17,35
25647,17,35
25648,17,37
25649,17,33
25650,17,34
25651,17,35
25652,17,33
25653,17,33
25654,17,34
25655,17,31
25656,17,36
25657,17,34
25658,17,33
25659,17,34
25660,17,34
25661,17,33
25662,17,35
25663,17,33
25664,17,34
25665,17,35
25666,17,31
25667,17,34
25668,17,33
25669,17,33
25670,17,34
25671,17,32
25672,17,32
25673,17,34
25674,17,34
25675,17,33
25676,17,34
25677,17,33
25678,17,36
25679,17,34
25680,17,32
25681,17,34
25682,17,36
25683,17,38
25684,17,34
25685,17,33
25686,17,33
25687,17,35
25688,17,33
25689,17,35
25690,17,34
25691,17,35
25692,17,33
25693,17,34
25694,17,34
25695,17,35
25696,17,34
25697,17,34
25698,17,33
25699,17,33
25700,17,34
25701,17,33
25702,17,35
25703,17,34
25704,17,33
25705,17,35
25706,17,32
25707,17,34
25708,17,33
25709,17,33
25710,17,33
25711,17,33
25712,17,35
25713,17,33
25714,17,33
25715,17,34
25716,17,33
25717,17,34
25718,17,34
25719,17,35
25720,17,33
25721,17,34
25722,17,33
25723,17,35
25724,17,33
25725,17,33
25726,17,34
25727,17,33
25728,17,32
25729,17,37
25730,17,33
25731,17,33
25732,17,34
25733,17,34
25734,17,35
25735,17,33
25736,17,34
25737,17,35
25738,17,34
25739,17,36
25740,17,35
25741,17,35
25742,17,35
25743,17,31
25744,17,33
25745,17,33
25746,17,33
25747,17,33
25748,17,36
25749,17,36
25750,17,35
25751,17,35
25752,17,34
25753,17,33
25754,17,34
25755,17,36
25756,17,33
25757,17,33
25758,17,34
25759,17,34
25760,17,35
25761,17,33
25762,17,32
25763,17,32
25764,17,35
25765,17,37
25766,17,34
25767,17,35
25768,17,33
25769,17,33
25770,17,34
25771,17,32
25772,17,36
25773,17,35
25774,17,35
25775,17,35
25776,17,33
25777,17,36
25778,17,33
25779,17,33
25780,17,32
25781,17,34
25782,17,34
25783,17,36
25784,17,33
25785,17,33
25786,17,35
25787,17,34
25788,17,33
25789,17,34
25790,17,33
25791,17,32
25792,17,32
25793,17,33
25794,17,34
25795,17,33
25796,17,35
25797,17,33
25798,17,36
25799,17,33
25800,17,35
25801,17,35
25802,17,35
25803,17,34
25804,17,32
25805,17,33
25806,17,34
25807,17,36
25808,17,38
25809,17,33
25810,17,35
25811,17,34
25812,17,33
25813,17,33
25814,17,34
25815,17,34
25816,17,34
25817,17,34
25818,17,33
25819,17,33
25820,17,35
25821,17,33
25822,17,35
25823,17,33
25824,17,32
25825,17,36
25826,17,33
25827,17,36
25828,17,32
25829,17,33
25830,17,33
25831,17,33
25832,17,34
25833,17,35
25834,17,33
25835,17,36
25836,17,34
25837,17,36
25838,17,32
25839,17,32
25840,17,34
25841,17,35
25842,17,33
25843,17,32
25844,17,34
25845,17,33
25846,17,35
25847,17,34
25848,17,35
25849,17,34
25850,17,32
25851,17,33
25852,17,35
25853,17,34
25854,17,34
25855,17,34
25856,17,35
25857,17,35
25858,17,33
25859,17,35
25860,17,33
25861,17,35
25862,17,33
25863,17,32
25864,17,34
25865,17,38
25866,17,34
25867,17,35
25868,17,32
25869,17,36
25870,17,33
25871,17,33
25872,17,33
25873,17,33
25874,17,34
25875,17,33
25876,17,33
25877,17,34
25878,17,35
25879,17,33
25880,17,35
25881,17,33
25882,17,33
25883,17,32
25884,17,33
25885,17,33
25886,17,33
25887,17,33
25888,17,32
25889,17,32
25890,17,32
25891,17,33
25892,17,34
25893,17,34
25894,17,34
25895,17,34
25896,17,35
25897,17,34
25898,17,34
25899,17,34
25900,17,33
25901,17,32
25902,17,32
25903,17,32
25904,17,33
25905,17,34
25906,17,33
25907,17,34
25908,17,34
25909,17,33
25910,17,34
25911,17,36
25912,17,33
25913,17,33
25914,17,31
25915,17,33
25916,17,34
25917,17,33
25918,17,36
25919,17,34
25920,17,33
25921,17,33
25922,17,34
25923,17,34
25924,17,33
25925,17,35
25926,17,35
25927,17,32
25928,17,33
25929,17,33
25930,17,34
25931,17,35
25932,17,34
25933,17,34
25934,17,37
25935,17,31
25936,17,32
25937,17,34
25938,17,34
25939,17,34
25940,17,35
25941,17,35
25942,17,33
25943,17,34
25944,17,34
25945,17,31
25946,17,34
25947,17,31
25948,17,35
25949,17,32
25950,17,33
25951,17,31
25952,17,33
25953,17,37
25954,17,33
25955,17,35
25956,17,36
25957,17,35
25958,17,34
25959,17,33
25960,17,34
25961,17,35
25962,17,34
25963,17,33
25964,17,33
25965,17,33
25966,17,33
25967,17,33
25968,17,33
25969,17,37
25970,17,35
25971,17,35
25972,17,37
25973,17,32
25974,17,35
25975,17,33
25976,17,34
25977,17,32
25978,17,35
25979,17,35
25980,17,35
25981,17,32
25982,17,33
25983,17,32
25984,17,31
25985,17,33
25986,17,38
25987,17,33
25988,17,34
25989,17,33
25990,17,34
25991,17,33
25992,17,31
25993,17,33
25994,17,32
25995,17,34
25996,17,32
25997,17,33
25998,17,34
25999,17,33
26000,17,34
26001,17,37
26002,17,35
26003,17,34
26004,17,34
26005,17,34
26006,17,35
26007,17,35
26008,17,33
26009,17,34
26010,17,33
26011,17,31
26012,17,33
26013,17,33
26014,17,34
26015,17,32
26016,17,32
26017,17,33
26018,17,34
26019,17,35
26020,17,32
26021,17,34
26022,17,34
26023,17,32
26024,17,34
26025,17,36
26026,17,33
26027,17,34
26028,17,34
26029,17,33
26030,17,31
26031,17,33
26032,17,32
26033,17,38
26034,17,35
26035,17,34
26036,17,33
26037,17,33
26038,17,34
26039,17,34
26040,17,35
26041,17,35
26042,17,34
26043,17,33
26044,17,33
26045,17,33
26046,17,33
26047,17,33
26048,17,34
26049,17,35
26050,17,34
26051,17,36
26052,17,33
26053,17,33
26054,17,32
26055,17,34
26056,17,34
26057,17,33
26058,17,34
26059,17,35
26060,17,33
26061,17,32
26062,17,33
26063,17,32
26064,17,37
26065,17,33
26066,17,34
26067,17,33
26068,17,33
26069,17,35
26070,17,34
26071,17,32
26072,17,33
26073,17,32
26074,17,33
26075,17,34
26076,17,35
26077,17,33
26078,17,35
26079,17,35
26080,17,34
26081,17,34
26082,17,33
26083,17,33
26084,17,33
26085,17,34
26086,17,32
26087,17,32
26088,17,34
26089,17,33
26090,17,35
26091,17,33
26092,17,32
26093,17,34
26094,17,34
26095,17,35
26096,17,35
26097,17,33
26098,17,32
26099,17,35
26100,17,35
26101,17,34
26102,17,33
26103,17,33
26104,17,35
26105,17,34
26106,17,33
26107,17,33
26108,17,32
26109,17,34
26110,17,33
26111,17,33
26112,17,34
26113,17,35
26114,17,33
26115,17,32
26116,17,32
26117,17,33
26118,17,34
26119,17,34
26120,17,32
26121,17,35
26122,17,34
26123,17,34
26124,17,33
26125,17,33
26126,17,35
26127,17,34
26128,17,33
26129,17,34
26130,17,36
26131,17,32
26132,17,33
26133,17,35
26134,17,33
26135,17,35
26136,17,31
26137,17,33
26138,17,35
26139,17,33
26140,17,34
26141,17,34
26142,17,35
26143,17,33
26144,17,33
26145,17,32
26146,17,35
26147,17,35
26148,17,34
26149,17,33
26150,17,32
26151,17,34
26152,17,34
26153,17,34
26154,17,34
26155,17,36
26156,17,34
26157,17,34
26158,17,32
26159,17,36
26160,17,32
26161,17,35
26162,17,33
26163,17,33
26164,17,35
26165,17,33
26166,17,33
26167,17,37
26168,17,32
26169,17,34
26170,17,33
26171,17,35
26172,17,34
26173,17,33
26174,17,33
26175,17,32
26176,17,35
26177,17,35
26178,17,33
26179,17,32
26180,17,34
26181,17,35
26182,17,34
26183,17,35
26184,17,37
26185,17,32
26186,17,33
26187,17,32
26188,17,35
26189,17,34
26190,17,33
26191,17,33
26192,17,35
26193,17,36
26194,17,36
26195,17,35
26196,17,33
26197,17,34
26198,17,33
26199,17,34
26200,17,33
26201,17,37
26202,17,33
26203,17,38
26204,17,34
26205,17,33
26206,17,35
26207,17,33
26208,17,35
26209,17,34
26210,17,33
26211,17,35
26212,17,34
26213,17,33
26214,17,35
26215,17,34
26216,17,33
26217,17,32
26218,17,32
26219,17,35
26220,17,34
26221,17,35
26222,17,33
26223,17,33
26224,17,34
26225,17,34
26226,17,34
26227,17,34
26228,17,34
26229,17,36
26230,17,33
26231,17,36
26232,17,33
26233,17,34
26234,17,35
26235,17,37
26236,17,37
26237,17,34
26238,17,34
26239,17,35
26240,17,34
26241,17,35
26242,17,34
26243,17,36
26244,17,34
26245,17,33
26246,17,33
26247,17,37
26248,17,33
26249,17,36
26250,17,34
26251,17,35
26252,17,34
26253,17,34
26254,17,33
26255,17,33
26256,17,34
26257,17,34
26258,17,33
26259,17,33
26260,17,33
26261,17,33
26262,17,33
26263,17,33
26264,17,34
26265,17,34
26266,17,33
26267,17,34
26268,17,33
26269,17,33
26270,17,33
26271,17,33
26272,17,31
26273,17,31
26274,17,36
26275,17,33
26276,17,34
26277,17,35
26278,17,33
26279,17,33
26280,17,35
26281,17,34
26282,17,34
26283,17,36
26284,17,32
26285,17,32
26286,17,35
26287,17,34
26288,17,34
26289,17,35
26290,17,35
26291,17,33
26292,17,35
26293,17,32
26294,17,36
26295,17,32
26296,17,38
26297,17,32
26298,17,31
26299,17,33
26300,17,34
26301,17,32
26302,17,36
26303,17,38
26304,17,32
26305,17,34
26306,17,35
26307,17,35
26308,17,36
26309,17,34
26310,17,34
26311,17,35
26312,17,31
26313,17,33
26314,17,35
26315,17,35
26316,17,37
26317,17,35
26318,17,33
26319,17,33
26320,17,33
26321,17,33
26322,17,34
26323,17,34
26324,17,34
26325,17,35
26326,17,35
26327,17,33
26328,17,33
26329,17,35
26330,17,33
26331,17,33
26332,17,34
26333,17,32
26334,17,34
26335,17,34
26336,17,33
26337,17,34
26338,17,33
26339,17,34
26340,17,35
26341,17,35
26342,17,33
26343,17,34
26344,17,34
26345,17,38
26346,17,33
26347,17,33
26348,17,33
26349,17,34
26350,17,35
26351,17,35
26352,17,33
26353,17,33
26354,17,34
26355,17,33
26356,17,33
26357,17,34
26358,17,33
26359,17,33
26360,17,32
26361,17,35
26362,17,35
26363,17,33
26364,17,33
26365,17,32
26366,17,35
26367,17,33
26368,17,32
26369,17,34
26370,17,35
26371,17,35
26372,17,35
26373,17,33
26374,17,35
26375,17,35
26376,17,34
26377,17,37
26378,17,33
26379,17,31
26380,17,33
26381,17,34
26382,17,33
26383,17,31
26384,17,35
26385,17,33
26386,17,34
26387,17,33
26388,17,34
26389,17,32
26390,17,35
26391,17,33
26392,17,33
26393,17,36
26394,17,33
26395,17,35
26396,17,34
26397,17,33
26398,17,33
26399,17,33
26400,17,33
26401,17,35
26402,17,36
26403,17,34
26404,17,33
26405,17,34
26406,17,34
26407,17,35
26408,17,35
26409,17,35
26410,17,32
26411,17,35
26412,17,34
26413,17,35
26414,17,34
26415,17,34
26416,17,33
26417,17,34
26418,17,32
26419,17,34
26420,17,35
26421,17,34
26422,17,34
26423,17,34
26424,17,34
26425,17,36
26426,17,34
26427,17,35
26428,17,33
26429,17,33
26430,17,35
26431,17,34
26432,17,33
26433,17,34
26434,17,34
26435,17,34
26436,17,37
26437,17,35
26438,17,32
26439,17,33
26440,17,34
26441,17,33
26442,17,34
26443,17,32
26444,17,33
26445,17,33
26446,17,34
26447,17,35
26448,17,34
26449,17,34
26450,17,33
26451,17,36
26452,17,34
26453,17,34
26454,17,36
26455,17,33
26456,17,32
26457,17,32
26458,17,33
26459,17,36
26460,17,34
26461,17,35
26462,17,33
26463,17,33
26464,17,35
26465,17,34
26466,17,34
26467,17,34
26468,17,34
26469,17,32
26470,17,34
26471,17,35
26472,17,32
26473,17,33
26474,17,32
26475,17,35
26476,17,33
26477,17,35
26478,17,36
26479,17,35
26480,17,33
26481,17,32
26482,17,37
26483,17,32
26484,17,34
26485,17,33
26486,17,34
26487,17,34
26488,17,33
26489,17,33
26490,17,34
26491,17,34
26492,17,34
26493,17,33
26494,17,34
26495,17,34
26496,17,33
26497,17,35
26498,17,32
26499,17,33
26500,17,34
26501,17,35
26502,17,34
26503,17,34
26504,17,34
26505,17,35
26506,17,33
26507,17,33
26508,17,34
26509,17,35
26510,17,36
26511,17,33
26512,17,32
26513,17,34
26514,17,35
26515,17,33
26516,17,34
26517,17,35
26518,17,35
26519,17,34
26520,17,35
26521,17,35
26522,17,33
26523,17,35
26524,17,35
26525,17,33
26526,17,36
26527,17,35
26528,17,35
26529,17,32
26530,17,36
26531,17,35
26532,17,35
26533,17,31
26534,17,34
26535,17,34
26536,17,33
26537,17,36
26538,17,34
26539,17,35
26540,17,33
26541,17,34
26542,17,34
26543,17,33
26544,17,34
26545,17,34
26546,17,32
26547,17,34
26548,17,32
26549,17,36
26550,17,34
26551,17,36
26552,17,35
26553,17,32
26554,17,33
26555,17,32
26556,17,34
26557,17,36
26558,17,34
26559,17,35
26560,17,35
26561,17,35
26562,17,33
26563,17,32
26564,17,33
26565,17,33
26566,17,33
26567,17,34
26568,17,35
26569,17,33
26570,17,32
26571,17,33
26572,17,32
26573,17,34
26574,17,33
26575,17,36
26576,17,32
26577,17,32
26578,17,34
26579,17,35
26580,17,35
26581,17,35
26582,17,37
26583,17,34
26584,17,33
26585,17,33
26586,17,33
26587,17,33
26588,17,33
26589,17,32
26590,17,34
26591,17,33
26592,17,36
26593,17,32
26594,17,33
26595,17,33
26596,17,35
26597,17,33
26598,17,32
26599,17,33
26600,17,36
26601,17,34
26602,17,34
26603,17,36
26604,17,33
26605,17,34
26606,17,34
26607,17,33
26608,17,34
26609,17,34
26610,17,34
26611,17,33
26612,17,33
26613,17,33
26614,17,34
26615,17,34
26616,17,34
26617,17,36
26618,17,34
26619,17,36
26620,17,32
26621,17,35
26622,17,32
26623,17,34
26624,17,34
26625,17,35
26626,17,34
26627,17,32
26628,17,34
26629,17,35
26630,17,35
26631,17,36
26632,17,33
26633,17,34
26634,17,32
26635,17,33
26636,17,35
26637,17,35
26638,17,34
26639,17,33
26640,17,33
26641,17,35
26642,17,33
26643,17,33
26644,17,32
26645,17,34
26646,17,33
26647,17,34
26648,17,33
26649,17,34
26650,17,35
26651,17,32
26652,17,35
26653,17,34
26654,17,33
26655,17,38
26656,17,35
26657,17,35
26658,17,33
26659,17,34
26660,17,35
26661,17,36
26662,17,36
26663,17,36
26664,17,37
26665,17,34
26666,17,34
26667,17,34
26668,17,34
26669,17,32
26670,17,33
26671,17,35
26672,17,36
26673,17,36
26674,17,34
26675,17,35
26676,17,34
26677,17,36
26678,17,34
26679,17,35
26680,17,35
26681,17,35
26682,17,34
26683,17,34
26684,17,34
26685,17,34
26686,17,32
26687,17,33
26688,17,35
26689,17,34
26690,17,33
26691,17,35
26692,17,32
26693,17,35
26694,17,33
26695,17,34
26696,17,34
26697,17,35
26698,17,35
26699,17,32
26700,17,34
26701,17,32
26702,17,35
26703,17,33
26704,17,34
26705,17,35
26706,17,34
26707,17,34
26708,17,36
26709,17,35
26710,17,32
26711,17,33
26712,17,32
26713,17,36
26714,17,33
26715,17,32
26716,17,36
26717,17,32
26718,17,35
26719,17,34
26720,17,34
26721,17,31
26722,17,35
26723,17,35
26724,17,32
26725,17,34
26726,17,34
26727,17,36
26728,17,32
26729,17,35
26730,17,33
26731,17,35
26732,17,33
26733,17,34
26734,17,33
26735,17,34
26736,17,33
26737,17,33
26738,17,32
26739,17,37
26740,17,35
26741,17,34
26742,17,34
26743,17,33
26744,17,33
26745,17,33
26746,17,34
26747,17,34
26748,17,36
26749,17,33
26750,17,34
26751,17,36
26752,17,38
26753,17,36
26754,17,34
26755,17,36
26756,17,36
26757,17,34
26758,17,34
26759,17,33
26760,17,34
26761,17,33
26762,17,34
26763,17,34
26764,17,33
26765,17,36
26766,17,34
26767,17,34
26768,17,34
26769,17,33
26770,17,33
26771,17,34
26772,17,34
26773,17,33
26774,17,34
26775,17,35
26776,17,34
26777,17,32
26778,17,35
26779,17,34
26780,17,35
26781,17,34
26782,17,34
26783,17,33
26784,17,32
26785,17,36
26786,17,34
26787,17,34
26788,17,33
26789,17,35
26790,17,35
26791,17,34
26792,17,35
26793,17,35
26794,17,35
26795,17,35
26796,17,34
26797,17,35
26798,17,34
26799,17,34
26800,17,33
26801,17,33
26802,17,33
26803,17,33
26804,17,35
26805,17,35
26806,17,32
26807,17,34
26808,17,34
26809,17,36
26810,17,34
26811,17,34
26812,17,35
26813,17,33
26814,17,34
26815,17,34
26816,17,36
26817,17,34
26818,17,31
26819,17,32
26820,17,32
26821,17,35
26822,17,33
26823,17,33
26824,17,32
26825,17,35
26826,17,37
26827,17,33
26828,17,34
26829,17,34
26830,17,33
26831,17,35
26832,17,32
26833,17,34
26834,17,35
26835,17,34
26836,17,35
26837,17,33
26838,17,34
26839,17,33
26840,17,36
26841,17,33
26842,17,34
26843,17,35
26844,17,37
26845,17,33
26846,17,31
26847,17,33
26848,17,33
26849,17,33
26850,17,35
26851,17,32
26852,17,32
26853,17,34
26854,17,34
26855,17,35
26856,17,34
26857,17,33
26858,17,33
26859,17,33
26860,17,33
26861,17,35
26862,17,35
26863,17,35
26864,17,35
26865,17,33
26866,17,33
26867,17,34
26868,17,34
26869,17,34
26870,17,33
26871,17,34
26872,17,34
26873,17,34
26874,17,35
26875,17,33
26876,17,34
26877,17,35
26878,17,35
26879,17,32
26880,17,33
26881,17,33
26882,17,35
26883,17,33
26884,17,32
26885,17,33
26886,17,34
26887,17,33
26888,17,35
26889,17,33
26890,17,34
26891,17,34
26892,17,35
26893,17,34
26894,17,31
26895,17,32
26896,17,34
26897,17,36
26898,17,34
26899,17,35
26900,17,33
26901,17,34
26902,17,33
26903,17,35
26904,17,35
26905,17,32
26906,17,33
26907,17,34
26908,17,34
26909,17,33
26910,17,34
26911,17,34
26912,17,35
26913,17,34
26914,17,33
26915,17,33
26916,17,31
26917,17,36
26918,17,34
26919,17,33
26920,17,35
26921,17,34
26922,17,33
26923,17,33
26924,17,33
26925,17,34
26926,17,33
26927,17,36
26928,17,33
26929,17,33
26930,17,36
26931,17,34
26932,17,33
26933,17,32
26934,17,32
26935,17,32
26936,17,35
26937,17,34
26938,17,32
26939,17,33
26940,17,34
26941,17,34
26942,17,35
26943,17,34
26944,17,35
26945,17,34
26946,17,32
26947,17,35
26948,17,34
26949,17,34
26950,17,33
26951,17,35
26952,17,33
26953,17,34
26954,17,32
26955,17,33
26956,17,33
26957,17,34
26958,17,35
26959,17,33
26960,17,35
26961,17,35
26962,17,34
26963,17,33
26964,17,35
26965,17,33
26966,17,34
26967,17,33
26968,17,34
26969,17,34
26970,17,33
26971,17,34
26972,17,36
26973,17,36
26974,17,35
26975,17,34
26976,17,33
26977,17,36
26978,17,33
26979,17,35
26980,17,35
26981,17,33
26982,17,33
26983,17,34
26984,17,32
26985,17,36
26986,17,35
26987,17,35
26988,17,35
26989,17,34
26990,17,32
26991,17,33
26992,17,32
26993,17,36
26994,17,34
26995,17,33
26996,17,34
26997,17,33
26998,17,34
26999,17,33
27000,17,33
27001,17,34
27002,17,34
27003,17,32
27004,17,33
27005,17,34
27006,17,33
27007,17,34
27008,17,33
27009,17,33
27010,17,33
27011,17,32
27012,17,34
27013,17,33
27014,17,35
27015,17,34
27016,17,32
27017,17,34
27018,17,33
27019,17,34
27020,17,35
27021,17,33
27022,17,34
27023,17,34
27024,17,32
27025,17,33
27026,17,35
27027,17,33
27028,17,34
27029,17,34
27030,17,35
27031,17,34
27032,17,33
27033,17,34
27034,17,35
27035,17,34
27036,17,34
27037,17,33
27038,17,34
27039,17,32
27040,17,34
27041,17,33
27042,17,33
27043,17,35
27044,17,34
27045,17,37
27046,17,34
27047,17,32
27048,17,35
27049,17,35
27050,17,33
27051,17,35
27052,17,33
27053,17,33
27054,17,33
27055,17,35
27056,17,35
27057,17,34
27058,17,34
27059,17,35
27060,17,33
27061,17,33
27062,17,34
27063,17,33
27064,17,35
27065,17,35
27066,17,32
27067,17,35
27068,17,33
27069,17,31
27070,17,34
27071,17,33
27072,17,34
27073,17,33
27074,17,34
27075,17,34
27076,17,35
27077,17,35
27078,17,33
27079,17,34
27080,17,34
27081,17,33
27082,17,35
27083,17,33
27084,17,34
27085,17,34
27086,17,33
27087,17,37
27088,17,35
27089,17,33
27090,17,34
27091,17,34
27092,17,33
27093,17,33
27094,17,33
27095,17,34
27096,17,32
27097,17,34
27098,17,34
27099,17,34
27100,17,36
27101,17,33
27102,17,33
27103,17,36
27104,17,33
27105,17,33
27106,17,34
27107,17,32
27108,17,35
27109,17,36
27110,17,35
27111,17,35
27112,17,33
27113,17,34
27114,17,34
27115,17,35
27116,17,36
27117,17,34
27118,17,34
27119,17,35
27120,17,34
27121,17,35
27122,17,33
27123,17,32
27124,17,34
27125,17,34
27126,17,34
27127,17,33
27128,17,36
27129,17,32
27130,17,35
27131,17,35
27132,17,34
27133,17,34
27134,17,34
27135,17,34
27136,17,35
27137,17,30
27138,17,32
27139,17,34
27140,17,36
27141,17,34
27142,17,32
27143,17,32
27144,17,33
27145,17,34
27146,17,34
27147,17,35
27148,17,34
27149,17,34
27150,17,34
27151,17,37
27152,17,33
27153,17,34
27154,17,33
27155,17,34
27156,17,34
27157,17,34
27158,17,35
27159,17,34
27160,17,33
27161,17,34
27162,17,33
27163,17,32
27164,17,33
27165,17,34
27166,17,35
27167,17,33
27168,17,33
27169,17,35
27170,17,34
27171,17,34
27172,17,34
27173,17,35
27174,17,34
27175,17,35
27176,17,35
27177,17,37
27178,17,35
27179,17,34
27180,17,33
27181,17,32
27182,17,32
27183,17,36
27184,17,34
27185,17,33
27186,17,36
27187,17,32
27188,17,35
27189,17,34
27190,17,33
27191,17,34
27192,17,35
27193,17,35
27194,17,35
27195,17,35
27196,17,34
27197,17,36
27198,17,35
27199,17,36
27200,17,32
27201,17,33
27202,17,34
27203,17,33
27204,17,34
27205,17,34
27206,17,33
27207,17,37
27208,17,34
27209,17,35
27210,17,33
27211,17,35
27212,17,34
27213,17,34
27214,17,32
27215,17,34
27216,17,33
27217,17,34
27218,17,32
27219,17,34
27220,17,35
27221,17,34
27222,17,35
27223,17,34
27224,17,32
27225,17,34
27226,17,34
27227,17,34
27228,17,32
27229,17,34
27230,17,34
27231,17,34
27232,17,34
27233,17,31
27234,17,33
27235,17,35
27236,17,34
27237,17,34
27238,17,34
27239,17,34
27240,17,35
27241,17,34
27242,17,34
27243,17,34
27244,17,35
27245,17,33
27246,17,36
27247,17,34
27248,17,35
27249,17,35
27250,17,34
27251,17,36
27252,17,36
27253,17,33
27254,17,35
27255,17,34
27256,17,35
27257,17,34
27258,17,33
27259,17,35
27260,17,34
27261,17,33
27262,17,35
27263,17,34
27264,17,36
27265,17,34
27266,17,33
27267,17,33
27268,17,34
27269,17,35
27270,17,34
27271,17,36
27272,17,34
27273,17,37
27274,17,34
27275,17,34
27276,17,33
27277,17,33
27278,17,35
27279,17,33
27280,17,35
27281,17,32
27282,17,33
27283,17,34
27284,17,36
27285,17,33
27286,17,36
27287,17,33
27288,17,33
27289,17,36
27290,17,33
27291,17,33
27292,17,33
27293,17,34
27294,17,32
27295,17,33
27296,17,35
27297,17,33
27298,17,36
27299,17,33
27300,17,33
27301,17,35
27302,17,34
27303,17,35
27304,17,33
27305,17,33
27306,17,34
27307,17,33
27308,17,33
27309,17,34
27310,17,34
27311,17,34
27312,17,32
27313,17,33
27314,17,31
27315,17,35
27316,17,34
27317,17,34
27318,17,38
27319,17,35
27320,17,36
27321,17,36
27322,17,36
27323,17,33
27324,17,35
27325,17,33
27326,17,35
27327,17,35
27328,17,33
27329,17,33
27330,17,33
27331,17,34
27332,17,35
27333,17,32
27334,17,34
27335,17,35
27336,17,34
27337,17,34
27338,17,34
27339,17,32
27340,17,34
27341,17,33
27342,17,36
27343,17,32
27344,17,33
27345,17,34
27346,17,34
27347,17,35
27348,17,32
27349,17,34
27350,17,33
27351,17,34
27352,17,33
27353,17,35
27354,17,34
27355,17,33
27356,17,34
27357,17,33
27358,17,37
27359,17,35
27360,17,35
27361,17,35
27362,17,33
27363,17,34
27364,17,35
27365,17,34
27366,17,34
27367,17,35
27368,17,35
27369,17,35
27370,17,34
27371,17,34
27372,17,35
27373,17,34
27374,17,34
27375,17,34
27376,17,33
27377,17,34
27378,17,35
27379,17,35
27380,17,33
27381,17,33
27382,17,34
27383,17,34
27384,17,32
27385,17,35
27386,17,35
27387,17,34
27388,17,35
27389,17,35
27390,17,35
27391,17,36
27392,17,34
27393,17,34
27394,17,35
27395,17,34
27396,17,33
27397,17,35
27398,17,32
27399,17,34
27400,17,33
27401,17,35
27402,17,34
27403,17,35
27404,17,36
27405,17,32
27406,17,35
27407,17,32
27408,17,34
27409,17,37
27410,17,36
27411,17,34
27412,17,33
27413,17,34
27414,17,34
27415,17,34
27416,17,36
27417,17,33
27418,17,34
27419,17,34
27420,17,34
27421,17,37
27422,17,35
27423,17,33
27424,17,33
27425,17,35
27426,17,32
27427,17,38
27428,17,35
27429,17,32
27430,17,34
27431,17,32
27432,17,34
27433,17,35
27434,17,35
27435,17,34
27436,17,36
27437,17,32
27438,17,35
27439,17,35
27440,17,32
27441,17,34
27442,17,34
27443,17,36
27444,17,34
27445,17,35
27446,17,33
27447,17,34
27448,17,34
27449,17,34
27450,17,33
27451,17,33
27452,17,34
27453,17,33
27454,17,33
27455,17,34
27456,17,34
27457,17,35
27458,17,34
27459,17,35
27460,17,32
27461,17,32
27462,17,34
27463,17,31
27464,17,32
27465,17,32
27466,17,34
27467,17,34
27468,17,33
27469,17,37
27470,17,36
27471,17,34
27472,17,35
27473,17,34
27474,17,35
27475,17,33
27476,17,33
27477,17,33
27478,17,36
27479,17,35
27480,17,34
27481,17,32
27482,17,35
27483,17,34
27484,17,32
27485,17,34
27486,17,34
27487,17,35
27488,17,33
27489,17,34
27490,17,35
27491,17,35
27492,17,33
27493,17,34
27494,17,35
27495,17,31
27496,17,37
27497,17,32
27498,17,32
27499,17,36
27500,17,36
27501,17,36
27502,17,33
27503,17,34
27504,17,33
27505,17,33
27506,17,34
27507,17,32
27508,17,32
27509,17,34
27510,17,34
27511,17,34
27512,17,34
27513,17,34
27514,17,34
27515,17,33
27516,17,35
27517,17,33
27518,17,33
27519,17,32
27520,17,33
27521,17,32
27522,17,34
27523,17,33
27524,17,33
27525,17,33
27526,17,35
27527,17,35
27528,17,33
27529,17,36
27530,17,35
27531,17,36
27532,17,35
27533,17,34
27534,17,32
27535,17,34
27536,17,34
27537,17,32
27538,17,34
27539,17,33
27540,17,33
27541,17,34
27542,17,34
27543,17,36
27544,17,32
27545,17,34
27546,17,37
27547,17,35
27548,17,34
27549,17,35
27550,17,36
27551,17,33
27552,17,34
27553,17,34
27554,17,34
27555,17,35
27556,17,34
27557,17,34
27558,17,35
27559,17,34
27560,17,34
27561,17,34
27562,17,34
27563,17,36
27564,17,34
27565,17,34
27566,17,35
27567,17,34
27568,17,35
27569,17,33
27570,17,34
27571,17,34
27572,17,34
27573,17,35
27574,17,35
27575,17,34
27576,17,33
27577,17,36
27578,17,33
27579,17,34
27580,17,34
27581,17,35
27582,17,36
27583,17,37
27584,17,33
27585,17,35
27586,17,32
27587,17,36
27588,17,35
27589,17,34
27590,17,35
27591,17,34
27592,17,33
27593,17,37
27594,17,33
27595,17,34
27596,17,34
27597,17,35
27598,17,34
27599,17,33
27600,17,34
27601,17,34
27602,17,33
27603,17,34
27604,17,35
27605,17,35
27606,17,36
27607,17,31
27608,17,34
27609,17,34
27610,17,34
27611,17,35
27612,17,36
27613,17,33
27614,17,33
27615,17,33
27616,17,35
27617,17,36
27618,17,32
27619,17,34
27620,17,36
27621,17,35
27622,17,35
27623,17,33
27624,17,32
27625,17,34
27626,17,34
27627,17,35
27628,17,32
27629,17,34
27630,17,34
27631,17,33
27632,17,36
27633,17,32
27634,17,34
27635,17,33
27636,17,33
27637,17,33
27638,17,34
27639,17,37
27640,17,35
27641,17,35
27642,17,34
27643,17,33
27644,17,35
27645,17,34
27646,17,35
27647,17,34
27648,17,34
27649,17,36
27650,17,34
27651,17,36
27652,17,34
27653,17,34
27654,17,33
27655,17,34
27656,17,33
27657,17,33
27658,17,32
27659,17,35
27660,17,33
27661,17,34
27662,17,32
27663,17,34
27664,17,33
27665,17,37
27666,17,35
27667,17,34
27668,17,35
27669,17,33
27670,17,33
27671,17,35
27672,17,34
27673,17,35
27674,17,33
27675,17,33
27676,17,33
27677,17,32
27678,17,35
27679,17,37
27680,17,34
27681,17,34
27682,17,36
27683,17,33
27684,17,37
27685,17,33
27686,17,35
27687,17,33
27688,17,34
27689,17,32
27690,17,37
27691,17,35
27692,17,33
27693,17,33
27694,17,34
27695,17,34
27696,17,33
27697,17,35
27698,17,32
27699,17,33
27700,17,33
27701,17,33
27702,17,36
27703,17,33
27704,17,34
27705,17,33
27706,17,34
27707,17,33
27708,17,34
27709,17,35
27710,17,35
27711,17,33
27712,17,32
27713,17,34
27714,17,34
27715,17,35
27716,17,34
27717,17,33
27718,17,34
27719,17,34
27720,17,36
27721,17,34
27722,17,35
27723,17,35
27724,17,35
27725,17,35
27726,17,35
27727,17,32
27728,17,35
27729,17,35
27730,17,33
27731,17,35
27732,17,34
27733,17,35
27734,17,32
27735,17,34
27736,17,33
27737,17,34
27738,17,33
27739,17,33
27740,17,37
27741,17,34
27742,17,34
27743,17,34
27744,17,34
27745,17,33
27746,17,37
27747,17,33
27748,17,34
27749,17,34
27750,17,34
27751,17,33
27752,17,34
27753,17,33
27754,17,33
27755,17,36
27756,18,36
27757,17,37
27758,17,34
27759,17,34
27760,17,36
27761,17,34
27762,17,34
27763,17,31
27764,17,34
27765,17,37
27766,17,33
27767,17,35
27768,17,36
27769,17,34
27770,17,34
27771,17,34
27772,17,34
27773,17,34
27774,17,35
27775,17,32
27776,17,33
27777,17,33
27778,17,34
27779,17,34
27780,17,37
27781,17,33
27782,17,35
27783,17,33
27784,17,35
27785,17,35
27786,17,32
27787,17,34
27788,17,35
27789,17,35
27790,17,33
27791,17,34
27792,17,35
27793,17,36
27794,17,35
27795,17,33
27796,17,34
27797,17,33
27798,17,32
27799,17,36
27800,17,33
27801,17,34
27802,17,32
27803,17,36
27804,17,33
27805,17,36
27806,17,34
27807,17,33
27808,17,34
27809,17,33
27810,17,33
27811,17,34
27812,17,37
27813,17,33
27814,17,34
27815,17,34
27816,17,32
27817,17,34
27818,17,32
27819,17,34
27820,17,33
27821,17,34
27822,17,32
27823,17,37
27824,17,32
27825,17,35
27826,17,33
27827,17,35
27828,17,32
27829,17,34
27830,17,34
27831,17,33
27832,17,36
27833,17,36
27834,17,35
27835,17,35
27836,17,34
27837,17,34
27838,17,34
27839,17,33
27840,17,36
27841,17,34
27842,17,34
27843,17,34
27844,17,35
27845,17,36
27846,17,32
27847,17,32
27848,17,34
27849,17,34
27850,17,34
27851,17,32
27852,17,35
27853,17,34
27854,17,34
27855,17,34
27856,17,34
27857,17,35
27858,17,33
27859,17,36
27860,17,36
27861,17,34
27862,17,36
27863,17,35
27864,17,35
27865,17,33
27866,17,34
27867,17,33
27868,17,33
27869,17,32
27870,17,33
27871,17,32
27872,17,33
27873,17,39
27874,17,34
27875,17,33
27876,17,36
27877,17,34
27878,17,34
27879,17,33
27880,17,35
27881,17,38
27882,17,34
27883,17,36
27884,17,34
27885,17,35
27886,17,36
27887,17,34
27888,17,37
27889,17,34
27890,17,33
27891,17,35
27892,17,36
27893,17,34
27894,17,34
27895,17,34
27896,17,34
27897,17,36
27898,17,33
27899,17,33
27900,17,35
27901,17,36
27902,17,34
27903,17,33
27904,17,33
27905,17,33
27906,17,35
27907,17,34
27908,17,33
27909,17,33
27910,17,33
27911,17,33
27912,17,34
27913,17,37
27914,17,34
27915,17,35
27916,17,35
27917,17,36
27918,17,33
27919,17,33
27920,17,33
27921,17,34
27922,17,32
27923,17,31
27924,17,35
27925,17,33
27926,17,33
27927,17,36
27928,17,33
27929,17,34
27930,17,36
27931,17,35
27932,17,36
27933,17,34
27934,17,33
27935,17,35
27936,17,33
27937,17,34
27938,17,33
27939,17,35
27940,17,35
27941,17,38
27942,17,34
27943,17,34
27944,17,33
27945,17,33
27946,17,35
27947,17,34
27948,17,34
27949,17,33
27950,17,35
27951,17,34
27952,17,34
27953,17,36
27954,17,35
27955,17,34
27956,17,35
27957,17,35
27958,17,34
27959,17,36
27960,17,38
27961,17,37
27962,17,34
27963,17,35
27964,17,33
27965,17,35
27966,18,34
27967,17,34
27968,17,34
27969,17,34
27970,17,36
27971,17,35
27972,17,34
27973,17,34
27974,17,33
27975,17,32
27976,17,36
27977,17,33
27978,17,33
27979,17,34
27980,17,36
27981,17,35
27982,18,33
27983,17,34
27984,17,33
27985,17,33
27986,17,33
27987,17,35
27988,17,33
27989,17,34
27990,17,32
27991,17,34
27992,17,35
27993,17,33
27994,17,33
27995,17,32
27996,17,33
27997,17,36
27998,17,32
27999,17,35
28000,17,33
28001,17,35
28002,17,37
28003,17,32
28004,17,37
28005,17,35
28006,17,34
28007,17,35
28008,17,34
28009,17,35
28010,17,34
28011,17,35
28012,17,35
28013,17,34
28014,17,32
28015,17,33
28016,17,33
28017,17,35
28018,17,31
28019,17,37
28020,17,36
28021,17,36
28022,17,33
28023,17,33
28024,17,35
28025,17,34
28026,17,33
28027,17,33
28028,17,34
28029,17,36
28030,17,34
28031,17,35
28032,17,33
28033,17,35
28034,17,32
28035,17,34
28036,17,32
28037,17,35
28038,17,35
28039,17,34
28040,17,35
28041,17,34
28042,17,37
28043,17,36
28044,17,35
28045,17,34
28046,17,35
28047,17,36
28048,17,35
28049,17,34
28050,17,34
28051,17,35
28052,17,35
28053,17,35
28054,17,32
28055,17,33
28056,17,33
28057,17,35
28058,17,33
28059,17,33
28060,17,34
28061,17,34
28062,17,34
28063,17,34
28064,17,35
28065,17,35
28066,17,36
28067,17,34
28068,17,36
28069,17,35
28070,17,33
28071,17,33
28072,17,32
28073,17,34
28074,17,36
28075,17,32
28076,17,34
28077,17,31
28078,17,34
28079,17,38
28080,17,34
28081,17,34
28082,17,35
28083,17,34
28084,17,34
28085,17,33
28086,17,33
28087,17,34
28088,17,36
28089,17,31
28090,17,36
28091,17,35
28092,17,34
28093,17,34
28094,17,33
28095,17,35
28096,17,34
28097,17,35
28098,17,35
28099,17,35
28100,17,36
28101,17,34
28102,17,34
28103,17,35
28104,17,36
28105,17,34
28106,17,32
28107,17,33
28108,17,31
28109,17,34
28110,17,33
28111,17,34
28112,17,34
28113,17,34
28114,17,36
28115,17,32
28116,17,34
28117,17,33
28118,17,35
28119,17,35
28120,17,36
28121,17,34
28122,17,36
28123,17,34
28124,17,33
28125,17,34
28126,17,32
28127,17,36
28128,17,34
28129,17,34
28130,17,32
28131,17,31
28132,17,34
28133,17,35
28134,17,35
28135,17,37
28136,17,36
28137,17,38
28138,17,35
28139,17,34
28140,17,34
28141,17,35
28142,17,34
28143,17,35
28144,17,34
28145,17,34
28146,17,32
28147,17,33
28148,17,34
28149,17,34
28150,17,35
28151,17,33
28152,17,34
28153,17,34
28154,17,32
28155,17,34
28156,17,35
28157,17,34
28158,17,32
28159,17,34
28160,17,34
28161,17,34
28162,17,32
28163,17,34
28164,17,34
28165,17,34
28166,17,34
28167,17,35
28168,17,34
28169,17,34
28170,17,36
28171,17,34
28172,17,32
28173,17,34
28174,17,35
28175,17,36
28176,17,35
28177,17,34
28178,17,33
28179,17,34
28180,17,35
28181,17,33
28182,17,33
28183,17,34
28184,17,34
28185,17,34
28186,17,34
28187,17,34
28188,17,34
28189,17,34
28190,17,36
28191,17,34
28192,17,36
28193,17,33
28194,17,35
28195,17,34
28196,17,33
28197,17,36
28198,17,36
28199,17,34
28200,17,33
28201,17,34
28202,17,34
28203,17,33
28204,17,33
28205,17,34
28206,17,33
28207,17,34
28208,17,34
28209,17,34
28210,17,35
28211,17,34
28212,17,34
28213,17,33
28214,17,32
28215,17,35
28216,17,33
28217,17,33
28218,17,38
28219,17,32
28220,17,34
28221,17,34
28222,17,34
28223,17,38
28224,17,35
28225,17,32
28226,17,38
28227,17,34
28228,17,34
28229,17,32
28230,17,34
28231,17,35
28232,17,36
28233,17,36
28234,17,36
28235,17,33
28236,17,37
28237,17,34
28238,17,34
28239,17,33
28240,17,35
28241,17,33
28242,17,33
28243,17,35
28244,17,35
28245,17,34
28246,17,33
28247,17,33
28248,17,31
28249,17,38
28250,17,34
28251,17,34
28252,17,35
28253,17,34
28254,17,34
28255,17,35
28256,17,36
28257,17,33
28258,17,33
28259,17,33
28260,17,33
28261,17,33
28262,17,35
28263,17,33
28264,17,33
28265,17,33
28266,17,34
28267,17,34
28268,17,33
28269,17,33
28270,17,34
28271,17,36
28272,17,32
28273,17,34
28274,17,33
28275,17,37
28276,17,31
28277,17,34
28278,17,36
28279,17,33
28280,17,35
28281,17,35
28282,17,34
28283,17,33
28284,17,36
28285,17,36
28286,17,33
28287,17,35
28288,17,33
28289,17,35
28290,17,35
28291,17,36
28292,17,35
28293,17,35
28294,17,34
28295,17,34
28296,17,32
28297,17,33
28298,17,36
28299,17,35
28300,17,33
28301,17,32
28302,17,35
28303,17,33
28304,17,34
28305,17,34
28306,17,34
28307,17,36
28308,17,35
28309,17,37
28310,17,32
28311,18,34
28312,17,32
28313,17,36
28314,17,33
28315,17,33
28316,17,34
28317,17,34
28318,17,33
28319,17,33
28320,17,35
28321,17,34
28322,17,35
28323,17,35
28324,17,31
28325,17,34
28326,17,38
28327,17,36
28328,17,34
28329,17,37
28330,17,34
28331,17,34
28332,17,35
28333,17,33
28334,17,34
28335,17,34
28336,17,35
28337,17,34
28338,17,37
28339,17,34
28340,17,36
28341,17,34
28342,17,33
28343,17,33
28344,17,35
28345,17,35
28346,17,36
28347,17,35
28348,17,35
28349,17,34
28350,17,35
28351,17,33
28352,17,35
28353,17,34
28354,17,34
28355,17,33
28356,17,36
28357,17,34
28358,17,33
28359,17,34
28360,17,34
28361,17,34
28362,17,33
28363,17,34
28364,17,36
28365,17,35
28366,17,36
28367,17,36
28368,17,35
28369,17,33
28370,17,33
28371,17,36
28372,17,35
28373,17,35
28374,17,32
28375,17,34
28376,17,35
28377,17,35
28378,17,34
28379,17,37
28380,17,33
28381,17,36
28382,17,33
28383,17,36
28384,17,34
28385,17,35
28386,17,33
28387,17,33
28388,17,33
28389,17,33
28390,17,35
28391,17,35
28392,17,34
28393,17,34
28394,17,33
28395,17,34
28396,17,36
28397,17,33
28398,17,33
28399,17,32
28400,17,35
28401,17,34
28402,17,39
28403,17,33
28404,17,35
28405,17,37
28406,17,32
28407,17,34
28408,17,32
28409,17,35
28410,17,34
28411,17,34
28412,17,33
28413,17,37
28414,17,34
28415,17,32
28416,17,35
28417,17,34
28418,17,34
28419,17,34
28420,17,34
28421,17,37
28422,18,36
28423,17,34
28424,17,32
28425,17,33
28426,17,34
28427,17,35
28428,17,33
28429,17,35
28430,17,36
28431,17,34
28432,17,33
28433,17,34
28434,17,36
28435,17,36
28436,17,34
28437,17,35
28438,17,34
28439,18,33
28440,17,33
28441,17,35
28442,17,35
28443,17,34
28444,17,33
28445,17,33
28446,17,34
28447,17,36
28448,17,33
28449,17,35
28450,17,34
28451,17,35
28452,17,33
28453,17,36
28454,17,34
28455,17,35
28456,17,33
28457,17,35
28458,17,35
28459,17,34
28460,17,34
28461,17,35
28462,17,35
28463,17,34
28464,17,32
28465,17,32
28466,17,36
28467,17,33
28468,17,34
28469,17,35
28470,17,34
28471,17,33
28472,17,34
28473,17,34
28474,17,36
28475,17,36
28476,17,35
28477,17,34
28478,17,34
28479,17,34
28480,17,35
28481,17,34
28482,17,34
28483,17,33
28484,17,37
28485,17,35
28486,17,36
28487,17,34
28488,17,35
28489,17,33
28490,17,35
28491,17,33
28492,17,34
28493,17,34
28494,17,35
28495,17,33
28496,17,35
28497,17,34
28498,17,33
28499,17,35
28500,17,36
28501,17,33
28502,17,36
28503,17,36
28504,17,34
28505,17,35
28506,17,33
28507,17,34
28508,17,35
28509,17,36
28510,17,33
28511,17,32
28512,17,37
28513,17,34
28514,17,37
28515,17,33
28516,17,37
28517,17,35
28518,17,33
28519,17,34
28520,17,36
28521,17,36
28522,17,34
28523,17,35
28524,17,34
28525,17,33
28526,17,33
28527,17,33
28528,17,35
28529,17,33
28530,17,33
28531,17,33
28532,17,33
28533,17,36
28534,17,34
28535,17,35
28536,17,35
28537,17,35
28538,17,33
28539,17,31
28540,17,35
28541,17,34
28542,18,35
28543,17,33
28544,17,32
28545,17,34
28546,17,32
28547,17,33
28548,17,35
28549,17,35
28550,17,36
28551,17,34
28552,17,34
28553,17,33
28554,17,33
28555,17,34
28556,17,35
28557,17,36
28558,17,35
28559,17,33
28560,17,33
28561,17,34
28562,17,33
28563,17,37
28564,17,34
28565,17,34
28566,17,34
28567,17,33
28568,17,35
28569,17,33
28570,17,33
28571,17,33
28572,17,34
28573,17,34
28574,17,33
28575,17,31
28576,18,33
28577,17,34
28578,17,34
28579,17,33
28580,17,31
28581,17,35
28582,17,36
28583,17,34
28584,17,36
28585,17,35
28586,17,34
28587,17,33
28588,17,35
28589,17,35
28590,17,36
28591,17,34
28592,17,34
28593,17,35
28594,17,33
28595,17,35
28596,17,32
28597,17,35
28598,17,34
28599,17,35
28600,17,34
28601,17,33
28602,17,35
28603,17,35
28604,17,35
28605,17,34
28606,17,33
28607,17,33
28608,17,35
28609,17,36
28610,17,31
28611,17,34
28612,17,35
28613,17,33
28614,17,35
28615,17,35
28616,17,35
28617,17,34
28618,17,34
28619,17,33
28620,17,33
28621,17,34
28622,17,34
28623,17,34
28624,17,32
28625,17,33
28626,17,33
28627,17,34
28628,17,33
28629,17,38
28630,17,34
28631,17,38
28632,17,33
28633,17,34
28634,17,32
28635,17,35
28636,17,35
28637,17,35
28638,17,35
28639,17,34
28640,17,36
28641,17,33
28642,17,35
28643,17,36
28644,17,32
28645,17,32
28646,17,33
28647,17,34
28648,17,35
28649,17,35
28650,17,33
28651,17,34
28652,17,33
28653,17,35
28654,17,33
28655,17,35
28656,17,33
28657,17,35
28658,17,34
28659,17,36
28660,17,34
28661,17,35
28662,17,33
28663,17,34
28664,17,34
28665,17,33
28666,17,35
28667,17,34
28668,17,36
28669,17,34
28670,17,33
28671,17,33
28672,17,37
28673,17,35
28674,17,36
28675,17,33
28676,17,37
28677,17,33
28678,17,33
28679,17,33
28680,17,34
28681,18,35
28682,17,37
28683,17,35
28684,17,35
28685,17,34
28686,17,35
28687,17,32
28688,17,34
28689,17,35
28690,17,34
28691,17,31
28692,17,36
28693,17,32
28694,18,34
28695,17,35
28696,17,31
28697,17,35
28698,17,33
28699,17,34
28700,17,35
28701,17,33
28702,17,34
28703,17,33
28704,17,36
28705,17,34
28706,17,33
28707,17,34
28708,17,33
28709,17,35
28710,17,33
28711,17,34
28712,17,35
28713,17,34
28714,17,36
28715,17,33
28716,17,33
28717,17,34
28718,17,32
28719,17,34
28720,17,34
28721,17,36
28722,17,33
28723,17,33
28724,17,36
28725,17,34
28726,17,34
28727,17,36
28728,17,35
28729,17,33
28730,17,35
28731,17,34
28732,17,34
28733,17,34
28734,17,35
28735,17,35
28736,17,34
28737,17,34
28738,17,34
28739,17,36
28740,17,36
28741,17,35
28742,17,35
28743,17,34
28744,17,33
28745,17,34
28746,17,33
28747,17,36
28748,17,35
28749,17,32
28750,17,34
28751,17,33
28752,17,34
28753,17,33
28754,17,37
28755,17,35
28756,17,35
28757,17,35
28758,17,34
28759,17,35
28760,17,34
28761,17,35
28762,17,34
28763,17,34
28764,17,36
28765,17,34
28766,17,32
28767,17,36
28768,17,34
28769,17,35
28770,17,34
28771,17,34
28772,17,33
28773,17,34
28774,17,34
28775,17,35
28776,17,35
28777,17,32
28778,17,33
28779,17,34
28780,17,34
28781,17,33
28782,17,35
28783,17,34
28784,17,33
28785,17,35
28786,17,35
28787,17,36
28788,17,33
28789,17,34
28790,17,35
28791,17,36
28792,17,34
28793,17,33
28794,17,36
28795,17,33
28796,17,37
28797,17,34
28798,17,34
28799,17,32
28800,17,32
28801,17,34
28802,17,35
28803,17,34
28804,17,34
28805,17,33
28806,17,33
28807,17,33
28808,17,34
28809,17,35
28810,17,32
28811,17,33
28812,17,33
28813,17,34
28814,17,36
28815,17,33
28816,17,33
28817,17,35
28818,17,35
28819,17,32
28820,17,34
28821,17,36
28822,17,34
28823,17,33
28824,17,32
28825,17,33
28826,17,36
28827,17,35
28828,17,36
28829,17,32
28830,17,36
28831,17,33
28832,17,34
28833,17,36
28834,17,34
28835,17,35
28836,17,35
28837,17,35
28838,17,35
28839,17,36
28840,17,33
28841,17,36
28842,17,34
28843,17,33
28844,17,34
28845,17,32
28846,17,34
28847,17,35
28848,17,36
28849,17,35
28850,17,33
28851,17,33
28852,17,35
28853,17,33
28854,17,35
28855,17,35
28856,17,34
28857,17,34
28858,17,34
28859,17,33
28860,17,36
28861,17,33
28862,17,36
28863,17,35
28864,17,35
28865,17,33
28866,17,33
28867,17,32
28868,17,34
28869,17,34
28870,17,34
28871,17,34
28872,17,35
28873,17,35
28874,17,34
28875,17,34
28876,17,34
28877,17,33
28878,17,34
28879,17,33
28880,17,34
28881,17,33
28882,17,34
28883,17,37
28884,17,33
28885,17,33
28886,17,32
28887,18,34
28888,17,33
28889,17,34
28890,17,35
28891,17,34
28892,17,34
28893,17,35
28894,17,33
28895,17,32
28896,17,35
28897,17,33
28898,17,34
28899,17,34
28900,17,35
28901,17,33
28902,18,36
28903,17,35
28904,17,33
28905,17,34
28906,17,33
28907,17,33
28908,17,33
28909,17,33
28910,17,35
28911,17,35
28912,17,33
28913,17,33
28914,17,36
28915,17,35
28916,17,33
28917,17,32
28918,17,36
28919,17,35
28920,17,33
28921,17,32
28922,17,34
28923,17,36
28924,17,35
28925,17,35
28926,17,33
28927,17,35
28928,18,35
28929,17,34
28930,17,34
28931,17,34
28932,17,35
28933,17,33
28934,17,34
28935,17,34
28936,18,35
28937,17,36
28938,17,34
28939,17,34
28940,17,35
28941,17,35
28942,17,35
28943,17,34
28944,17,35
28945,17,34
28946,17,32
28947,17,32
28948,17,34
28949,17,34
28950,17,37
28951,17,34
28952,17,35
28953,17,35
28954,17,37
28955,17,33
28956,17,32
28957,17,33
28958,17,38
28959,17,33
28960,17,36
28961,17,33
28962,17,35
28963,17,35
28964,17,34
28965,17,34
28966,17,34
28967,17,34
28968,17,34
28969,17,33
28970,17,35
28971,17,35
28972,17,36
28973,17,34
28974,17,34
28975,17,35
28976,17,35
28977,17,36
28978,17,33
28979,17,34
28980,17,34
28981,17,38
28982,17,33
28983,17,34
28984,17,32
28985,17,35
28986,17,36
28987,17,33
28988,17,34
28989,17,32
28990,17,33
28991,17,36
28992,17,33
28993,17,33
28994,17,36
28995,17,33
28996,17,33
28997,17,33
28998,17,32
28999,17,34
29000,17,35
29001,17,35
29002,17,39
29003,18,36
29004,17,33
29005,17,33
29006,17,33
29007,17,34
29008,17,36
29009,17,33
29010,17,34
29011,17,34
29012,17,34
29013,17,36
29014,17,33
29015,17,33
29016,17,34
29017,17,35
29018,17,33
29019,17,34
29020,17,33
29021,17,34
29022,17,34
29023,17,34
29024,17,33
29025,17,35
29026,17,35
29027,17,37
29028,17,33
29029,17,33
29030,17,37
29031,17,34
29032,17,35
29033,17,34
29034,17,33
29035,17,36
29036,17,34
29037,17,35
29038,17,33
29039,17,33
29040,17,34
29041,17,35
29042,17,38
29043,17,33
29044,17,34
29045,17,33
29046,17,34
29047,17,34
29048,17,35
29049,18,35
29050,17,34
29051,17,32
29052,17,34
29053,17,36
29054,17,36
29055,17,35
29056,17,36
29057,17,34
29058,17,35
29059,17,35
29060,17,33
29061,17,34
29062,17,32
29063,17,36
29064,17,33
29065,17,34
29066,17,35
29067,17,32
29068,17,34
29069,17,36
29070,17,33
29071,17,36
29072,17,36
29073,17,33
29074,17,34
29075,17,33
29076,17,34
29077,17,34
29078,17,34
29079,17,35
29080,17,34
29081,17,34
29082,17,34
29083,17,36
29084,17,34
29085,17,37
29086,17,35
29087,17,36
29088,17,33
29089,17,38
29090,17,36
29091,17,34
29092,17,35
29093,17,35
29094,17,35
29095,17,35
29096,17,33
29097,17,33
29098,17,34
29099,17,33
29100,17,33
29101,17,34
29102,17,35
29103,17,34
29104,17,34
29105,17,37
29106,17,34
29107,17,36
29108,17,34
29109,17,34
29110,17,34
29111,17,34
29112,17,36
29113,17,34
29114,17,34
29115,18,34
29116,17,35
29117,17,33
29118,17,33
29119,17,35
29120,17,36
29121,17,31
29122,17,35
29123,18,33
29124,17,34
29125,17,33
29126,17,33
29127,17,34
29128,17,36
29129,17,35
29130,17,33
29131,17,33
29132,17,34
29133,17,34
29134,17,35
29135,17,34
29136,17,35
29137,17,35
29138,17,34
29139,17,34
29140,17,33
29141,17,35
29142,17,34
29143,17,35
29144,17,32
29145,17,34
29146,17,33
29147,17,33
29148,17,34
29149,17,33
29150,17,36
29151,17,33
29152,17,35
29153,17,32
29154,17,33
29155,17,35
29156,17,32
29157,17,33
29158,17,32
29159,17,34
29160,17,35
29161,17,34
29162,17,33
29163,17,35
29164,17,34
29165,17,33
29166,18,35
29167,17,34
29168,18,35
29169,17,35
29170,17,33
29171,17,34
29172,17,35
29173,17,33
29174,17,35
29175,17,33
29176,17,34
29177,17,35
29178,17,36
29179,17,34
29180,17,34
29181,17,33
29182,17,34
29183,17,34
29184,17,34
29185,17,34
29186,17,33
29187,17,35
29188,17,35
29189,17,35
29190,17,37
29191,17,35
29192,17,37
29193,17,32
29194,17,35
29195,17,34
29196,17,36
29197,17,33
29198,17,34
29199,17,35
29200,17,36
29201,17,33
29202,17,35
29203,17,34
29204,17,33
29205,17,35
29206,17,34
29207,17,36
29208,17,33
29209,17,34
29210,17,36
29211,17,33
29212,17,34
29213,17,34
29214,17,33
29215,17,33
29216,17,36
29217,17,36
29218,17,34
29219,17,37
29220,17,35
29221,18,32
29222,17,34
29223,18,34
29224,17,33
29225,18,32
29226,17,33
29227,17,35
29228,17,33
29229,17,35
29230,17,33
29231,17,33
29232,17,34
29233,17,33
29234,18,35
29235,17,40
29236,17,34
29237,17,35
29238,17,34
29239,17,35
29240,17,35
29241,17,35
29242,17,36
29243,17,35
29244,17,33
29245,17,33
29246,17,36
29247,17,35
29248,17,35
29249,17,34
29250,17,35
29251,17,32
29252,17,32
29253,17,32
29254,17,34
29255,17,32
29256,17,33
29257,17,35
29258,17,33
29259,17,35
29260,17,37
29261,17,34
29262,17,33
29263,17,35
29264,17,36
29265,17,34
29266,17,36
29267,17,33
29268,17,34
29269,17,35
29270,17,33
29271,17,35
29272,17,35
29273,17,37
29274,17,35
29275,17,34
29276,17,37
29277,17,34
29278,17,33
29279,17,34
29280,17,35
29281,17,34
29282,17,34
29283,17,34
29284,17,34
29285,17,33
29286,17,32
29287,17,34
29288,17,35
29289,17,33
29290,17,36
29291,17,36
29292,17,34
29293,17,33
29294,17,35
29295,17,33
29296,17,33
29297,17,34
29298,17,34
29299,17,34
29300,17,34
29301,17,32
29302,17,33
29303,17,34
29304,17,33
29305,17,35
29306,17,32
29307,17,35
29308,17,36
29309,17,36
29310,18,35
29311,17,33
29312,17,34
29313,17,35
29314,17,35
29315,17,34
29316,17,34
29317,17,34
29318,17,36
29319,17,33
29320,17,35
29321,18,34
29322,17,34
29323,17,34
29324,17,35
29325,17,34
29326,17,36
29327,17,32
29328,17,34
29329,17,33
29330,17,34
29331,17,37
29332,17,34
29333,17,32
29334,17,33
29335,18,34
29336,17,32
29337,17,33
29338,17,33
29339,17,33
29340,17,33
29341,17,34
29342,17,34
29343,17,33
29344,17,34
29345,17,34
29346,17,36
29347,17,34
29348,17,33
29349,17,35
29350,17,35
29351,17,34
29352,18,34
29353,17,34
29354,17,33
29355,17,33
29356,17,34
29357,17,34
29358,17,33
29359,17,34
29360,17,32
29361,17,34
29362,17,34
29363,17,32
29364,17,36
29365,17,36
29366,17,36
29367,17,35
29368,17,34
29369,17,35
29370,17,34
29371,17,34
29372,17,36
29373,17,35
29374,17,34
29375,17,34
29376,17,33
29377,17,35
29378,17,35
29379,17,38
29380,17,34
29381,17,36
29382,17,36
29383,17,34
29384,17,34
29385,17,36
29386,17,34
29387,17,35
29388,17,35
29389,17,33
29390,17,34
29391,17,34
29392,17,34
29393,17,35
29394,17,33
29395,17,34
29396,17,34
29397,17,35
29398,17,35
29399,17,34
29400,17,33
29401,17,34
29402,17,34
29403,17,35
29404,17,32
29405,17,34
29406,17,34
29407,17,33
29408,17,35
29409,17,35
29410,17,34
29411,17,37
29412,17,35
29413,17,35
29414,17,34
29415,17,36
29416,17,36
29417,17,36
29418,17,34
29419,17,35
29420,17,33
29421,17,35
29422,17,33
29423,17,33
29424,17,33
29425,17,35
29426,17,35
29427,17,33
29428,17,34
29429,17,34
29430,17,35
29431,17,32
29432,17,37
29433,17,34
29434,17,34
29435,17,32
29436,17,34
29437,17,35
29438,17,34
29439,17,36
29440,17,34
29441,17,33
29442,17,34
29443,17,34
29444,17,33
29445,17,35
29446,17,36
29447,17,34
29448,17,32
29449,17,35
29450,17,35
29451,17,37
29452,17,35
29453,17,34
29454,17,34
29455,17,34
29456,17,35
29457,17,34
29458,17,34
29459,17,34
29460,17,33
29461,17,33
29462,17,34
29463,17,35
29464,17,32
29465,17,34
29466,17,34
29467,17,33
29468,17,34
29469,17,37
29470,17,33
29471,17,32
29472,17,35
29473,17,34
29474,17,34
29475,17,34
29476,17,34
29477,17,33
29478,17,34
29479,17,33
29480,17,36
29481,17,35
29482,17,34
29483,17,33
29484,17,36
29485,17,34
29486,17,34
29487,17,34
29488,17,32
29489,17,35
29490,17,36
29491,17,38
29492,17,33
29493,17,34
29494,17,35
29495,17,36
29496,17,33
29497,17,34
29498,17,32
29499,17,35
29500,18,33
29501,17,35
29502,17,33
29503,17,34
29504,17,36
29505,17,35
29506,17,34
29507,17,32
29508,17,35
29509,17,34
29510,17,35
29511,17,34
29512,17,36
29513,17,33
29514,17,33
29515,17,36
29516,17,39
29517,17,36
29518,17,36
29519,17,34
29520,17,34
29521,17,36
29522,17,35
29523,17,35
29524,17,34
29525,17,36
29526,17,34
29527,17,32
29528,17,36
29529,17,36
29530,17,36
29531,17,33
29532,17,34
29533,17,34
29534,17,34
29535,17,34
29536,17,34
29537,17,34
29538,17,36
29539,17,35
29540,17,35
29541,17,36
29542,17,33
29543,17,35
29544,17,34
29545,17,32
29546,17,35
29547,17,35
29548,17,34
29549,17,32
29550,17,34
29551,17,33
29552,17,35
29553,17,34
29554,17,35
29555,17,34
29556,17,34
29557,17,34
29558,17,32
29559,17,35
29560,17,33
29561,17,35
29562,17,36
29563,17,34
29564,17,34
29565,17,35
29566,17,35
29567,17,35
29568,17,33
29569,17,34
29570,18,36
29571,17,35
29572,17,36
29573,17,33
29574,18,33
29575,17,33
29576,17,35
29577,17,33
29578,17,36
29579,17,35
29580,17,34
29581,17,35
29582,17,35
29583,17,33
29584,17,34
29585,17,34
29586,17,35
29587,17,35
29588,17,34
29589,17,35
29590,17,34
29591,17,34
29592,17,34
29593,17,34
29594,17,36
29595,17,33
29596,17,33
29597,17,35
29598,17,34
29599,17,36
29600,17,34
29601,17,34
29602,17,34
29603,17,36
29604,17,32
29605,17,37
29606,17,33
29607,18,33
29608,17,33
29609,17,34
29610,17,34
29611,17,34
29612,17,37
29613,17,35
29614,17,36
29615,17,36
29616,17,33
29617,17,34
29618,17,35
29619,17,34
29620,17,35
29621,17,36
29622,17,36
29623,17,34
29624,17,34
29625,18,35
29626,17,34
29627,17,35
29628,17,34
29629,17,35
29630,17,32
29631,17,37
29632,17,34
29633,17,35
29634,17,35
29635,17,33
29636,17,33
29637,17,33
29638,17,34
29639,17,34
29640,17,35
29641,17,34
29642,17,37
29643,17,34
29644,17,35
29645,17,34
29646,17,34
29647,17,35
29648,17,35
29649,17,36
29650,17,35
29651,17,35
29652,17,33
29653,17,34
29654,17,37
29655,17,34
29656,17,35
29657,17,35
29658,17,36
29659,17,34
29660,17,34
29661,17,38
29662,17,36
29663,17,36
29664,17,36
29665,17,34
29666,17,33
29667,17,35
29668,17,33
29669,17,33
29670,17,36
29671,17,34
29672,17,33
29673,17,35
29674,17,34
29675,17,33
29676,17,35
29677,17,37
29678,17,33
29679,17,33
29680,18,35
29681,17,35
29682,17,35
29683,17,35
29684,17,35
29685,17,32
29686,17,38
29687,17,36
29688,17,34
29689,17,37
29690,17,36
29691,17,34
29692,17,34
29693,18,35
29694,18,32
29695,17,35
29696,17,34
29697,17,33
29698,17,35
29699,17,33
29700,17,35
29701,17,35
29702,17,34
29703,17,34
29704,17,35
29705,17,34
29706,17,37
29707,17,33
29708,17,35
29709,17,34
29710,17,35
29711,17,36
29712,17,36
29713,17,36
29714,17,33
29715,17,35
29716,17,36
29717,17,34
29718,17,32
29719,17,35
29720,17,33
29721,17,36
29722,17,35
29723,17,33
29724,17,35
29725,17,34
29726,17,34
29727,17,37
29728,17,36
29729,17,33
29730,17,34
29731,17,33
29732,17,34
29733,17,35
29734,17,33
29735,17,35
29736,17,35
29737,17,34
29738,17,35
29739,17,33
29740,17,34
29741,17,33
29742,17,33
29743,18,34
29744,17,34
29745,17,34
29746,17,33
29747,17,33
29748,17,34
29749,17,37
29750,17,33
29751,17,33
29752,17,37
29753,17,34
29754,17,34
29755,17,35
29756,17,35
29757,17,34
29758,17,34
29759,18,34
29760,17,34
29761,17,33
29762,17,35
29763,17,35
29764,17,33
29765,18,35
29766,18,34
29767,17,36
29768,17,35
29769,17,34
29770,17,35
29771,17,35
29772,17,35
29773,17,35
29774,17,35
29775,17,35
29776,18,34
29777,17,34
29778,17,35
29779,17,34
29780,17,35
29781,17,35
29782,17,36
29783,17,37
29784,17,35
29785,17,33
29786,17,34
29787,18,35
29788,17,35
29789,18,33
29790,17,33
29791,17,34
29792,17,34
29793,17,35
29794,17,33
29795,17,34
29796,17,34
29797,17,34
29798,17,34
29799,17,34
29800,17,34
29801,17,34
29802,17,35
29803,17,35
29804,17,35
29805,17,37
29806,17,33
29807,17,34
29808,17,35
29809,17,33
29810,17,33
29811,17,34
29812,17,34
29813,17,35
29814,17,36
29815,17,35
29816,17,32
29817,17,34
29818,17,35
29819,17,34
29820,17,33
29821,17,34
29822,17,34
29823,17,34
29824,17,37
29825,17,35
29826,17,34
29827,17,33
29828,17,32
29829,17,34
29830,17,32
29831,17,35
29832,17,36
29833,17,35
29834,17,35
29835,18,36
29836,17,34
29837,17,34
29838,17,33
29839,17,35
29840,17,34
29841,17,34
29842,17,37
29843,17,35
29844,17,34
29845,17,33
29846,17,34
29847,17,33
29848,17,35
29849,17,34
29850,17,33
29851,17,33
29852,17,32
29853,17,35
29854,17,35
29855,17,38
29856,17,36
29857,17,35
29858,17,34
29859,17,34
29860,17,36
29861,17,33
29862,18,34
29863,17,33
29864,17,33
29865,17,34
29866,17,36
29867,17,37
29868,17,36
29869,17,35
29870,17,34
29871,17,36
29872,17,33
29873,17,32
29874,17,35
29875,17,35
29876,17,33
29877,17,34
29878,17,33
29879,17,34
29880,17,33
29881,17,33
29882,17,34
29883,17,36
29884,17,34
29885,17,33
29886,17,37
29887,17,33
29888,17,33
29889,17,34
29890,17,36
29891,17,35
29892,17,33
29893,17,33
29894,17,34
29895,17,33
29896,17,36
29897,17,34
29898,17,32
29899,17,34
29900,17,33
29901,17,34
29902,17,33
29903,17,34
29904,17,35
29905,17,35
29906,17,33
29907,17,33
29908,17,32
29909,17,35
29910,17,33
29911,17,33
29912,17,35
29913,17,33
29914,17,34
29915,17,37
29916,18,35
29917,17,34
29918,17,35
29919,17,37
29920,17,32
29921,17,34
29922,17,34
29923,18,35
29924,17,33
29925,17,35
29926,17,36
29927,17,34
29928,17,34
29929,17,34
29930,17,35
29931,17,36
29932,17,34
29933,17,35
29934,17,32
29935,17,34
29936,17,35
29937,17,34
29938,17,34
29939,17,34
29940,17,35
29941,17,35
29942,17,36
29943,17,35
29944,17,32
29945,17,33
29946,17,34
29947,17,34
29948,17,32
29949,17,34
29950,17,32
29951,18,35
29952,17,35
29953,17,35
29954,17,35
29955,17,35
29956,17,33
29957,17,35
29958,17,34
29959,17,34
29960,17,34
29961,17,31
29962,17,34
29963,17,33
29964,17,34
29965,17,33
29966,17,35
29967,17,34
29968,18,34
29969,17,33
29970,18,33
29971,17,34
29972,17,34
29973,17,35
29974,17,35
29975,17,35
29976,17,34
29977,17,34
29978,17,34
29979,17,35
29980,18,34
29981,17,33
29982,17,35
29983,17,34
29984,17,34
29985,17,32
29986,17,35
29987,18,34
29988,17,33
29989,17,35
29990,17,35
29991,17,35
29992,17,33
29993,17,34
29994,17,34
29995,17,34
29996,17,34
29997,17,34
29998,17,34
29999,17,34
30000,17,34
30001,17,34
30002,17,37
30003,17,36
30004,17,35
30005,17,34
30006,17,34
30007,17,33
30008,17,33
30009,17,36
30010,17,33
30011,17,36
30012,17,36
30013,17,34
30014,17,35
30015,17,38
30016,17,34
30017,17,36
30018,17,34
30019,18,34
30020,17,33
30021,18,35
30022,17,35
30023,18,35
30024,17,32
30025,17,35
30026,17,35
30027,17,35
30028,17,34
30029,17,35
30030,17,33
30031,17,33
30032,17,35
30033,17,34
30034,17,34
30035,17,36
30036,17,35
30037,17,35
30038,17,33
30039,17,35
30040,17,34
30041,17,36
30042,17,35
30043,17,35
30044,17,33
30045,17,34
30046,17,37
30047,17,34
30048,17,33
30049,17,34
30050,17,31
30051,17,37
30052,17,33
30053,17,35
30054,17,38
30055,18,34
30056,17,33
30057,18,33
30058,17,36
30059,17,33
30060,17,33
30061,17,35
30062,17,33
30063,17,36
30064,17,34
30065,18,34
30066,17,35
30067,17,35
30068,17,33
30069,17,35
30070,17,34
30071,17,33
30072,17,33
30073,17,37
30074,17,35
30075,17,33
30076,17,35
30077,17,34
30078,17,35
30079,17,36
30080,17,34
30081,17,36
30082,17,36
30083,17,33
30084,17,34
30085,17,34
30086,17,35
30087,17,35
30088,17,34
30089,17,36
30090,17,35
30091,17,34
30092,17,35
30093,17,35
30094,17,35
30095,17,34
30096,17,37
30097,17,34
30098,17,33
30099,17,34
30100,17,35
30101,17,36
30102,17,36
30103,17,34
30104,17,35
30105,17,35
30106,17,37
30107,17,35
30108,18,34
30109,17,34
30110,18,35
30111,17,35
30112,17,34
30113,17,33
30114,17,35
30115,17,32
30116,17,34
30117,17,34
30118,17,37
30119,17,35
30120,18,35
30121,17,33
30122,17,35
30123,17,36
30124,17,35
30125,18,31
30126,17,35
30127,17,33
30128,17,34
30129,17,33
30130,17,33
30131,17,35
30132,17,34
30133,17,33
30134,17,33
30135,17,34
30136,17,35
30137,17,36
30138,17,34
30139,17,36
30140,17,33
30141,17,33
30142,17,36
30143,17,37
30144,17,33
30145,17,34
30146,18,33
30147,17,35
30148,17,34
30149,17,34
30150,17,34
30151,17,34
30152,17,34
30153,17,33
30154,17,37
30155,17,35
30156,17,33
30157,17,36
30158,17,35
30159,17,34
30160,17,33
30161,17,34
30162,17,36
30163,17,33
30164,17,32
30165,17,35
30166,17,33
30167,17,34
30168,17,34
30169,17,35
30170,17,37
30171,17,34
30172,17,33
30173,17,32
30174,17,35
30175,17,34
30176,17,34
30177,17,37
30178,17,34
30179,17,36
30180,17,34
30181,17,33
30182,17,32
30183,17,37
30184,17,36
30185,17,31
30186,17,34
30187,17,34
30188,17,34
30189,17,34
30190,17,34
30191,17,34
30192,17,34
30193,17,33
30194,17,36
30195,17,35
30196,17,34
30197,17,34
30198,17,34
30199,17,36
30200,17,33
30201,17,36
30202,17,34
30203,17,34
30204,17,33
30205,17,34
30206,17,35
30207,17,35
30208,17,34
30209,17,35
30210,17,33
30211,17,35
30212,17,34
30213,17,33
30214,17,33
30215,17,37
30216,17,35
30217,17,33
30218,17,34
30219,17,34
30220,17,36
30221,17,33
30222,17,34
30223,18,37
30224,17,35
30225,17,34
30226,17,34
30227,17,35
30228,17,35
30229,17,35
30230,17,36
30231,17,34
30232,17,35
30233,17,34
30234,17,33
30235,17,32
30236,17,34
30237,17,33
30238,17,34
30239,17,34
30240,17,35
30241,17,34
30242,17,33
30243,17,38
30244,17,36
30245,17,34
30246,17,33
30247,17,34
30248,17,34
30249,17,34
30250,17,36
30251,17,34
30252,17,33
30253,17,35
30254,17,34
30255,17,35
30256,17,36
30257,17,33
30258,17,33
30259,17,34
30260,17,35
30261,17,35
30262,17,32
30263,17,33
30264,17,38
30265,17,34
30266,17,35
30267,17,34
30268,17,33
30269,17,33
30270,17,34
30271,17,34
30272,18,33
30273,17,33
30274,17,32
30275,17,35
30276,17,35
30277,17,34
30278,17,35
30279,17,35
30280,17,32
30281,17,33
30282,17,33
30283,17,35
30284,17,37
30285,17,32
30286,17,35
30287,17,36
30288,17,34
30289,17,35
30290,17,33
30291,17,35
30292,17,36
30293,17,35
30294,17,36
30295,17,36
30296,17,33
30297,17,35
30298,17,33
30299,17,37
30300,17,35
30301,17,34
30302,17,34
30303,17,32
30304,17,34
30305,17,37
30306,17,34
30307,17,35
30308,17,35
30309,17,34
30310,17,34
30311,17,34
30312,17,33
30313,17,35
30314,17,34
30315,17,33
30316,17,35
30317,17,35
30318,17,34
30319,17,34
30320,17,35
30321,17,31
30322,17,35
30323,17,34
30324,17,35
30325,17,32
30326,17,35
30327,17,35
30328,17,34
30329,17,33
30330,17,35
30331,17,35
30332,17,35
30333,17,34
30334,17,34
30335,17,35
30336,17,35
30337,17,36
30338,17,38
30339,17,33
30340,17,34
30341,17,34
30342,17,34
30343,17,34
30344,17,33
30345,17,34
30346,17,36
30347,17,33
30348,17,38
30349,17,34
30350,17,33
30351,17,35
30352,17,33
30353,17,33
30354,17,38
30355,17,36
30356,17,36
30357,17,36
30358,17,34
30359,17,34
30360,17,34
30361,17,33
30362,17,35
30363,17,33
30364,17,34
30365,17,35
30366,17,35
30367,17,33
30368,17,34
30369,17,34
30370,17,35
30371,17,35
30372,17,35
30373,17,35
30374,17,34
30375,17,33
30376,17,35
30377,17,35
30378,17,34
30379,17,35
30380,17,33
30381,17,36
30382,17,34
30383,17,36
30384,17,34
30385,17,34
30386,17,35
30387,17,35
30388,17,36
30389,17,33
30390,17,35
30391,17,34
30392,17,35
30393,17,35
30394,17,34
30395,17,36
30396,17,34
30397,17,37
30398,17,34
30399,17,34
30400,17,34
30401,17,36
30402,17,35
30403,17,35
30404,17,33
30405,17,34
30406,17,34
30407,17,33
30408,17,34
30409,17,33
30410,17,36
30411,17,35
30412,17,34
30413,17,33
30414,17,34
30415,17,33
30416,17,34
30417,17,34
30418,17,35
30419,17,34
30420,17,32
30421,17,33
30422,17,35
30423,17,34
30424,17,34
30425,17,34
30426,17,32
30427,17,37
30428,17,34
30429,17,34
30430,17,33
30431,17,36
30432,17,35
30433,17,35
30434,17,37
30435,17,34
30436,17,33
30437,17,34
30438,17,35
30439,17,35
30440,17,36
30441,17,36
30442,17,36
30443,17,35
30444,17,35
30445,17,36
30446,17,35
30447,17,34
30448,17,35
30449,17,35
30450,17,34
30451,17,34
30452,18,33
30453,17,33
30454,17,34
30455,18,34
30456,17,36
30457,17,34
30458,17,35
30459,17,34
30460,17,35
30461,17,34
30462,17,34
30463,17,35
30464,17,34
30465,17,35
30466,17,32
30467,17,33
30468,17,35
30469,17,34
30470,17,33
30471,17,34
30472,17,34
30473,17,34
30474,17,33
30475,17,34
30476,17,34
30477,18,35
30478,17,36
30479,17,34
30480,17,34
30481,17,37
30482,17,35
30483,17,35
30484,17,33
30485,17,34
30486,17,33
30487,17,35
30488,17,32
30489,17,36
30490,17,36
30491,18,34
30492,17,34
30493,17,35
30494,17,34
30495,17,33
30496,17,35
30497,17,36
30498,17,33
30499,17,35
30500,17,35
30501,17,34
30502,17,33
30503,17,35
30504,17,35
30505,17,35
30506,17,36
30507,17,35
30508,17,35
30509,17,34
30510,17,33
30511,17,33
30512,17,36
30513,17,35
30514,17,34
30515,17,33
30516,17,36
30517,17,33
30518,17,35
30519,17,34
30520,17,35
30521,17,35
30522,17,36
30523,17,35
30524,18,35
30525,17,33
30526,17,34
30527,17,32
30528,17,34
30529,17,33
30530,17,31
30531,17,35
30532,18,34
30533,17,34
30534,17,36
30535,17,33
30536,17,36
30537,17,35
30538,17,36
30539,17,34
30540,17,34
30541,17,35
30542,17,35
30543,17,33
30544,17,33
30545,17,33
30546,18,33
30547,17,32
30548,17,34
30549,17,33
30550,17,35
30551,17,36
30552,17,36
30553,17,33
30554,17,35
30555,17,34
30556,17,35
30557,17,36
30558,17,32
30559,17,34
30560,18,34
30561,17,33
30562,18,33
30563,17,34
30564,17,35
30565,17,34
30566,17,35
30567,17,34
30568,17,36
30569,17,37
30570,17,34
30571,17,33
30572,17,33
30573,18,34
30574,17,35
30575,17,37
30576,17,35
30577,17,35
30578,17,34
30579,17,34
30580,17,35
30581,17,37
30582,17,34
30583,17,36
30584,17,34
30585,17,33
30586,17,36
30587,18,31
30588,17,35
30589,17,35
30590,17,35
30591,17,34
30592,17,35
30593,18,38
30594,17,33
30595,17,36
30596,17,36
30597,17,33
30598,17,34
30599,18,35
30600,17,34
30601,17,33
30602,17,35
30603,18,36
30604,17,34
30605,17,34
30606,17,35
30607,17,35
30608,17,35
30609,17,34
30610,17,35
30611,17,36
30612,17,34
30613,17,36
30614,17,35
30615,17,36
30616,17,37
30617,17,35
30618,17,34
30619,17,36
30620,17,33
30621,17,34
30622,17,35
30623,17,33
30624,17,35
30625,17,36
30626,17,35
30627,17,34
30628,17,33
30629,17,32
30630,17,33
30631,17,32
30632,17,34
30633,17,34
30634,17,35
30635,17,34
30636,17,34
30637,17,34
30638,17,36
30639,17,34
30640,17,33
30641,17,33
30642,18,35
30643,17,35
30644,17,33
30645,18,33
30646,17,34
30647,17,36
30648,17,35
30649,17,39
30650,17,35
30651,17,36
30652,17,33
30653,17,35
30654,17,34
30655,17,33
30656,17,35
30657,17,33
30658,17,34
30659,17,35
30660,17,36
30661,17,33
30662,17,33
30663,17,34
30664,17,32
30665,17,35
30666,17,36
30667,17,33
30668,17,36
30669,17,33
30670,17,34
30671,17,34
30672,17,34
30673,18,34
30674,17,35
30675,17,32
30676,17,34
30677,17,34
30678,17,35
30679,17,34
30680,17,35
30681,17,34
30682,17,33
30683,18,36
30684,18,35
30685,17,35
30686,17,34
30687,17,35
30688,17,33
30689,17,36
30690,17,34
30691,17,33
30692,17,34
30693,17,33
30694,17,34
30695,17,34
30696,17,34
30697,17,39
30698,17,35
30699,17,35
30700,17,33
30701,17,34
30702,17,34
30703,17,35
30704,17,35
30705,17,36
30706,17,38
30707,17,36
30708,17,35
30709,17,35
30710,17,35
30711,18,34
30712,17,34
30713,17,34
30714,17,33
30715,17,36
30716,17,33
30717,17,35
30718,17,36
30719,17,36
30720,17,34
30721,17,35
30722,17,33
30723,17,34
30724,17,36
30725,17,38
30726,17,33
30727,17,34
30728,17,33
30729,17,34
30730,17,33
30731,17,34
30732,17,36
30733,17,35
30734,17,36
30735,17,34
30736,17,34
30737,17,34
30738,18,33
30739,17,35
30740,17,36
30741,17,36
30742,18,36
30743,17,35
30744,17,36
30745,17,34
30746,17,33
30747,17,36
30748,17,36
30749,17,34
30750,17,33
30751,17,35
30752,18,35
30753,17,34
30754,18,34
30755,17,34
30756,17,36
30757,17,35
30758,17,35
30759,17,33
30760,17,33
30761,17,33
30762,17,34
30763,18,33
30764,17,35
30765,17,35
30766,17,34
30767,17,35
30768,17,31
30769,17,37
30770,17,35
30771,17,36
30772,17,33
30773,17,34
30774,17,34
30775,17,34
30776,17,33
30777,17,35
30778,17,35
30779,17,36
30780,17,36
30781,17,33
30782,17,34
30783,18,34
30784,17,34
30785,18,33
30786,17,33
30787,17,38
30788,17,36
30789,17,34
30790,17,33
30791,18,34
30792,17,36
30793,17,34
30794,17,34
30795,18,35
30796,17,36
30797,17,34
30798,17,33
30799,17,34
30800,18,37
30801,17,33
30802,17,36
30803,17,34
30804,17,36
30805,17,34
30806,17,34
30807,17,34
30808,17,35
30809,17,34
30810,17,36
30811,17,34
30812,17,36
30813,17,35
30814,17,34
30815,17,34
30816,17,36
30817,17,35
30818,17,35
30819,17,33
30820,17,36
30821,17,34
30822,17,34
30823,17,35
30824,17,35
30825,17,36
30826,17,33
30827,17,35
30828,17,34
30829,17,34
30830,17,36
30831,18,34
30832,17,34
30833,17,34
30834,17,36
30835,17,33
30836,17,34
30837,17,34
30838,17,35
30839,17,33
30840,17,37
30841,17,35
30842,17,35
30843,17,34
30844,17,33
30845,17,38
30846,17,35
30847,17,33
30848,17,34
30849,17,38
30850,17,35
30851,17,36
30852,17,35
30853,18,33
30854,17,35
30855,17,33
30856,17,36
30857,17,34
30858,17,33
30859,17,37
30860,17,34
30861,17,35
30862,17,34
30863,17,35
30864,17,35
30865,17,36
30866,17,34
30867,17,35
30868,17,37
30869,17,36
30870,17,33
30871,18,34
30872,17,34
30873,17,33
30874,17,39
30875,18,35
30876,18,35
30877,17,34
30878,17,35
30879,17,33
30880,17,36
30881,17,36
30882,17,35
30883,17,35
30884,17,36
30885,18,34
30886,17,33
30887,17,36
30888,17,33
30889,17,34
30890,17,32
30891,17,34
30892,17,35
30893,17,34
30894,17,34
30895,17,34
30896,17,35
30897,17,35
30898,17,36
30899,17,36
30900,17,35
30901,17,34
30902,17,34
30903,17,37
30904,17,36
30905,17,32
30906,18,35
30907,17,37
30908,17,35
30909,17,34
30910,17,36
30911,17,34
30912,17,36
30913,17,33
30914,17,37
30915,17,35
30916,17,34
30917,17,34
30918,17,34
30919,17,35
30920,17,36
30921,17,33
30922,17,34
30923,17,34
30924,17,34
30925,17,35
30926,17,33
30927,17,33
30928,17,32
30929,17,34
30930,17,32
30931,17,35
30932,17,35
30933,17,34
30934,17,34
30935,17,34
30936,17,35
30937,17,36
30938,17,35
30939,18,34
30940,17,35
30941,18,34
30942,17,35
30943,17,34
30944,17,34
30945,17,34
30946,17,34
30947,17,34
30948,17,34
30949,17,37
30950,17,37
30951,17,35
30952,17,35
30953,17,35
30954,17,33
30955,18,38
30956,17,37
30957,17,36
30958,17,35
30959,17,34
30960,17,34
30961,17,36
30962,17,34
30963,18,35
30964,17,35
30965,17,34
30966,17,35
30967,17,36
30968,17,37
30969,18,34
30970,17,36
30971,17,34
30972,17,35
30973,17,36
30974,17,35
30975,17,34
30976,17,35
30977,17,35
30978,17,36
30979,17,35
30980,17,35
30981,17,33
30982,17,33
30983,17,35
30984,17,35
30985,17,36
30986,17,35
30987,17,34
30988,17,37
30989,17,37
30990,17,34
30991,18,33
30992,17,32
30993,17,32
30994,18,35
30995,17,34
30996,18,35
30997,17,34
30998,17,35
30999,17,35
31000,17,35
31001,17,34
31002,17,35
31003,17,35
31004,17,35
31005,17,33
31006,17,34
31007,17,34
31008,17,36
31009,17,35
31010,17,33
31011,17,33
31012,18,34
31013,17,34
31014,18,35
31015,17,35
31016,17,34
31017,17,36
31018,17,34
31019,17,34
31020,17,36
31021,17,34
31022,17,33
31023,18,33
31024,17,35
31025,17,35
31026,17,34
31027,18,35
31028,17,32
31029,17,32
31030,17,35
31031,17,32
31032,17,35
31033,17,32
31034,17,34
31035,17,36
31036,17,35
31037,17,32
31038,17,36
31039,17,35
31040,17,34
31041,17,36
31042,17,34
31043,17,35
31044,17,34
31045,17,34
31046,17,32
31047,17,35
31048,17,35
31049,17,35
31050,17,35
31051,17,36
31052,17,34
31053,17,36
31054,17,34
31055,17,35
31056,17,33
31057,17,37
31058,17,32
31059,17,34
31060,17,36
31061,17,34
31062,17,35
31063,18,34
31064,18,35
31065,17,35
31066,17,34
31067,17,34
31068,17,35
31069,17,35
31070,17,34
31071,17,34
31072,17,32
31073,17,36
31074,17,33
31075,17,34
31076,17,36
31077,17,32
31078,17,34
31079,17,37
31080,18,33
31081,17,33
31082,17,36
31083,18,34
31084,17,35
31085,17,35
31086,18,34
31087,17,34
31088,18,35
31089,17,33
31090,17,35
31091,17,33
31092,17,33
31093,17,33
31094,18,35
31095,17,34
31096,17,37
31097,17,33
31098,18,33
31099,17,36
31100,17,35
31101,17,34
31102,17,33
31103,17,34
31104,17,33
31105,17,34
31106,17,34
31107,17,36
31108,18,35
31109,17,32
31110,17,33
31111,17,35
31112,17,33
31113,17,38
31114,17,34
31115,18,34
31116,17,34
31117,17,34
31118,17,35
31119,17,32
31120,18,33
31121,17,33
31122,17,35
31123,17,37
31124,18,36
31125,17,33
31126,17,35
31127,17,33
31128,17,33
31129,17,34
31130,18,33
31131,17,34
31132,17,36
31133,17,33
31134,17,34
31135,17,35
31136,17,35
31137,17,33
31138,18,34
31139,17,34
31140,18,35
31141,17,34
31142,17,34
31143,17,33
31144,17,33
31145,17,35
31146,17,35
31147,17,35
31148,17,34
31149,18,35
31150,17,34
31151,18,34
31152,17,33
31153,17,35
31154,17,36
31155,17,34
31156,17,36
31157,18,36
31158,17,34
31159,18,35
31160,17,33
31161,17,35
31162,17,35
31163,17,37
31164,18,35
31165,17,36
31166,17,34
31167,17,36
31168,18,34
31169,17,35
31170,17,35
31171,18,33
31172,17,34
31173,18,37
31174,17,34
31175,18,35
31176,18,35
31177,17,35
31178,17,35
31179,17,35
31180,17,34
31181,18,36
31182,17,35
31183,17,36
31184,17,35
31185,17,36
31186,17,35
31187,18,36
31188,17,35
31189,17,35
31190,18,34
31191,17,32
31192,17,35
31193,17,36
31194,18,35
31195,17,35
31196,17,34
31197,17,35
31198,17,39
31199,17,35
31200,17,35
31201,17,35
31202,17,34
31203,17,33
31204,17,34
31205,17,34
31206,17,33
31207,17,36
31208,17,37
31209,17,33
31210,17,34
31211,17,36
31212,18,36
31213,18,34
31214,17,34
31215,17,34
31216,17,36
31217,17,37
31218,17,33
31219,17,34
31220,17,36
31221,17,35
31222,17,36
31223,17,35
31224,17,34
31225,17,35
31226,17,35
31227,17,33
31228,17,34
31229,17,34
31230,18,36
31231,17,34
31232,17,36
31233,17,35
31234,17,34
31235,17,36
31236,17,35
31237,17,34
31238,18,35
31239,17,34
31240,17,36
31241,17,33
31242,17,35
31243,17,37
31244,17,35
31245,17,36
31246,17,34
31247,18,36
31248,17,33
31249,17,34
31250,17,35
31251,17,34
31252,17,34
31253,17,34
31254,17,36
31255,17,33
31256,17,33
31257,17,32
31258,17,33
31259,17,34
31260,17,33
31261,17,36
31262,17,35
31263,17,34
31264,17,37
31265,17,35
31266,17,34
31267,17,35
31268,17,35
31269,17,34
31270,17,34
31271,17,35
31272,17,35
31273,17,34
31274,17,33
31275,17,34
31276,17,35
31277,17,35
31278,18,34
31279,18,35
31280,18,33
31281,17,34
31282,18,37
31283,18,32
31284,17,35
31285,17,37
31286,18,34
31287,17,34
31288,17,34
31289,17,34
31290,17,37
31291,17,35
31292,17,35
31293,17,35
31294,17,35
31295,17,36
31296,17,36
31297,17,34
31298,17,34
31299,17,36
31300,17,35
31301,18,35
31302,17,38
31303,17,35
31304,17,34
31305,17,36
31306,17,35
31307,17,34
31308,18,33
31309,17,33
31310,17,33
31311,17,37
31312,18,34
31313,17,34
31314,17,34
31315,17,34
31316,17,36
31317,17,36
31318,17,34
31319,17,34
31320,17,33
31321,17,35
31322,17,36
31323,17,33
31324,17,34
31325,17,36
31326,17,35
31327,17,36
31328,17,35
31329,17,34
31330,17,36
31331,17,34
31332,18,34
31333,17,37
31334,17,33
31335,17,34
31336,17,33
31337,17,36
31338,17,35
31339,17,36
31340,17,33
31341,17,34
31342,17,34
31343,17,33
31344,17,35
31345,17,33
31346,17,34
31347,17,35
31348,17,34
31349,17,35
31350,18,34
31351,17,36
31352,17,33
31353,17,34
31354,18,33
31355,17,33
31356,17,34
31357,17,35
31358,17,36
31359,17,34
31360,17,34
31361,17,33
31362,17,33
31363,17,35
31364,17,33
31365,17,34
31366,17,37
31367,17,34
31368,17,33
31369,17,35
31370,17,35
31371,17,33
31372,17,35
31373,17,37
31374,17,35
31375,18,36
31376,17,34
31377,17,34
31378,18,35
31379,18,34
31380,17,37
31381,17,34
31382,17,32
31383,17,34
31384,17,36
31385,17,34
31386,17,35
31387,18,36
31388,18,36
31389,17,34
31390,17,36
31391,17,33
31392,17,36
31393,17,36
31394,17,35
31395,17,34
31396,18,36
31397,17,36
31398,17,35
31399,17,35
31400,17,35
31401,17,35
31402,17,35
31403,17,36
31404,17,34
31405,18,34
31406,17,36
31407,17,34
31408,17,37
31409,18,36
31410,17,35
31411,17,36
31412,17,34
31413,17,35
31414,17,34
31415,17,34
31416,17,35
31417,17,35
31418,18,35
31419,17,36
31420,17,35
31421,17,33
31422,17,35
31423,17,36
31424,17,35
31425,17,37
31426,17,34
31427,17,37
31428,17,35
31429,18,34
31430,17,34
31431,17,38
31432,17,32
31433,18,32
31434,17,34
31435,17,34
31436,17,35
31437,17,36
31438,17,39
31439,17,34
31440,17,34
31441,17,34
31442,18,34
31443,17,33
31444,17,36
31445,17,35
31446,17,33
31447,17,34
31448,17,34
31449,17,33
31450,17,36
31451,17,35
31452,17,34
31453,17,33
31454,17,34
31455,17,35
31456,17,35
31457,17,36
31458,17,37
31459,17,35
31460,17,34
31461,17,34
31462,17,34
31463,17,36
31464,17,36
31465,17,35
31466,17,37
31467,18,35
31468,17,36
31469,18,37
31470,17,36
31471,17,33
31472,17,36
31473,17,34
31474,17,37
31475,17,36
31476,17,36
31477,17,34
31478,17,35
31479,17,33
31480,18,34
31481,17,35
31482,17,36
31483,17,35
31484,17,36
31485,17,36
31486,17,33
31487,17,34
31488,17,35
31489,18,34
31490,17,34
31491,17,36
31492,17,36
31493,17,35
31494,17,35
31495,17,35
31496,17,34
31497,17,34
31498,17,36
31499,17,37
31500,17,34
31501,18,33
31502,17,34
31503,17,34
31504,17,36
31505,17,34
31506,17,35
31507,17,34
31508,17,34
31509,17,35
31510,17,34
31511,17,35
31512,17,33
31513,17,34
31514,17,34
31515,17,34
31516,17,35
31517,17,34
31518,17,34
31519,18,36
31520,17,34
31521,17,34
31522,17,34
31523,17,34
31524,17,32
31525,17,35
31526,18,37
31527,17,35
31528,17,32
31529,17,34
31530,17,36
31531,17,35
31532,17,35
31533,17,34
31534,17,33
31535,17,36
31536,17,35
31537,17,34
31538,17,34
31539,17,33
31540,18,34
31541,17,33
31542,17,33
31543,17,34
31544,17,36
31545,17,34
31546,17,36
31547,17,36
31548,17,36
31549,17,34
31550,17,32
31551,17,34
31552,17,33
31553,17,36
31554,17,38
31555,17,35
31556,17,36
31557,17,34
31558,18,36
31559,17,35
31560,17,34
31561,17,36
31562,17,34
31563,18,34
31564,17,33
31565,17,33
31566,17,36
31567,17,34
31568,17,35
31569,18,34
31570,17,34
31571,17,34
31572,17,32
31573,17,33
31574,17,34
31575,17,36
31576,17,35
31577,17,35
31578,17,35
31579,17,34
31580,17,37
31581,17,35
31582,17,34
31583,17,34
31584,17,33
31585,17,34
31586,17,32
31587,17,35
31588,17,34
31589,17,35
31590,17,35
31591,17,32
31592,17,36
31593,17,34
31594,17,33
31595,17,35
31596,17,36
31597,18,34
31598,17,34
31599,17,36
31600,17,36
31601,17,36
31602,17,38
31603,17,33
31604,17,35
31605,17,34
31606,17,35
31607,17,35
31608,17,36
31609,17,34
31610,17,35
31611,18,34
31612,17,36
31613,17,36
31614,17,35
31615,17,34
31616,17,33
31617,17,33
31618,17,35
31619,17,34
31620,17,33
31621,17,38
31622,17,36
31623,18,34
31624,17,38
31625,17,34
31626,17,36
31627,17,36
31628,17,34
31629,17,34
31630,17,33
31631,17,34
31632,17,36
31633,17,35
31634,17,34
31635,17,36
31636,17,35
31637,17,34
31638,18,34
31639,17,36
31640,18,34
31641,17,35
31642,17,35
31643,17,35
31644,18,35
31645,18,34
31646,18,35
31647,17,35
31648,17,32
31649,17,34
31650,17,34
31651,18,34
31652,17,34
31653,17,34
31654,17,34
31655,17,33
31656,17,35
31657,17,36
31658,17,35
31659,17,34
31660,17,35
31661,17,32
31662,17,34
31663,17,36
31664,17,34
31665,17,34
31666,17,34
31667,17,34
31668,17,37
31669,17,35
31670,17,34
31671,17,34
31672,17,35
31673,17,34
31674,17,34
31675,17,32
31676,18,36
31677,17,34
31678,18,34
31679,17,36
31680,17,34
31681,17,37
31682,17,35
31683,17,34
31684,17,34
31685,17,37
31686,17,34
31687,17,33
31688,17,33
31689,17,34
31690,17,33
31691,17,35
31692,17,33
31693,17,34
31694,17,35
31695,17,38
31696,17,35
31697,17,35
31698,17,35
31699,17,33
31700,17,32
31701,17,34
31702,17,37
31703,17,36
31704,17,37
31705,17,32
31706,17,38
31707,17,35
31708,17,35
31709,18,32
31710,17,35
31711,17,34
31712,18,33
31713,17,35
31714,18,35
31715,18,36
31716,17,34
31717,18,34
31718,18,35
31719,17,35
31720,18,34
31721,17,33
31722,17,38
31723,17,36
31724,17,34
31725,17,33
31726,17,33
31727,17,36
31728,17,36
31729,17,34
31730,17,34
31731,17,36
31732,17,35
31733,17,34
31734,18,32
31735,17,35
31736,17,37
31737,17,34
31738,17,35
31739,17,37
31740,17,33
31741,17,35
31742,17,35
31743,17,36
31744,17,34
31745,17,36
31746,17,35
31747,17,36
31748,17,34
31749,17,33
31750,17,35
31751,18,35
31752,17,35
31753,17,34
31754,17,33
31755,17,33
31756,17,33
31757,17,34
31758,17,33
31759,17,35
31760,17,33
31761,17,34
31762,17,37
31763,17,35
31764,18,34
31765,17,35
31766,17,33
31767,17,33
31768,17,35
31769,17,36
31770,17,34
31771,17,35
31772,17,35
31773,17,34
31774,17,35
31775,17,36
31776,17,35
31777,17,35
31778,17,37
31779,18,32
31780,17,34
31781,17,33
31782,18,36
31783,17,37
31784,17,36
31785,17,34
31786,18,32
31787,17,35
31788,17,35
31789,18,36
31790,17,34
31791,17,34
31792,17,34
31793,17,34
31794,18,34
31795,17,34
31796,17,33
31797,18,34
31798,18,34
31799,17,34
31800,17,34
31801,18,35
31802,17,35
31803,18,34
31804,17,33
31805,17,34
31806,17,33
31807,17,34
31808,17,35
31809,17,36
31810,17,34
31811,18,33
31812,17,35
31813,18,34
31814,18,35
31815,17,35
31816,17,34
31817,18,37
31818,17,35
31819,17,34
31820,17,36
31821,17,37
31822,17,35
31823,17,33
31824,17,35
31825,17,33
31826,17,34
31827,17,38
31828,17,35
31829,17,36
31830,17,35
31831,17,33
31832,17,37
31833,17,35
31834,18,35
31835,17,34
31836,18,35
31837,18,35
31838,17,35
31839,17,33
31840,17,32
31841,17,35
31842,17,32
31843,17,37
31844,17,33
31845,17,37
31846,17,33
31847,17,35
31848,18,34
31849,17,35
31850,17,32
31851,17,33
31852,17,34
31853,17,34
31854,17,33
31855,17,35
31856,17,34
31857,17,34
31858,18,35
31859,17,34
31860,17,33
31861,17,35
31862,17,34
31863,17,35
31864,17,38
31865,17,35
31866,17,32
31867,17,33
31868,17,34
31869,17,36
31870,17,34
31871,17,37
31872,17,35
31873,18,33
31874,17,35
31875,17,33
31876,18,34
31877,17,37
31878,18,35
31879,17,33
31880,17,35
31881,17,33
31882,17,35
31883,18,34
31884,17,34
31885,18,34
31886,17,33
31887,17,32
31888,18,34
31889,18,35
31890,17,34
31891,17,33
31892,17,32
31893,18,37
31894,17,35
31895,17,34
31896,17,36
31897,17,34
31898,17,35
31899,17,34
31900,17,36
31901,18,35
31902,17,32
31903,17,35
31904,18,34
31905,17,33
31906,17,36
31907,18,33
31908,18,34
31909,17,36
31910,17,35
31911,17,35
31912,17,34
31913,17,36
31914,17,35
31915,18,34
31916,18,35
31917,17,36
31918,17,36
31919,17,33
31920,17,35
31921,18,37
31922,17,34
31923,18,35
31924,18,35
31925,17,37
31926,18,35
31927,17,35
31928,17,38
31929,17,37
31930,17,33
31931,17,37
31932,17,36
31933,18,36
31934,17,33
31935,17,34
31936,18,32
31937,17,34
31938,17,33
31939,18,33
31940,17,37
31941,17,35
31942,17,35
31943,17,38
31944,17,34
31945,17,33
31946,17,35
31947,17,36
31948,17,34
31949,17,35
31950,17,35
31951,18,35
31952,17,33
31953,17,33
31954,17,34
31955,17,35
31956,18,34
31957,17,35
31958,18,34
31959,17,33
31960,17,33
31961,17,34
31962,17,34
31963,17,36
31964,17,37
31965,17,32
31966,18,36
31967,17,35
31968,17,35
31969,17,34
31970,17,35
31971,17,33
31972,18,36
31973,17,35
31974,17,35
31975,17,36
31976,18,33
31977,18,35
31978,17,33
31979,17,34
31980,17,35
31981,17,34
31982,18,35
31983,18,35
31984,17,33
31985,18,36
31986,17,35
31987,17,33
31988,17,33
31989,17,34
31990,17,34
31991,17,34
31992,17,36
31993,17,35
31994,17,33
31995,18,36
31996,17,35
31997,17,33
31998,17,34
31999,18,34
32000,17,34
32001,17,34
32002,17,35
32003,17,36
32004,17,36
32005,17,35
32006,17,37
32007,17,34
32008,17,35
32009,17,35
32010,17,35
32011,17,34
32012,17,36
32013,17,35
32014,17,34
32015,17,36
32016,17,35
32017,17,36
32018,17,35
32019,18,36
32020,17,34
32021,17,35
32022,18,35
32023,17,35
32024,17,35
32025,18,36
32026,18,34
32027,17,34
32028,17,34
32029,17,34
32030,17,34
32031,18,33
32032,17,36
32033,17,34
32034,18,33
32035,17,34
32036,18,35
32037,17,33
32038,17,37
32039,17,33
32040,17,33
32041,17,36
32042,17,33
32043,17,34
32044,17,33
32045,17,37
32046,18,36
32047,18,33
32048,17,35
32049,17,36
32050,17,35
32051,18,33
32052,18,34
32053,17,35
32054,17,38
32055,17,35
32056,17,33
32057,18,34
32058,17,36
32059,17,36
32060,18,33
32061,17,36
32062,17,35
32063,17,38
32064,17,34
32065,17,34
32066,17,35
32067,17,34
32068,17,36
32069,17,35
32070,18,34
32071,17,36
32072,17,35
32073,17,33
32074,17,33
32075,17,37
32076,17,34
32077,17,36
32078,17,34
32079,17,36
32080,17,34
32081,18,35
32082,17,34
32083,17,33
32084,17,36
32085,17,34
32086,17,37
32087,17,36
32088,17,36
32089,17,33
32090,18,34
32091,18,34
32092,17,36
32093,17,35
32094,18,34
32095,17,37
32096,17,35
32097,17,35
32098,17,34
32099,18,36
32100,17,34
32101,17,34
32102,17,35
32103,17,35
32104,18,35
32105,17,34
32106,17,33
32107,18,35
32108,17,34
32109,17,35
32110,17,34
32111,17,34
32112,17,39
32113,17,34
32114,17,33
32115,17,34
32116,18,35
32117,17,38
32118,17,34
32119,18,35
32120,17,35
32121,17,33
32122,18,35
32123,17,34
32124,17,35
32125,17,35
32126,17,34
32127,18,34
32128,17,33
32129,17,35
32130,17,34
32131,18,35
32132,18,35
32133,17,37
32134,17,36
32135,17,35
32136,17,36
32137,18,34
32138,17,34
32139,17,34
32140,17,35
32141,17,33
32142,17,37
32143,18,35
32144,17,34
32145,17,33
32146,17,32
32147,17,33
32148,17,35
32149,17,35
32150,18,36
32151,17,33
32152,17,35
32153,17,36
32154,17,33
32155,17,33
32156,17,35
32157,17,35
32158,17,35
32159,17,34
32160,17,34
32161,17,35
32162,17,34
32163,17,33
32164,18,36
32165,17,35
32166,17,34
32167,18,37
32168,17,36
32169,17,36
32170,17,33
32171,17,36
32172,18,35
32173,17,32
32174,17,35
32175,17,33
32176,17,36
32177,18,34
32178,17,33
32179,18,34
32180,17,33
32181,18,34
32182,17,34
32183,17,36
32184,17,34
32185,17,35
32186,18,35
32187,17,39
32188,18,33
32189,18,34
32190,18,34
32191,18,34
32192,17,34
32193,17,35
32194,18,34
32195,17,34
32196,17,33
32197,17,38
32198,18,35
32199,17,34
32200,18,36
32201,17,34
32202,17,35
32203,17,35
32204,17,34
32205,17,34
32206,17,33
32207,17,35
32208,18,33
32209,17,34
32210,17,36
32211,17,36
32212,18,34
32213,17,35
32214,18,33
32215,18,34
32216,17,33
32217,17,35
32218,17,37
32219,17,33
32220,17,34
32221,17,35
32222,17,35
32223,17,36
32224,18,33
32225,17,34
32226,17,34
32227,17,37
32228,17,37
32229,17,37
32230,17,35
32231,17,35
32232,18,35
32233,18,34
32234,17,36
32235,17,35
32236,17,33
32237,18,34
32238,17,34
32239,17,37
32240,17,36
32241,17,34
32242,17,37
32243,18,34
32244,17,34
32245,17,34
32246,17,35
32247,17,35
32248,17,34
32249,17,35
32250,17,34
32251,18,33
32252,17,36
32253,17,35
32254,17,35
32255,17,35
32256,17,35
32257,17,34
32258,18,34
32259,17,34
32260,17,36
32261,18,34
32262,17,39
32263,17,35
32264,17,36
32265,17,36
32266,17,35
32267,17,33
32268,17,35
32269,17,34
32270,17,34
32271,17,32
32272,17,35
32273,18,37
32274,17,35
32275,17,38
32276,17,34
32277,17,33
32278,17,34
32279,17,32
32280,18,36
32281,17,35
32282,17,35
32283,17,36
32284,17,34
32285,17,36
32286,17,33
32287,18,35
32288,17,34
32289,17,35
32290,17,36
32291,17,37
32292,17,34
32293,18,35
32294,17,35
32295,17,35
32296,18,35
32297,17,34
32298,18,35
32299,18,33
32300,17,37
32301,18,35
32302,17,34
32303,17,33
32304,17,35
32305,18,34
32306,17,37
32307,17,34
32308,17,36
32309,18,34
32310,18,35
32311,17,34
32312,17,35
32313,18,36
32314,17,34
32315,17,35
32316,18,35
32317,17,36
32318,17,36
32319,18,35
32320,18,35
32321,17,35
32322,17,34
32323,18,35
32324,17,33
32325,18,34
32326,17,36
32327,18,36
32328,17,32
32329,17,35
32330,18,35
32331,17,38
32332,18,34
32333,17,33
32334,17,34
32335,17,34
32336,17,35
32337,18,37
32338,17,35
32339,18,37
32340,17,33
32341,17,35
32342,17,34
32343,17,34
32344,18,35
32345,17,33
32346,17,37
32347,18,36
32348,18,35
32349,17,34
32350,18,36
32351,17,35
32352,17,36
32353,17,34
32354,17,36
32355,17,35
32356,18,34
32357,17,35
32358,17,33
32359,17,34
32360,18,34
32361,17,35
32362,17,35
32363,17,36
32364,17,36
32365,17,36
32366,18,34
32367,17,36
32368,17,35
32369,17,36
32370,18,34
32371,17,34
32372,17,35
32373,17,37
32374,17,33
32375,17,36
32376,18,33
32377,17,35
32378,18,36
32379,17,34
32380,18,36
32381,17,32
32382,17,34
32383,17,34
32384,18,33
32385,18,33
32386,17,35
32387,18,33
32388,17,34
32389,17,33
32390,17,34
32391,18,36
32392,17,33
32393,18,36
32394,17,34
32395,17,35
32396,18,34
32397,17,35
32398,17,35
32399,17,34
32400,17,34
32401,17,38
32402,17,34
32403,17,36
32404,18,34
32405,17,35
32406,18,35
32407,18,36
32408,17,34
32409,17,35
32410,17,35
32411,17,35
32412,17,35
32413,18,35
32414,17,35
32415,17,35
32416,17,35
32417,17,36
32418,17,36
32419,17,35
32420,17,35
32421,17,35
32422,17,34
32423,18,35
32424,17,34
32425,17,36
32426,17,36
32427,17,34
32428,18,34
32429,17,32
32430,17,33
32431,17,34
32432,18,33
32433,17,35
32434,17,35
32435,17,35
32436,17,34
32437,17,34
32438,18,35
32439,18,36
32440,18,34
32441,17,37
32442,17,34
32443,17,35
32444,17,36
32445,17,35
32446,17,34
32447,17,33
32448,17,34
32449,18,37
32450,17,35
32451,17,33
32452,17,34
32453,17,33
32454,17,36
32455,17,35
32456,17,35
32457,17,35
32458,17,34
32459,17,37
32460,18,36
32461,17,35
32462,17,35
32463,17,36
32464,17,33
32465,17,34
32466,18,34
32467,17,36
32468,17,34
32469,17,34
32470,18,36
32471,18,37
32472,18,33
32473,17,34
32474,18,33
32475,17,33
32476,17,35
32477,17,34
32478,18,33
32479,17,33
32480,17,35
32481,17,34
32482,17,34
32483,17,33
32484,17,34
32485,18,36
32486,18,32
32487,17,36
32488,18,35
32489,18,36
32490,18,34
32491,17,37
32492,17,33
32493,17,35
32494,18,32
32495,17,33
32496,18,33
32497,17,35
32498,17,33
32499,18,35
32500,17,36
32501,17,35
32502,17,37
32503,17,37
32504,17,34
32505,17,36
32506,17,35
32507,18,35
32508,17,35
32509,17,35
32510,17,34
32511,17,34
32512,18,35
32513,17,32
32514,18,32
32515,17,34
32516,17,33
32517,18,35
32518,17,36
32519,18,33
32520,17,37
32521,18,35
32522,17,34
32523,18,34
32524,17,33
32525,17,34
32526,17,36
32527,17,35
32528,17,34
32529,17,33
32530,17,37
32531,18,35
32532,17,35
32533,17,36
32534,17,34
32535,18,33
32536,17,33
32537,18,37
32538,17,35
32539,17,32
32540,17,37
32541,17,35
32542,17,33
32543,17,36
32544,17,33
32545,18,35
32546,17,37
32547,18,34
32548,17,35
32549,17,36
32550,18,35
32551,17,36
32552,17,34
32553,17,37
32554,17,34
32555,17,34
32556,17,34
32557,17,33
32558,17,37
32559,17,35
32560,18,36
32561,17,38
32562,18,35
32563,17,34
32564,18,36
32565,18,34
32566,18,35
32567,17,33
32568,17,34
32569,17,33
32570,18,34
32571,18,33
32572,17,35
32573,17,35
32574,17,35
32575,18,34
32576,17,34
32577,17,33
32578,17,34
32579,17,36
32580,17,35
32581,17,35
32582,17,33
32583,17,35
32584,17,36
32585,17,36
32586,17,34
32587,17,38
32588,17,33
32589,18,33
32590,17,34
32591,17,34
32592,17,35
32593,18,34
32594,18,38
32595,17,33
32596,17,35
32597,17,34
32598,17,35
32599,17,34
32600,17,35
32601,17,35
32602,17,33
32603,17,34
32604,17,35
32605,17,35
32606,17,34
32607,18,35
32608,17,36
32609,17,36
32610,18,38
32611,17,34
32612,17,35
32613,17,33
32614,17,37
32615,18,36
32616,18,33
32617,17,38
32618,17,35
32619,17,34
32620,17,35
32621,17,34
32622,18,34
32623,17,34
32624,17,34
32625,17,33
32626,18,36
32627,17,36
32628,17,34
32629,18,34
32630,17,36
32631,17,35
32632,18,34
32633,17,35
32634,17,36
32635,18,34
32636,17,35
32637,17,33
32638,18,36
32639,17,35
32640,18,36
32641,17,33
32642,17,34
32643,17,33
32644,17,35
32645,18,35
32646,17,34
32647,18,34
32648,17,36
32649,17,34
32650,18,37
32651,18,34
32652,17,35
32653,17,35
32654,17,36
32655,17,33
32656,18,36
32657,17,35
32658,18,35
32659,17,33
32660,17,36
32661,17,38
32662,18,33
32663,17,36
32664,18,33
32665,18,35
32666,17,35
32667,17,34
32668,17,33
32669,17,35
32670,17,35
32671,17,35
32672,18,34
32673,17,34
32674,17,35
32675,18,35
32676,17,36
32677,17,35
32678,17,34
32679,17,34
32680,17,34
32681,18,37
32682,17,36
32683,17,36
32684,17,35
32685,17,36
32686,17,35
32687,17,37
32688,18,32
32689,18,37
32690,17,35
32691,17,39
32692,17,35
32693,18,37
32694,18,35
32695,17,34
32696,18,35
32697,17,34
32698,18,35
32699,18,36
32700,17,33
32701,17,32
32702,18,34
32703,17,34
32704,17,35
32705,17,33
32706,17,35
32707,17,37
32708,17,37
32709,18,35
32710,17,34
32711,17,33
32712,17,35
32713,17,36
32714,17,37
32715,18,33
32716,18,34
32717,17,35
32718,18,35
32719,17,36
32720,17,35
32721,17,34
32722,17,35
32723,17,34
32724,18,33
32725,18,35
32726,17,36
32727,17,38
32728,18,35
32729,17,35
32730,17,37
32731,17,33
32732,17,35
32733,17,34
32734,18,36
32735,17,35
32736,17,34
32737,18,35
32738,18,35
32739,17,35
32740,18,35
32741,18,34
32742,17,35
32743,17,34
32744,17,34
32745,18,36
32746,17,34
32747,17,36
32748,17,37
32749,17,35
32750,17,36
32751,17,35
32752,17,33
32753,17,33
32754,17,35
32755,17,34
32756,17,34
32757,17,35
32758,17,34
32759,17,34
32760,17,33
32761,17,34
32762,17,35
32763,18,35
32764,17,34
32765,17,34
32766,17,35
32767,18,33
32768,17,35
32769,17,33
32770,17,35
32771,17,33
32772,17,34
32773,17,33
32774,17,36
32775,17,35
32776,18,35
32777,18,33
32778,17,35
32779,17,38
32780,17,35
32781,17,35
32782,18,33
32783,18,33
32784,18,35
32785,17,35
32786,17,34
32787,17,36
32788,17,33
32789,17,36
32790,17,36
32791,17,35
32792,18,34
32793,17,36
32794,17,33
32795,17,33
32796,17,35
32797,18,34
32798,17,33
32799,17,34
32800,17,33
32801,17,34
32802,18,34
32803,18,34
32804,18,34
32805,18,34
32806,17,35
32807,18,35
32808,17,33
32809,18,36
32810,18,34
32811,18,35
32812,17,35
32813,18,35
32814,18,37
32815,17,33
32816,17,33
32817,17,34
32818,17,33
32819,17,33
32820,17,35
32821,17,35
32822,18,33
32823,18,34
32824,17,34
32825,17,35
32826,17,33
32827,17,36
32828,18,34
32829,17,33
32830,17,34
32831,17,34
32832,17,37
32833,17,34
32834,17,37
32835,18,33
32836,18,36
32837,17,33
32838,17,36
32839,17,36
32840,17,34
32841,17,34
32842,18,34
32843,18,35
32844,18,35
32845,17,35
32846,17,33
32847,18,36
32848,17,35
32849,17,35
32850,18,35
32851,17,33
32852,18,34
32853,17,35
32854,18,36
32855,18,36
32856,17,34
32857,18,34
32858,17,37
32859,17,35
32860,17,35
32861,17,32
32862,17,34
32863,18,35
32864,17,34
32865,17,33
32866,17,34
32867,17,37
32868,18,36
32869,17,37
32870,17,36
32871,18,33
32872,18,36
32873,17,36
32874,18,34
32875,17,36
32876,18,35
32877,17,35
32878,17,35
32879,17,35
32880,17,36
32881,17,36
32882,17,35
32883,17,35
32884,17,36
32885,18,35
32886,18,38
32887,17,33
32888,17,36
32889,18,35
32890,17,35
32891,17,33
32892,18,34
32893,18,35
32894,17,36
32895,17,34
32896,18,34
32897,18,33
32898,18,36
32899,17,34
32900,17,33
32901,17,35
32902,17,35
32903,17,37
32904,17,36
32905,17,34
32906,17,34
32907,17,35
32908,17,35
32909,18,36
32910,17,34
32911,18,36
32912,18,32
32913,17,36
32914,18,33
32915,17,33
32916,17,36
32917,17,37
32918,18,35
32919,18,35
32920,17,34
32921,17,36
32922,18,36
32923,17,36
32924,18,38
32925,17,34
32926,17,36
32927,17,33
32928,17,37
32929,17,33
32930,18,37
32931,17,35
32932,18,33
32933,18,37
32934,17,35
32935,17,33
32936,18,34
32937,17,35
32938,17,34
32939,18,37
32940,17,36
32941,18,37
32942,17,35
32943,17,33
32944,17,35
32945,17,33
32946,18,33
32947,17,33
32948,17,33
32949,18,32
32950,18,34
32951,17,34
32952,17,40
32953,17,36
32954,17,36
32955,17,33
32956,17,36
32957,17,36
32958,17,35
32959,17,35
32960,17,34
32961,18,35
32962,18,35
32963,17,34
32964,17,34
32965,18,34
32966,18,34
32967,17,35
32968,17,34
32969,17,35
32970,17,35
32971,18,36
32972,17,35
32973,18,36
32974,17,36
32975,18,36
32976,17,33
32977,17,34
32978,17,33
32979,17,35
32980,18,36
32981,17,35
32982,18,34
32983,17,36
32984,17,32
32985,17,34
32986,17,36
32987,17,34
32988,18,32
32989,17,34
32990,17,35
32991,17,36
32992,17,34
32993,17,32
32994,18,34
32995,17,38
32996,17,37
32997,17,34
32998,17,34
32999,17,35
33000,17,34
33001,18,35
33002,17,36
33003,17,35
33004,18,36
33005,18,35
33006,18,34
33007,18,33
33008,17,37
33009,17,33
33010,18,33
33011,17,34
33012,17,35
33013,17,34
33014,17,38
33015,18,35
33016,17,36
33017,18,35
33018,18,35
33019,17,35
33020,17,35
33021,17,35
33022,18,35
33023,17,34
33024,17,35
33025,18,34
33026,18,33
33027,18,36
33028,17,34
33029,17,37
33030,18,35
33031,17,36
33032,17,35
33033,18,35
33034,17,36
33035,17,33
33036,17,34
33037,18,36
33038,18,34
33039,17,33
33040,18,33
33041,17,35
33042,18,34
33043,17,36
33044,17,35
33045,17,34
33046,18,36
33047,18,33
33048,17,34
33049,18,33
33050,17,34
33051,17,34
33052,17,34
33053,17,34
33054,17,34
33055,17,37
33056,17,35
33057,17,34
33058,18,36
33059,18,36
33060,17,36
33061,17,34
33062,17,34
33063,18,35
33064,17,34
33065,17,37
33066,18,36
33067,17,34
33068,18,34
33069,17,36
33070,18,36
33071,17,35
33072,18,37
33073,17,33
33074,17,36
33075,17,36
33076,17,35
33077,17,35
33078,17,36
33079,18,34
33080,17,32
33081,18,36
33082,17,33
33083,17,36
33084,18,34
33085,18,36
33086,18,33
33087,17,34
33088,17,35
33089,17,35
33090,17,36
33091,18,33
33092,18,36
33093,17,38
33094,18,34
33095,17,36
33096,17,34
33097,17,33
33098,17,35
33099,18,34
33100,17,37
33101,17,35
33102,18,32
33103,18,36
33104,18,33
33105,18,34
33106,17,34
33107,18,35
33108,17,37
33109,17,36
33110,18,35
33111,17,35
33112,18,36
33113,17,33
33114,17,35
33115,17,36
33116,18,34
33117,18,37
33118,18,35
33119,17,35
33120,17,37
33121,17,34
33122,17,34
33123,17,36
33124,18,35
33125,18,36
33126,17,36
33127,18,35
33128,17,36
33129,18,35
33130,17,33
33131,17,36
33132,17,35
33133,18,34
33134,18,36
33135,18,33
33136,17,35
33137,18,35
33138,18,36
33139,18,34
33140,17,36
33141,18,36
33142,18,35
33143,17,35
33144,17,37
33145,18,34
33146,18,37
33147,17,35
33148,18,36
33149,18,36
33150,17,36
33151,17,34
33152,17,35
33153,17,35
33154,18,34
33155,17,34
33156,17,34
33157,17,34
33158,17,34
33159,17,36
33160,17,35
33161,17,33
33162,18,33
33163,17,34
33164,17,35
33165,18,36
33166,17,35
33167,17,36
33168,17,34
33169,17,34
33170,17,35
33171,17,34
33172,17,36
33173,17,37
33174,17,34
33175,17,34
33176,17,34
33177,17,34
33178,17,34
33179,17,35
33180,18,34
33181,17,36
33182,17,33
33183,17,37
33184,17,35
33185,18,34
33186,18,34
33187,18,34
33188,17,34
33189,18,37
33190,18,35
33191,17,33
33192,17,35
33193,18,34
33194,18,34
33195,17,33
33196,17,35
33197,17,38
33198,17,34
33199,18,33
33200,17,35
33201,17,36
33202,18,34
33203,17,35
33204,18,34
33205,17,36
33206,18,34
33207,18,36
33208,18,34
33209,18,37
33210,18,34
33211,17,33
33212,17,34
33213,17,36
33214,17,35
33215,18,36
33216,18,33
33217,18,35
33218,17,35
33219,17,33
33220,18,35
33221,17,35
33222,17,37
33223,18,36
33224,17,35
33225,17,35
33226,18,34
33227,17,35
33228,18,36
33229,17,33
33230,17,34
33231,18,35
33232,17,35
33233,17,34
33234,17,36
33235,17,37
33236,18,32
33237,17,35
33238,17,34
33239,17,33
33240,18,36
33241,18,35
33242,17,32
33243,17,36
33244,17,33
33245,17,35
33246,17,34
33247,18,35
33248,17,33
33249,17,33
33250,18,36
33251,18,35
33252,18,36
33253,17,36
33254,18,35
33255,17,35
33256,17,34
33257,17,35
33258,18,32
33259,17,34
33260,17,35
33261,17,35
33262,18,35
33263,17,36
33264,17,34
33265,18,36
33266,18,34
33267,18,35
33268,18,35
33269,17,33
33270,17,34
33271,18,35
33272,17,35
33273,18,34
33274,17,38
33275,18,35
33276,17,34
33277,17,36
33278,18,38
33279,17,34
33280,17,37
33281,17,37
33282,17,35
33283,17,34
33284,17,34
33285,18,37
33286,17,34
33287,17,34
33288,18,35
33289,18,35
33290,18,34
33291,17,36
33292,17,37
33293,18,36
33294,17,36
33295,17,37
33296,18,36
33297,17,36
33298,17,35
33299,17,36
33300,17,35
33301,18,35
33302,18,33
33303,18,33
33304,17,36
33305,17,34
33306,18,34
33307,17,35
33308,18,36
33309,18,35
33310,17,35
33311,18,33
33312,17,34
33313,18,34
33314,18,37
33315,18,33
33316,17,37
33317,18,36
33318,18,35
33319,17,34
33320,17,34
33321,18,33
33322,18,34
33323,17,35
33324,17,35
33325,17,33
33326,17,36
33327,18,36
33328,18,34
33329,18,34
33330,17,33
33331,18,33
33332,18,37
33333,17,33
33334,17,33
33335,17,34
33336,17,37
33337,18,34
33338,18,34
33339,17,37
33340,17,35
33341,17,34
33342,18,34
33343,17,34
33344,17,35
33345,17,34
33346,17,38
33347,18,34
33348,17,34
33349,18,33
33350,18,34
33351,17,35
33352,18,33
33353,17,34
33354,18,34
33355,17,34
33356,17,35
33357,17,36
33358,17,35
33359,17,35
33360,18,35
33361,18,35
33362,18,33
33363,18,35
33364,17,34
33365,18,34
33366,17,34
33367,17,36
33368,18,32
33369,17,35
33370,17,33
33371,18,34
33372,18,37
33373,18,36
33374,17,35
33375,18,34
33376,17,37
33377,17,34
33378,17,34
33379,17,37
33380,17,35
33381,18,36
33382,18,35
33383,18,34
33384,18,34
33385,18,35
33386,17,35
33387,18,38
33388,17,35
33389,17,34
33390,17,33
33391,18,36
33392,17,34
33393,18,34
33394,18,35
33395,18,35
33396,17,33
33397,18,34
33398,18,35
33399,17,36
33400,17,35
33401,17,35
33402,18,34
33403,18,35
33404,17,36
33405,17,33
33406,17,34
33407,18,35
33408,18,34
33409,17,38
33410,17,36
33411,17,35
33412,17,34
33413,18,36
33414,18,35
33415,17,35
33416,17,34
33417,17,34
33418,17,34
33419,18,34
33420,18,34
33421,18,36
33422,17,34
33423,17,35
33424,17,34
33425,18,34
33426,17,34
33427,17,34
33428,18,36
33429,17,34
33430,17,34
33431,17,34
33432,18,34
33433,18,37
33434,17,40
33435,18,33
33436,18,36
33437,17,33
33438,17,34
33439,18,35
33440,17,35
33441,17,35
33442,17,36
33443,18,35
33444,17,36
33445,17,35
33446,18,34
33447,18,33
33448,18,33
33449,17,33
33450,17,34
33451,17,38
33452,17,34
33453,18,37
33454,18,35
33455,17,35
33456,17,35
33457,18,36
33458,18,35
33459,18,34
33460,17,32
33461,17,35
33462,17,36
33463,17,35
33464,18,34
33465,18,36
33466,18,34
33467,17,36
33468,17,35
33469,18,34
33470,18,36
33471,17,33
33472,18,34
33473,17,35
33474,17,34
33475,17,34
33476,17,35
33477,18,36
33478,17,34
33479,17,35
33480,17,33
33481,18,36
33482,18,35
33483,17,34
33484,17,34
33485,17,33
33486,18,35
33487,17,35
33488,18,34
33489,17,36
33490,18,34
33491,18,34
33492,18,37
33493,18,32
33494,17,33
33495,17,34
33496,17,34
33497,18,35
33498,18,34
33499,18,33
33500,17,34
33501,18,34
33502,18,35
33503,18,35
33504,17,34
33505,18,36
33506,17,37
33507,18,33
33508,18,35
33509,18,35
33510,18,35
33511,17,36
33512,18,35
33513,17,35
33514,17,34
33515,17,34
33516,18,35
33517,17,37
33518,17,34
33519,18,36
33520,17,36
33521,18,35
33522,18,36
33523,17,37
33524,17,34
33525,17,36
33526,17,35
33527,17,34
33528,18,36
33529,17,34
33530,18,37
33531,18,36
33532,18,35
33533,17,36
33534,18,34
33535,18,34
33536,18,36
33537,18,38
33538,17,34
33539,18,34
33540,18,32
33541,18,35
33542,18,35
33543,18,35
33544,18,33
33545,17,35
33546,18,35
33547,17,35
33548,18,33
33549,17,36
33550,17,36
33551,18,35
33552,18,35
33553,18,35
33554,17,36
33555,17,37
33556,17,33
33557,17,35
33558,18,34
33559,17,34
33560,17,36
33561,18,36
33562,17,38
33563,18,35
33564,18,35
33565,17,35
33566,18,34
33567,17,35
33568,18,34
33569,18,33
33570,17,32
33571,17,34
33572,18,34
33573,17,33
33574,17,34
33575,17,35
33576,17,35
33577,18,36
33578,18,33
33579,18,33
33580,17,35
33581,18,36
33582,17,36
33583,17,36
33584,18,36
33585,17,35
33586,17,34
33587,17,38
33588,18,34
33589,17,37
33590,17,34
33591,18,35
33592,17,36
33593,17,34
33594,17,36
33595,18,33
33596,17,37
33597,18,37
33598,18,35
33599,17,33
33600,17,36
33601,18,34
33602,17,34
33603,18,36
33604,17,35
33605,18,34
33606,17,32
33607,18,35
33608,17,34
33609,18,34
33610,18,34
33611,18,33
33612,18,35
33613,18,35
33614,17,36
33615,18,34
33616,17,35
33617,18,35
33618,18,36
33619,17,35
33620,17,35
33621,17,36
33622,17,35
33623,18,35
33624,17,34
33625,18,35
33626,17,36
33627,17,34
33628,18,36
33629,18,35
33630,17,35
33631,17,34
33632,18,35
33633,17,33
33634,17,33
33635,17,35
33636,17,34
33637,17,34
33638,17,37
33639,18,36
33640,18,37
33641,18,35
33642,18,35
33643,18,35
33644,17,35
33645,17,35
33646,17,37
33647,18,34
33648,18,36
33649,17,34
33650,18,34
33651,17,33
33652,17,36
33653,17,33
33654,18,35
33655,17,34
33656,18,35
33657,17,36
33658,18,35
33659,17,36
33660,17,34
33661,18,34
33662,18,35
33663,17,35
33664,17,35
33665,17,34
33666,17,34
33667,18,37
33668,17,34
33669,18,36
33670,17,35
33671,17,34
33672,17,36
33673,17,36
33674,17,35
33675,18,35
33676,18,36
33677,18,36
33678,17,35
33679,17,37
33680,17,37
33681,18,34
33682,18,36
33683,17,36
33684,18,33
33685,18,34
33686,17,35
33687,18,37
33688,17,34
33689,17,36
33690,17,36
33691,18,32
33692,17,37
33693,18,34
33694,17,35
33695,17,35
33696,18,35
33697,18,34
33698,18,36
33699,18,34
33700,18,37
33701,18,35
33702,18,37
33703,18,32
33704,17,36
33705,17,36
33706,17,35
33707,17,33
33708,18,37
33709,17,38
33710,18,34
33711,18,35
33712,17,34
33713,17,33
33714,17,36
33715,17,37
33716,17,36
33717,18,36
33718,18,36
33719,18,34
33720,18,35
33721,18,33
33722,18,37
33723,18,35
33724,18,34
33725,18,33
33726,17,33
33727,18,32
33728,18,34
33729,17,35
33730,17,36
33731,17,35
33732,17,34
33733,17,34
33734,17,35
33735,17,35
33736,18,35
33737,18,35
33738,17,35
33739,17,34
33740,17,34
33741,18,35
33742,17,37
33743,18,36
33744,17,33
33745,18,33
33746,18,34
33747,17,37
33748,18,34
33749,17,35
33750,18,34
33751,18,36
33752,18,35
33753,18,34
33754,17,36
33755,18,35
33756,17,35
33757,18,38
33758,18,34
33759,18,33
33760,17,33
33761,18,34
33762,17,36
33763,17,33
33764,18,34
33765,18,35
33766,17,33
33767,17,35
33768,18,34
33769,17,34
33770,17,33
33771,18,36
33772,17,34
33773,18,37
33774,17,35
33775,18,34
33776,18,35
33777,18,35
33778,18,37
33779,17,38
33780,17,36
33781,17,35
33782,18,34
33783,17,36
33784,18,36
33785,18,34
33786,17,34
33787,17,36
33788,17,36
33789,18,34
33790,17,34
33791,17,35
33792,17,37
33793,17,37
33794,18,34
33795,18,35
33796,17,35
33797,18,33
33798,17,36
33799,17,35
33800,18,35
33801,18,34
33802,17,37
33803,17,36
33804,18,36
33805,18,34
33806,18,34
33807,17,34
33808,18,34
33809,18,37
33810,18,34
33811,17,34
33812,18,36
33813,17,34
33814,17,34
33815,18,35
33816,18,35
33817,17,35
33818,17,34
33819,17,36
33820,18,34
33821,18,34
33822,17,36
33823,17,33
33824,18,36
33825,18,37
33826,17,34
33827,18,34
33828,18,33
33829,18,33
33830,17,37
33831,17,34
33832,17,35
33833,17,34
33834,17,35
33835,18,37
33836,18,36
33837,17,34
33838,18,33
33839,18,35
33840,18,33
33841,17,34
33842,18,34
33843,18,33
33844,18,35
33845,18,35
33846,18,35
33847,17,35
33848,17,34
33849,17,36
33850,18,34
33851,17,38
33852,17,33
33853,17,35
33854,17,35
33855,17,35
33856,17,35
33857,18,33
33858,18,36
33859,18,34
33860,17,36
33861,18,34
33862,18,35
33863,17,36
33864,17,35
33865,17,33
33866,18,35
33867,18,35
33868,18,34
33869,17,33
33870,17,36
33871,17,34
33872,17,33
33873,17,33
33874,17,36
33875,17,34
33876,18,35
33877,18,35
33878,18,33
33879,18,34
33880,18,37
33881,17,35
33882,17,35
33883,18,34
33884,17,34
33885,18,36
33886,18,35
33887,18,33
33888,17,33
33889,17,33
33890,17,35
33891,17,32
33892,18,36
33893,18,36
33894,18,35
33895,18,35
33896,18,35
33897,18,34
33898,17,35
33899,18,35
33900,17,36
33901,18,35
33902,17,34
33903,18,34
33904,18,36
33905,17,34
33906,17,34
33907,17,35
33908,17,35
33909,17,35
33910,17,33
33911,17,33
33912,18,36
33913,17,34
33914,17,34
33915,17,37
33916,17,37
33917,17,33
33918,18,37
33919,18,33
33920,17,34
33921,18,35
33922,17,36
33923,17,32
33924,18,33
33925,18,34
33926,17,36
33927,17,35
33928,17,35
33929,17,36
33930,17,36
33931,17,35
33932,18,35
33933,17,35
33934,17,38
33935,17,33
33936,18,34
33937,18,35
33938,17,34
33939,18,35
33940,17,37
33941,17,33
33942,17,33
33943,18,35
33944,18,37
33945,18,35
33946,18,35
33947,18,33
33948,17,35
33949,17,33
33950,18,36
33951,18,34
33952,17,32
33953,18,34
33954,17,35
33955,17,35
33956,18,36
33957,18,33
33958,18,33
33959,17,34
33960,17,35
33961,17,34
33962,17,36
33963,17,36
33964,17,35
33965,18,33
33966,18,35
33967,18,33
33968,17,35
33969,17,36
33970,18,36
33971,17,34
33972,18,34
33973,17,35
33974,18,34
33975,17,36
33976,17,33
33977,17,34
33978,18,37
33979,18,37
33980,17,33
33981,17,36
33982,17,35
33983,17,33
33984,18,35
33985,18,35
33986,18,36
33987,17,35
33988,17,35
33989,17,34
33990,17,34
33991,18,34
33992,17,35
33993,18,35
33994,18,35
33995,18,34
33996,17,37
33997,18,38
33998,17,35
33999,18,34
34000,17,34
34001,18,35
34002,17,35
34003,18,35
34004,18,35
34005,18,35
34006,17,35
34007,17,34
34008,18,36
34009,17,34
34010,17,34
34011,18,34
34012,18,36
34013,18,35
34014,17,36
34015,18,33
34016,18,36
34017,17,35
34018,17,36
34019,18,35
34020,18,34
34021,18,36
34022,18,36
34023,17,34
34024,17,34
34025,17,35
34026,17,36
34027,18,34
34028,17,36
34029,18,34
34030,17,32
34031,18,34
34032,18,36
34033,18,33
34034,17,36
34035,17,35
34036,17,34
34037,17,34
34038,18,34
34039,17,35
34040,18,35
34041,17,36
34042,17,34
34043,17,35
34044,17,34
34045,18,35
34046,18,36
34047,17,34
34048,17,34
34049,18,36
34050,17,36
34051,18,36
34052,18,37
34053,17,35
34054,17,35
34055,17,35
34056,18,35
34057,17,35
34058,18,36
34059,18,34
34060,18,36
34061,18,34
34062,17,33
34063,17,36
34064,17,35
34065,18,36
34066,17,34
34067,18,36
34068,18,37
34069,18,34
34070,18,34
34071,18,34
34072,18,34
34073,18,36
34074,17,36
34075,18,37
34076,17,34
34077,17,34
34078,18,34
34079,18,35
34080,17,33
34081,17,35
34082,18,35
34083,18,35
34084,17,35
34085,17,33
34086,18,34
34087,18,36
34088,18,35
34089,17,35
34090,17,35
34091,18,36
34092,17,33
34093,18,36
34094,18,35
34095,18,35
34096,18,37
34097,17,35
34098,17,37
34099,17,35
34100,17,33
34101,17,37
34102,18,36
34103,18,34
34104,18,39
34105,17,35
34106,18,36
34107,18,34
34108,17,35
34109,17,35
34110,18,35
34111,18,36
34112,18,36
34113,17,34
34114,18,35
34115,18,36
34116,18,36
34117,18,35
34118,18,37
34119,17,35
34120,17,36
34121,17,34
34122,17,34
34123,18,35
34124,17,37
34125,18,35
34126,18,36
34127,18,37
34128,17,34
34129,17,36
34130,17,34
34131,18,35
34132,18,35
34133,17,37
34134,18,34
34135,18,35
34136,18,35
34137,17,34
34138,17,33
34139,17,34
34140,18,34
34141,17,33
34142,18,36
34143,18,35
34144,17,36
34145,18,36
34146,17,35
34147,18,35
34148,17,34
34149,17,34
34150,17,36
34151,17,37
34152,17,35
34153,18,36
34154,17,36
34155,17,33
34156,17,35
34157,18,33
34158,18,35
34159,18,35
34160,18,35
34161,18,35
34162,17,34
34163,18,35
34164,17,35
34165,18,34
34166,18,35
34167,18,35
34168,17,35
34169,17,34
34170,18,35
34171,18,34
34172,17,38
34173,17,34
34174,18,34
34175,18,34
34176,17,36
34177,18,33
34178,18,35
34179,18,35
34180,18,33
34181,18,36
34182,17,34
34183,17,36
34184,18,33
34185,18,34
34186,17,36
34187,18,34
34188,18,33
34189,17,35
34190,18,35
34191,18,34
34192,18,35
34193,18,37
34194,17,34
34195,18,35
34196,17,36
34197,17,34
34198,18,35
34199,18,38
34200,18,35
34201,17,36
34202,18,35
34203,17,32
34204,18,35
34205,18,35
34206,18,37
34207,17,35
34208,18,35
34209,18,33
34210,18,35
34211,17,35
34212,18,35
34213,18,34
34214,18,36
34215,18,33
34216,17,35
34217,17,34
34218,18,35
34219,18,35
34220,18,33
34221,18,35
34222,18,35
34223,17,33
34224,17,34
34225,18,35
34226,18,34
34227,18,34
34228,18,34
34229,18,34
34230,18,34
34231,17,34
34232,18,34
34233,18,35
34234,17,35
34235,18,35
34236,17,36
34237,18,35
34238,18,36
34239,18,34
34240,17,34
34241,17,35
34242,17,36
34243,18,35
34244,17,34
34245,18,36
34246,17,35
34247,17,35
34248,17,36
34249,17,35
34250,17,36
34251,18,36
34252,18,36
34253,18,34
34254,17,35
34255,17,34
34256,18,34
34257,18,36
34258,17,33
34259,17,35
34260,17,35
34261,18,35
34262,17,37
34263,18,36
34264,17,35
34265,18,34
34266,18,35
34267,18,35
34268,18,35
34269,18,36
34270,17,34
34271,17,34
34272,17,35
34273,18,37
34274,18,34
34275,18,33
34276,18,35
34277,17,34
34278,17,35
34279,18,33
34280,18,34
34281,18,35
34282,18,36
34283,18,35
34284,18,35
34285,17,35
34286,18,36
34287,18,34
34288,17,35
34289,17,34
34290,18,34
34291,18,34
34292,17,34
34293,18,34
34294,18,35
34295,17,35
34296,17,36
34297,17,40
34298,18,35
34299,17,37
34300,17,34
34301,17,35
34302,17,37
34303,18,35
34304,18,34
34305,17,37
34306,18,33
34307,17,38
34308,18,34
34309,17,35
34310,17,32
34311,18,35
34312,17,38
34313,17,34
34314,18,34
34315,17,34
34316,18,34
34317,17,34
34318,18,36
34319,17,36
34320,17,35
34321,18,34
34322,18,36
34323,18,35
34324,17,35
34325,18,33
34326,18,34
34327,17,34
34328,17,35
34329,17,33
34330,18,33
34331,18,35
34332,17,35
34333,18,35
34334,17,35
34335,17,34
34336,18,37
34337,18,34
34338,18,36
34339,18,36
34340,18,34
34341,18,34
34342,18,34
34343,18,36
34344,17,36
34345,18,37
34346,17,33
34347,17,34
34348,17,35
34349,18,36
34350,17,36
34351,17,35
34352,18,34
34353,18,34
34354,18,36
34355,17,37
34356,17,34
34357,17,34
34358,17,35
34359,17,34
34360,18,34
34361,18,34
34362,17,34
34363,17,34
34364,17,35
34365,17,33
34366,17,34
34367,17,34
34368,17,35
34369,18,35
34370,17,36
34371,18,36
34372,18,34
34373,18,34
34374,18,35
34375,17,35
34376,18,35
34377,17,33
34378,17,36
34379,17,36
34380,17,33
34381,17,37
34382,18,36
34383,18,36
34384,18,34
34385,17,34
34386,17,37
34387,18,33
34388,17,35
34389,17,35
34390,17,33
34391,17,35
34392,18,36
34393,18,33
34394,18,34
34395,18,35
34396,18,34
34397,18,36
34398,18,37
34399,17,36
34400,17,36
34401,17,34
34402,17,35
34403,17,36
34404,18,35
34405,17,35
34406,17,34
34407,18,34
34408,17,35
34409,18,33
34410,18,34
34411,18,34
34412,18,35
34413,17,35
34414,18,35
34415,18,32
34416,18,34
34417,18,36
34418,18,38
34419,18,37
34420,18,39
34421,17,35
34422,18,35
34423,18,34
34424,18,36
34425,17,34
34426,17,36
34427,17,36
34428,18,33
34429,17,34
34430,18,32
34431,17,36
34432,18,36
34433,18,33
34434,17,35
34435,18,36
34436,18,36
34437,18,34
34438,18,35
34439,18,35
34440,18,33
34441,18,38
34442,17,36
34443,18,35
34444,18,34
34445,17,39
34446,18,36
34447,17,35
34448,18,35
34449,17,33
34450,17,33
34451,18,35
34452,18,33
34453,18,37
34454,18,34
34455,18,34
34456,18,36
34457,17,35
34458,18,33
34459,17,34
34460,18,34
34461,17,36
34462,17,33
34463,18,34
34464,18,37
34465,17,37
34466,17,34
34467,17,33
34468,18,34
34469,18,35
34470,18,36
34471,18,34
34472,18,35
34473,17,35
34474,18,35
34475,18,33
34476,18,39
34477,17,33
34478,18,35
34479,17,34
34480,17,33
34481,18,37
34482,17,35
34483,18,35
34484,17,35
34485,18,33
34486,18,35
34487,18,34
34488,18,33
34489,18,37
34490,17,35
34491,18,34
34492,18,36
34493,18,34
34494,17,34
34495,18,36
34496,18,34
34497,18,37
34498,18,34
34499,18,34
34500,17,36
34501,18,35
34502,17,36
34503,18,35
34504,17,35
34505,18,38
34506,17,34
34507,18,36
34508,17,35
34509,18,36
34510,17,37
34511,17,34
34512,18,36
34513,18,35
34514,18,35
34515,18,35
34516,17,36
34517,18,36
34518,18,34
34519,18,35
34520,18,36
34521,18,34
34522,18,38
34523,18,34
34524,18,34
34525,18,36
34526,18,35
34527,18,35
34528,18,34
34529,17,35
34530,18,36
34531,17,36
34532,18,34
34533,17,34
34534,18,35
34535,17,33
34536,18,36
34537,18,37
34538,17,35
34539,18,36
34540,18,35
34541,18,35
34542,17,36
34543,17,37
34544,18,33
34545,18,34
34546,18,34
34547,18,35
34548,18,34
34549,17,35
34550,18,35
34551,18,36
34552,17,33
34553,17,36
34554,18,37
34555,17,36
34556,17,35
34557,18,35
34558,17,35
34559,17,34
34560,18,34
34561,17,36
34562,18,35
34563,18,35
34564,17,37
34565,18,36
34566,17,35
34567,18,35
34568,18,36
34569,18,35
34570,18,32
34571,17,37
34572,18,37
34573,18,34
34574,18,35
34575,18,34
34576,17,35
34577,18,33
34578,17,35
34579,18,34
34580,17,34
34581,18,35
34582,18,37
34583,17,36
34584,17,36
34585,18,36
34586,18,34
34587,17,35
34588,17,35
34589,18,36
34590,17,36
34591,18,36
34592,18,34
34593,18,34
34594,18,35
34595,18,33
34596,18,35
34597,18,35
34598,18,35
34599,18,39
34600,18,33
34601,18,34
34602,17,35
34603,18,36
34604,18,34
34605,17,35
34606,17,35
34607,17,35
34608,17,34
34609,17,35
34610,17,34
34611,18,34
34612,18,36
34613,18,34
34614,18,35
34615,17,36
34616,18,35
34617,18,34
34618,18,36
34619,18,36
34620,18,35
34621,18,34
34622,17,34
34623,17,36
34624,18,34
34625,18,35
34626,17,34
34627,18,37
34628,18,35
34629,18,34
34630,17,37
34631,17,34
34632,17,35
34633,18,33
34634,18,35
34635,18,34
34636,18,34
34637,17,35
34638,18,34
34639,18,35
34640,18,35
34641,18,36
34642,18,34
34643,18,37
34644,18,34
34645,18,35
34646,17,33
34647,18,34
34648,18,35
34649,18,38
34650,18,35
34651,18,36
34652,18,34
34653,18,33
34654,18,36
34655,18,35
34656,17,34
34657,17,36
34658,18,35
34659,18,34
34660,18,34
34661,18,35
34662,18,38
34663,18,38
34664,17,34
34665,18,34
34666,18,35
34667,18,34
34668,18,34
34669,18,34
34670,18,34
34671,17,35
34672,18,33
34673,18,39
34674,18,36
34675,18,35
34676,17,35
34677,17,34
34678,18,38
34679,17,35
34680,17,34
34681,17,35
34682,17,37
34683,17,36
34684,18,35
34685,18,36
34686,18,34
34687,17,35
34688,18,35
34689,17,34
34690,17,36
34691,18,34
34692,17,35
34693,18,35
34694,18,33
34695,18,36
34696,18,34
34697,17,36
34698,18,36
34699,17,35
34700,18,34
34701,18,34
34702,18,36
34703,18,34
34704,17,34
34705,17,35
34706,17,36
34707,18,34
34708,17,35
34709,18,35
34710,18,34
34711,17,36
34712,17,35
34713,18,36
34714,18,34
34715,17,34
34716,18,34
34717,18,37
34718,18,34
34719,17,35
34720,18,35
34721,18,35
34722,17,36
34723,17,35
34724,18,33
34725,18,35
34726,17,34
34727,17,34
34728,18,35
34729,18,36
34730,18,34
34731,18,36
34732,17,33
34733,17,34
34734,18,34
34735,18,32
34736,18,35
34737,18,36
34738,18,36
34739,18,34
34740,18,36
34741,18,36
34742,18,36
34743,18,36
34744,17,34
34745,18,35
34746,17,33
34747,18,34
34748,18,34
34749,18,36
34750,17,36
34751,17,34
34752,18,36
34753,18,34
34754,18,33
34755,18,37
34756,18,35
34757,18,35
34758,18,35
34759,17,36
34760,17,35
34761,17,36
34762,17,33
34763,18,35
34764,17,35
34765,18,36
34766,17,34
34767,18,35
34768,18,37
34769,18,33
34770,17,36
34771,18,34
34772,18,38
34773,18,34
34774,18,34
34775,17,35
34776,18,34
34777,18,33
34778,18,35
34779,18,36
34780,18,35
34781,18,33
34782,18,33
34783,18,36
34784,17,34
34785,18,34
34786,17,35
34787,18,35
34788,17,35
34789,18,35
34790,18,36
34791,17,34
34792,18,35
34793,17,37
34794,18,34
34795,17,36
34796,18,35
34797,18,36
34798,18,34
34799,17,35
34800,17,35
34801,18,35
34802,17,36
34803,18,38
34804,18,34
34805,17,34
34806,18,33
34807,17,34
34808,18,36
34809,18,37
34810,17,36
34811,18,35
34812,18,35
34813,18,34
34814,18,35
34815,17,33
34816,17,36
34817,18,36
34818,18,36
34819,18,35
34820,18,37
34821,18,33
34822,17,35
34823,18,36
34824,18,34
34825,18,34
34826,18,35
34827,18,37
34828,17,35
34829,17,35
34830,18,34
34831,17,33
34832,18,37
34833,18,34
34834,17,34
34835,17,36
34836,18,35
34837,18,35
34838,17,34
34839,18,35
34840,18,35
34841,18,38
34842,18,35
34843,18,34
34844,18,35
34845,17,37
34846,17,35
34847,17,35
34848,17,36
34849,17,35
34850,17,37
34851,17,36
34852,18,36
34853,18,36
34854,18,35
34855,18,36
34856,18,37
34857,17,34
34858,17,33
34859,18,35
34860,18,36
34861,17,34
34862,18,34
34863,18,34
34864,18,38
34865,18,34
34866,17,35
34867,18,36
34868,18,35
34869,17,36
34870,18,35
34871,18,33
34872,18,35
34873,18,34
34874,17,37
34875,18,35
34876,18,35
34877,18,35
34878,18,35
34879,18,34
34880,18,36
34881,17,36
34882,18,35
34883,18,32
34884,18,33
34885,18,34
34886,18,34
34887,17,34
34888,18,34
34889,17,37
34890,18,33
34891,18,35
34892,17,37
34893,17,38
34894,18,36
34895,18,36
34896,18,34
34897,18,36
34898,17,36
34899,17,37
34900,17,36
34901,18,35
34902,18,34
34903,17,34
34904,17,37
34905,18,34
34906,17,34
34907,17,34
34908,17,35
34909,17,35
34910,18,33
34911,17,34
34912,18,37
34913,18,36
34914,18,37
34915,18,35
34916,18,35
34917,18,35
34918,17,36
34919,17,35
34920,18,37
34921,17,33
34922,18,34
34923,18,36
34924,17,35
34925,17,35
34926,18,36
34927,17,36
34928,18,36
34929,17,34
34930,18,37
34931,17,35
34932,18,33
34933,17,37
34934,18,36
34935,17,37
34936,18,36
34937,17,36
34938,18,34
34939,18,34
34940,18,36
34941,17,36
34942,18,34
34943,18,34
34944,18,35
34945,18,33
34946,17,35
34947,17,36
34948,18,35
34949,17,33
34950,17,35
34951,18,33
34952,18,36
34953,18,35
34954,18,36
34955,18,36
34956,18,35
34957,18,34
34958,17,38
34959,17,35
34960,17,34
34961,18,36
34962,17,35
34963,18,35
34964,18,36
34965,18,35
34966,18,35
34967,18,35
34968,17,39
34969,18,34
34970,18,35
34971,17,37
34972,18,34
34973,18,34
34974,18,33
34975,18,36
34976,17,35
34977,17,36
34978,18,33
34979,17,33
34980,18,36
34981,18,35
34982,18,35
34983,17,37
34984,18,36
34985,18,37
34986,17,35
34987,18,35
34988,17,34
34989,17,36
34990,18,35
34991,18,34
34992,17,34
34993,18,35
34994,18,34
34995,17,37
34996,18,35
34997,18,34
34998,17,35
34999,17,35
35000,18,34
35001,18,33
35002,18,34
35003,18,35
35004,17,34
35005,18,35
35006,18,35
35007,18,35
35008,18,34
35009,18,36
35010,18,35
35011,18,36
35012,18,36
35013,18,34
35014,17,34
35015,18,36
35016,18,35
35017,18,35
35018,18,34
35019,17,34
35020,18,35
35021,18,36
35022,18,36
35023,17,36
35024,17,35
35025,18,36
35026,18,34
35027,17,36
35028,18,35
35029,18,36
35030,18,34
35031,18,35
35032,18,37
35033,17,34
35034,17,34
35035,18,36
35036,17,36
35037,18,34
35038,18,36
35039,18,35
35040,18,32
35041,18,37
35042,17,35
35043,18,34
35044,18,34
35045,18,37
35046,18,38
35047,18,35
35048,18,34
35049,17,36
35050,18,35
35051,18,36
35052,18,35
35053,18,34
35054,18,35
35055,18,33
35056,18,38
35057,18,34
35058,18,34
35059,18,36
35060,18,38
35061,17,36
35062,18,36
35063,18,34
35064,18,35
35065,18,36
35066,17,34
35067,17,34
35068,18,35
35069,18,36
35070,17,34
35071,18,34
35072,17,35
35073,17,35
35074,18,35
35075,18,37
35076,18,33
35077,18,35
35078,18,35
35079,18,37
35080,18,36
35081,17,36
35082,18,34
35083,18,37
35084,18,37
35085,18,32
35086,18,34
35087,18,32
35088,18,35
35089,18,35
35090,18,35
35091,18,35
35092,18,37
35093,17,37
35094,18,35
35095,18,38
35096,17,38
35097,18,36
35098,18,34
35099,18,34
35100,18,34
35101,18,34
35102,18,37
35103,18,35
35104,17,32
35105,18,34
35106,18,38
35107,17,37
35108,18,33
35109,18,34
35110,18,36
35111,18,35
35112,17,33
35113,17,36
35114,17,32
35115,18,35
35116,17,35
35117,18,36
35118,18,34
35119,18,32
35120,18,37
35121,18,34
35122,18,35
35123,18,36
35124,18,33
35125,18,33
35126,18,35
35127,18,37
35128,17,37
35129,18,34
35130,18,33
35131,18,33
35132,18,35
35133,17,34
35134,18,34
35135,18,34
35136,18,34
35137,18,36
35138,17,34
35139,18,34
35140,18,35
35141,17,35
35142,17,36
35143,18,35
35144,17,35
35145,18,35
35146,18,36
35147,17,37
35148,18,35
35149,17,35
35150,18,36
35151,18,35
35152,18,34
35153,18,33
35154,18,35
35155,18,36
35156,18,35
35157,17,36
35158,18,35
35159,18,37
35160,17,34
35161,18,35
35162,18,33
35163,18,34
35164,18,35
35165,18,35
35166,18,34
35167,18,34
35168,17,34
35169,18,38
35170,18,35
35171,17,35
35172,18,33
35173,18,35
35174,18,36
35175,18,35
35176,18,38
35177,18,38
35178,17,34
35179,18,36
35180,18,33
35181,18,34
35182,17,37
35183,18,34
35184,18,35
35185,18,35
35186,18,36
35187,18,37
35188,17,35
35189,17,33
35190,17,33
35191,18,35
35192,18,34
35193,17,37
35194,18,34
35195,18,34
35196,18,34
35197,18,36
35198,18,35
35199,18,34
35200,18,34
35201,17,37
35202,18,37
35203,18,36
35204,17,35
35205,18,34
35206,18,34
35207,18,35
35208,18,36
35209,17,35
35210,18,38
35211,18,36
35212,18,35
35213,18,34
35214,18,35
35215,17,34
35216,18,35
35217,18,35
35218,18,34
35219,18,35
35220,17,36
35221,18,35
35222,17,37
35223,18,36
35224,17,36
35225,17,34
35226,18,34
35227,18,35
35228,17,34
35229,18,36
35230,18,33
35231,18,33
35232,17,34
35233,18,34
35234,18,35
35235,17,33
35236,18,36
35237,18,33
35238,18,34
35239,18,36
35240,18,35
35241,17,35
35242,18,34
35243,18,33
35244,17,34
35245,17,34
35246,18,36
35247,18,35
35248,18,35
35249,17,35
35250,18,34
35251,17,36
35252,18,38
35253,18,35
35254,17,34
35255,18,36
35256,18,34
35257,17,35
35258,18,35
35259,18,35
35260,18,33
35261,18,36
35262,18,35
35263,18,35
35264,17,37
35265,18,34
35266,18,33
35267,17,35
35268,17,35
35269,18,36
35270,17,35
35271,18,35
35272,18,36
35273,17,35
35274,18,38
35275,18,36
35276,18,39
35277,18,37
35278,18,34
35279,18,34
35280,18,33
35281,17,35
35282,18,35
35283,18,36
35284,17,35
35285,18,36
35286,17,34
35287,18,34
35288,18,38
35289,18,37
35290,17,34
35291,17,34
35292,18,35
35293,17,34
35294,18,34
35295,18,33
35296,18,34
35297,18,37
35298,18,34
35299,18,38
35300,18,35
35301,17,35
35302,18,34
35303,18,35
35304,18,35
35305,17,32
35306,18,37
35307,18,35
35308,18,35
35309,18,33
35310,18,36
35311,18,35
35312,18,35
35313,18,36
35314,17,34
35315,17,36
35316,17,37
35317,18,35
35318,18,34
35319,18,35
35320,18,35
35321,18,34
35322,18,36
35323,18,35
35324,18,35
35325,17,35
35326,18,34
35327,18,35
35328,18,35
35329,17,35
35330,18,33
35331,18,35
35332,18,36
35333,18,36
35334,17,34
35335,17,34
35336,18,36
35337,18,36
35338,18,35
35339,18,35
35340,18,33
35341,18,34
35342,18,34
35343,18,34
35344,18,34
35345,18,34
35346,18,34
35347,17,38
35348,18,35
35349,17,35
35350,18,36
35351,17,36
35352,17,37
35353,18,34
35354,17,35
35355,17,34
35356,17,34
35357,18,35
35358,18,35
35359,18,34
35360,18,35
35361,18,34
35362,18,35
35363,18,33
35364,17,35
35365,17,36
35366,17,35
35367,18,36
35368,18,34
35369,18,35
35370,17,36
35371,18,35
35372,17,37
35373,18,36
35374,18,34
35375,17,35
35376,18,34
35377,18,36
35378,18,33
35379,18,34
35380,18,35
35381,18,35
35382,17,35
35383,18,32
35384,17,35
35385,18,35
35386,18,36
35387,18,37
35388,18,36
35389,17,34
35390,18,34
35391,17,36
35392,18,35
35393,18,34
35394,18,34
35395,17,37
35396,18,35
35397,18,33
35398,18,36
35399,18,35
35400,17,34
35401,18,37
35402,17,37
35403,18,34
35404,18,36
35405,18,35
35406,18,35
35407,18,33
35408,17,33
35409,17,34
35410,18,37
35411,18,34
35412,18,36
35413,18,36
35414,18,34
35415,18,34
35416,18,35
35417,17,34
35418,18,34
35419,17,34
35420,18,35
35421,18,35
35422,17,34
35423,18,37
35424,18,35
35425,18,35
35426,18,34
35427,18,34
35428,18,35
35429,18,37
35430,17,36
35431,18,37
35432,18,36
35433,18,34
35434,17,36
35435,17,35
35436,17,36
35437,18,34
35438,18,35
35439,18,34
35440,17,35
35441,17,38
35442,17,34
35443,18,37
35444,18,34
35445,18,35
35446,18,36
35447,17,35
35448,17,35
35449,18,36
35450,18,34
35451,18,33
35452,18,36
35453,18,35
35454,18,35
35455,18,35
35456,17,33
35457,18,35
35458,18,34
35459,18,34
35460,18,33
35461,17,34
35462,18,35
35463,18,35
35464,17,34
35465,17,33
35466,18,34
35467,17,35
35468,18,35
35469,18,37
35470,18,35
35471,17,36
35472,17,36
35473,18,34
35474,18,34
35475,18,35
35476,17,37
35477,18,34
35478,18,35
35479,18,34
35480,18,36
35481,18,35
35482,18,36
35483,18,36
35484,18,35
35485,18,37
35486,18,35
35487,17,35
35488,17,35
35489,17,33
35490,18,34
35491,17,34
35492,18,34
35493,17,35
35494,18,35
35495,17,33
35496,18,35
35497,18,35
35498,18,36
35499,18,33
35500,18,36
35501,18,36
35502,17,35
35503,18,34
35504,18,35
35505,18,34
35506,18,34
35507,18,36
35508,17,35
35509,18,35
35510,18,35
35511,17,35
35512,18,35
35513,18,34
35514,18,36
35515,17,37
35516,18,35
35517,17,35
35518,18,36
35519,17,34
35520,18,35
35521,18,36
35522,18,35
35523,18,34
35524,17,33
35525,18,33
35526,18,35
35527,17,35
35528,18,35
35529,18,35
35530,18,34
35531,18,35
35532,18,34
35533,18,36
35534,18,35
35535,17,36
35536,18,36
35537,18,34
35538,18,36
35539,18,34
35540,18,34
35541,18,33
35542,18,36
35543,18,34
35544,18,34
35545,17,34
35546,18,35
35547,18,37
35548,18,33
35549,18,35
35550,18,36
35551,17,33
35552,18,35
35553,17,36
35554,17,37
35555,17,37
35556,18,34
35557,18,35
35558,17,34
35559,18,36
35560,18,35
35561,17,34
35562,18,36
35563,18,35
35564,17,33
35565,18,34
35566,18,35
35567,18,34
35568,17,35
35569,17,36
35570,18,33
35571,17,35
35572,18,35
35573,18,35
35574,17,34
35575,18,34
35576,18,36
35577,17,34
35578,18,37
35579,18,35
35580,18,36
35581,18,35
35582,18,35
35583,18,36
35584,18,35
35585,18,35
35586,18,35
35587,18,33
35588,18,32
35589,18,35
35590,17,34
35591,17,36
35592,18,36
35593,18,33
35594,18,34
35595,17,34
35596,17,36
35597,18,36
35598,18,35
35599,18,34
35600,17,35
35601,18,35
35602,18,35
35603,18,36
35604,18,35
35605,17,34
35606,18,33
35607,18,34
35608,17,34
35609,18,37
35610,18,37
35611,17,35
35612,18,38
35613,18,36
35614,18,34
35615,17,36
35616,18,35
35617,18,35
35618,18,34
35619,17,36
35620,18,36
35621,18,34
35622,18,34
35623,17,36
35624,17,38
35625,18,34
35626,18,35
35627,17,37
35628,17,34
35629,18,35
35630,18,36
35631,18,35
35632,18,34
35633,18,34
35634,18,36
35635,18,36
35636,18,34
35637,18,36
35638,17,35
35639,18,36
35640,18,37
35641,18,35
35642,18,34
35643,18,34
35644,17,35
35645,18,35
35646,18,35
35647,18,37
35648,18,35
35649,18,35
35650,17,35
35651,18,35
35652,17,35
35653,18,37
35654,17,35
35655,18,36
35656,18,35
35657,18,33
35658,17,35
35659,18,35
35660,18,34
35661,18,35
35662,18,33
35663,18,36
35664,18,34
35665,18,34
35666,18,36
35667,18,34
35668,18,34
35669,18,33
35670,18,35
35671,18,35
35672,18,34
35673,17,36
35674,18,35
35675,18,36
35676,17,37
35677,18,38
35678,18,37
35679,18,35
35680,18,33
35681,18,35
35682,17,35
35683,17,32
35684,18,34
35685,18,34
35686,18,35
35687,18,33
35688,18,34
35689,18,36
35690,18,35
35691,18,38
35692,17,34
35693,18,35
35694,18,35
35695,18,35
35696,18,33
35697,18,35
35698,18,34
35699,18,36
35700,17,35
35701,18,37
35702,18,34
35703,17,35
35704,18,35
35705,18,35
35706,17,34
35707,18,34
35708,18,34
35709,18,35
35710,17,36
35711,18,34
35712,18,35
35713,18,34
35714,18,34
35715,17,34
35716,18,35
35717,18,34
35718,18,34
35719,18,35
35720,17,32
35721,18,34
35722,18,33
35723,18,35
35724,18,37
35725,17,34
35726,18,34
35727,17,34
35728,18,36
35729,18,35
35730,18,36
35731,17,35
35732,18,34
35733,18,36
35734,18,35
35735,18,35
35736,17,35
35737,18,35
35738,18,34
35739,18,36
35740,18,33
35741,18,34
35742,17,35
35743,18,37
35744,17,33
35745,18,34
35746,18,34
35747,18,34
35748,18,34
35749,18,34
35750,18,33
35751,17,35
35752,17,36
35753,17,35
35754,18,34
35755,18,36
35756,18,35
35757,18,34
35758,18,35
35759,17,35
35760,18,36
35761,18,37
35762,18,35
35763,17,37
35764,17,36
35765,18,34
35766,18,35
35767,18,34
35768,18,34
35769,18,35
35770,18,36
35771,17,35
35772,17,38
35773,18,35
35774,18,34
35775,18,34
35776,18,38
35777,18,33
35778,18,36
35779,18,33
35780,18,37
35781,18,37
35782,18,35
35783,18,33
35784,18,33
35785,17,35
35786,18,34
35787,18,36
35788,17,35
35789,18,34
35790,17,35
35791,18,36
35792,18,35
35793,18,35
35794,18,34
35795,18,34
35796,18,35
35797,18,36
35798,18,35
35799,18,34
35800,18,36
35801,18,36
35802,18,36
35803,18,35
35804,18,34
35805,18,36
35806,17,35
35807,18,34
35808,18,36
35809,18,36
35810,18,36
35811,17,35
35812,18,37
35813,17,36
35814,18,36
35815,18,33
35816,17,36
35817,18,35
35818,18,36
35819,18,33
35820,18,36
35821,18,36
35822,18,36
35823,17,35
35824,18,36
35825,18,37
35826,18,39
35827,18,35
35828,17,34
35829,18,36
35830,18,34
35831,18,35
35832,17,34
35833,18,33
35834,17,35
35835,17,36
35836,17,36
35837,18,35
35838,18,35
35839,18,36
35840,18,34
35841,18,34
35842,18,35
35843,17,37
35844,18,36
35845,17,35
35846,18,35
35847,18,34
35848,17,35
35849,18,34
35850,18,37
35851,18,36
35852,17,34
35853,18,34
35854,18,37
35855,18,36
35856,18,36
35857,18,35
35858,18,34
35859,18,34
35860,18,35
35861,18,36
35862,18,34
35863,17,36
35864,18,33
35865,18,36
35866,18,35
35867,18,36
35868,18,35
35869,18,35
35870,17,33
35871,18,35
35872,18,35
35873,18,35
35874,17,35
35875,18,35
35876,18,34
35877,17,38
35878,18,37
35879,18,36
35880,18,37
35881,18,35
35882,18,34
35883,18,37
35884,18,36
35885,17,36
35886,18,34
35887,18,38
35888,18,36
35889,17,37
35890,18,33
35891,18,35
35892,18,35
35893,18,32
35894,18,34
35895,18,37
35896,18,36
35897,18,34
35898,18,34
35899,18,33
35900,18,33
35901,18,35
35902,17,39
35903,18,34
35904,17,34
35905,18,37
35906,18,36
35907,18,37
35908,18,36
35909,18,34
35910,18,35
35911,17,34
35912,18,37
35913,18,34
35914,18,35
35915,18,36
35916,18,35
35917,18,35
35918,17,34
35919,17,33
35920,18,37
35921,18,33
35922,18,34
35923,18,35
35924,17,36
35925,18,34
35926,18,34
35927,18,32
35928,18,35
35929,18,37
35930,17,34
35931,18,36
35932,18,34
35933,18,34
35934,18,34
35935,17,33
35936,18,35
35937,18,37
35938,18,36
35939,18,34
35940,17,35
35941,18,35
35942,18,33
35943,18,36
35944,18,34
35945,18,33
35946,17,35
35947,18,33
35948,18,35
35949,18,35
35950,18,36
35951,18,34
35952,18,37
35953,18,35
35954,17,34
35955,17,36
35956,18,35
35957,18,34
35958,18,37
35959,17,36
35960,18,36
35961,17,36
35962,18,36
35963,18,35
35964,17,33
35965,18,34
35966,18,35
35967,18,36
35968,17,34
35969,18,33
35970,18,37
35971,18,35
35972,18,34
35973,18,33
35974,18,35
35975,17,36
35976,17,36
35977,17,33
35978,18,36
35979,17,36
35980,18,35
35981,18,35
35982,18,32
35983,18,35
35984,17,36
35985,18,36
35986,18,36
35987,18,34
35988,18,34
35989,18,36
35990,17,33
35991,18,35
35992,18,35
35993,18,36
35994,17,34
35995,18,33
35996,17,35
35997,18,34
35998,18,33
35999,17,34
36000,18,35
36001,18,36
36002,18,36
36003,18,34
36004,18,37
36005,18,34
36006,18,35
36007,18,34
36008,18,37
36009,18,34
36010,18,34
36011,17,35
36012,17,34
36013,18,36
36014,18,36
36015,17,35
36016,17,36
36017,18,35
36018,18,36
36019,18,35
36020,17,36
36021,18,35
36022,18,33
36023,18,34
36024,18,36
36025,18,37
36026,17,36
36027,18,36
36028,18,35
36029,18,35
36030,17,35
36031,17,35
36032,18,34
36033,18,37
36034,18,35
36035,18,35
36036,18,34
36037,18,36
36038,17,35
36039,18,34
36040,18,34
36041,18,35
36042,18,35
36043,18,34
36044,18,35
36045,18,36
36046,17,37
36047,18,35
36048,18,35
36049,18,35
36050,18,37
36051,17,34
36052,18,35
36053,18,37
36054,18,37
36055,18,35
36056,18,36
36057,17,36
36058,18,35
36059,18,34
36060,18,34
36061,18,36
36062,18,36
36063,18,34
36064,18,35
36065,17,34
36066,18,37
36067,18,35
36068,18,33
36069,18,35
36070,18,35
36071,18,36
36072,18,36
36073,18,35
36074,17,35
36075,18,36
36076,18,36
36077,18,36
36078,18,35
36079,18,35
36080,18,38
36081,17,36
36082,18,34
36083,18,36
36084,18,36
36085,18,36
36086,18,34
36087,18,36
36088,18,34
36089,18,33
36090,18,36
36091,17,34
36092,18,37
36093,18,35
36094,18,34
36095,18,35
36096,17,35
36097,18,36
36098,18,37
36099,17,32
36100,18,34
36101,18,38
36102,18,34
36103,18,34
36104,18,36
36105,18,36
36106,18,39
36107,18,34
36108,18,34
36109,18,34
36110,18,40
36111,18,36
36112,18,33
36113,18,35
36114,18,37
36115,18,34
36116,18,34
36117,18,34
36118,18,38
36119,18,34
36120,17,33
36121,17,34
36122,18,34
36123,18,34
36124,18,36
36125,18,36
36126,18,36
36127,18,37
36128,18,33
36129,17,37
36130,18,35
36131,18,36
36132,18,36
36133,17,35
36134,18,36
36135,18,37
36136,17,35
36137,18,34
36138,17,36
36139,18,35
36140,18,34
36141,17,36
36142,18,37
36143,18,36
36144,18,34
36145,17,36
36146,18,36
36147,18,35
36148,18,35
36149,18,35
36150,18,37
36151,18,35
36152,18,34
36153,18,36
36154,18,35
36155,18,36
36156,18,35
36157,18,36
36158,18,34
36159,18,33
36160,18,37
36161,18,34
36162,18,35
36163,18,35
36164,18,35
36165,18,37
36166,18,35
36167,18,35
36168,17,36
36169,17,36
36170,18,34
36171,18,35
36172,18,36
36173,18,35
36174,18,34
36175,18,35
36176,18,37
36177,18,35
36178,18,35
36179,18,36
36180,18,36
36181,18,34
36182,18,35
36183,18,33
36184,18,34
36185,18,34
36186,18,35
36187,18,36
36188,18,34
36189,18,33
36190,18,34
36191,18,37
36192,18,36
36193,18,35
36194,18,35
36195,18,36
36196,18,36
36197,18,34
36198,18,36
36199,18,35
36200,18,34
36201,18,36
36202,18,34
36203,18,35
36204,18,35
36205,17,34
36206,18,35
36207,18,37
36208,18,35
36209,17,34
36210,18,36
36211,17,35
36212,18,36
36213,18,35
36214,18,34
36215,18,34
36216,18,35
36217,18,37
36218,18,34
36219,18,36
36220,18,34
36221,17,34
36222,17,33
36223,18,34
36224,18,37
36225,18,35
36226,18,36
36227,17,36
36228,18,36
36229,18,34
36230,18,36
36231,18,36
36232,18,35
36233,18,34
36234,18,38
36235,18,36
36236,18,35
36237,18,35
36238,18,37
36239,18,36
36240,18,36
36241,18,33
36242,18,34
36243,18,35
36244,18,37
36245,18,36
36246,17,37
36247,17,36
36248,18,36
36249,18,35
36250,18,35
36251,18,34
36252,18,36
36253,18,37
36254,18,35
36255,18,35
36256,18,34
36257,18,33
36258,18,34
36259,18,39
36260,18,37
36261,18,33
36262,18,35
36263,18,38
36264,18,36
36265,18,37
36266,17,35
36267,18,38
36268,18,36
36269,18,36
36270,18,34
36271,18,36
36272,18,34
36273,17,34
36274,18,35
36275,18,36
36276,18,36
36277,18,34
36278,18,35
36279,17,35
36280,18,34
36281,18,36
36282,18,35
36283,18,36
36284,17,33
36285,18,35
36286,18,35
36287,18,36
36288,18,36
36289,18,35
36290,17,36
36291,18,37
36292,18,32
36293,18,34
36294,18,33
36295,18,35
36296,18,35
36297,18,37
36298,18,36
36299,18,36
36300,17,35
36301,17,35
36302,17,37
36303,18,35
36304,18,35
36305,18,35
36306,18,37
36307,18,35
36308,18,33
36309,18,33
36310,18,34
36311,18,35
36312,18,35
36313,18,35
36314,18,37
36315,18,36
36316,17,37
36317,18,36
36318,17,35
36319,18,38
36320,18,37
36321,17,34
36322,18,34
36323,18,37
36324,18,40
36325,18,38
36326,18,37
36327,18,34
36328,18,38
36329,17,35
36330,18,37
36331,18,34
36332,18,35
36333,18,34
36334,18,35
36335,18,34
36336,17,34
36337,18,35
36338,18,36
36339,18,36
36340,17,34
36341,18,33
36342,18,35
36343,18,35
36344,17,35
36345,18,37
36346,17,37
36347,18,33
36348,18,34
36349,18,37
36350,17,34
36351,18,37
36352,18,34
36353,18,33
36354,18,35
36355,18,33
36356,18,36
36357,18,39
36358,18,35
36359,18,35
36360,18,35
36361,18,35
36362,18,36
36363,18,33
36364,18,34
36365,18,36
36366,18,35
36367,18,35
36368,18,35
36369,18,36
36370,18,36
36371,18,34
36372,18,36
36373,17,36
36374,18,36
36375,18,35
36376,18,35
36377,18,35
36378,18,36
36379,18,35
36380,18,35
36381,18,35
36382,18,35
36383,18,36
36384,18,37
36385,18,36
36386,18,35
36387,17,34
36388,18,34
36389,18,34
36390,18,35
36391,18,35
36392,18,34
36393,18,37
36394,18,34
36395,18,35
36396,18,35
36397,18,34
36398,18,34
36399,18,34
36400,18,36
36401,18,34
36402,17,36
36403,18,36
36404,18,35
36405,18,38
36406,18,37
36407,17,34
36408,18,37
36409,17,38
36410,18,36
36411,17,34
36412,18,36
36413,18,33
36414,18,37
36415,18,34
36416,18,37
36417,18,34
36418,18,36
36419,18,35
36420,18,35
36421,18,35
36422,17,33
36423,18,36
36424,18,33
36425,17,38
36426,18,35
36427,18,35
36428,18,34
36429,18,37
36430,18,35
36431,18,36
36432,18,35
36433,17,39
36434,18,36
36435,17,35
36436,17,36
36437,17,34
36438,18,36
36439,18,35
36440,18,34
36441,18,35
36442,18,34
36443,18,35
36444,17,35
36445,18,34
36446,18,34
36447,18,34
36448,18,35
36449,18,33
36450,18,35
36451,18,35
36452,18,36
36453,18,36
36454,17,34
36455,17,36
36456,18,34
36457,18,38
36458,18,37
36459,18,36
36460,18,38
36461,18,34
36462,18,37
36463,18,36
36464,17,38
36465,18,33
36466,18,35
36467,18,34
36468,18,39
36469,18,33
36470,18,35
36471,17,33
36472,18,38
36473,18,34
36474,18,35
36475,18,34
36476,18,34
36477,18,34
36478,18,35
36479,17,36
36480,18,36
36481,18,36
36482,18,34
36483,18,37
36484,18,34
36485,18,38
36486,17,35
36487,17,33
36488,17,35
36489,18,35
36490,18,36
36491,17,34
36492,18,33
36493,18,33
36494,17,37
36495,18,35
36496,18,34
36497,17,35
36498,18,34
36499,18,34
36500,18,33
36501,17,33
36502,17,35
36503,18,34
36504,17,34
36505,17,34
36506,17,36
36507,18,34
36508,18,35
36509,18,37
36510,18,36
36511,18,35
36512,18,35
36513,18,34
36514,18,34
36515,18,36
36516,18,34
36517,18,34
36518,18,37
36519,18,34
36520,18,36
36521,18,36
36522,18,34
36523,17,35
36524,18,35
36525,18,36
36526,18,35
36527,17,36
36528,18,33
36529,18,34
36530,18,35
36531,17,34
36532,18,34
36533,18,36
36534,18,35
36535,18,35
36536,18,34
36537,18,36
36538,17,35
36539,18,35
36540,18,34
36541,18,34
36542,18,34
36543,18,36
36544,18,34
36545,18,35
36546,18,36
36547,18,34
36548,18,36
36549,17,35
36550,17,36
36551,17,34
36552,18,35
36553,18,35
36554,18,33
36555,18,37
36556,18,35
36557,18,34
36558,18,36
36559,18,38
36560,18,34
36561,18,34
36562,18,37
36563,18,36
36564,18,36
36565,18,36
36566,18,34
36567,18,34
36568,18,34
36569,18,34
36570,18,36
36571,18,35
36572,18,33
36573,18,33
36574,18,34
36575,18,37
36576,18,37
36577,18,34
36578,17,37
36579,18,34
36580,18,35
36581,18,37
36582,18,35
36583,18,38
36584,17,36
36585,18,35
36586,17,35
36587,18,36
36588,18,33
36589,18,34
36590,18,33
36591,18,35
36592,18,34
36593,18,32
36594,18,37
36595,17,34
36596,18,34
36597,18,33
36598,18,36
36599,18,36
36600,18,35
36601,18,36
36602,18,35
36603,18,37
36604,18,36
36605,18,34
36606,18,34
36607,18,34
36608,18,36
36609,18,36
36610,17,35
36611,18,33
36612,18,38
36613,18,36
36614,18,33
36615,18,35
36616,17,37
36617,18,35
36618,18,34
36619,18,35
36620,18,34
36621,17,35
36622,18,35
36623,18,36
36624,18,36
36625,18,35
36626,18,36
36627,17,36
36628,17,37
36629,18,33
36630,17,35
36631,18,35
36632,17,36
36633,18,35
36634,18,35
36635,18,36
36636,18,38
36637,18,35
36638,17,34
36639,17,37
36640,18,33
36641,18,35
36642,18,34
36643,18,34
36644,17,34
36645,18,35
36646,18,35
36647,18,35
36648,18,35
36649,18,34
36650,18,34
36651,18,33
36652,18,37
36653,18,35
36654,18,37
36655,18,35
36656,18,36
36657,18,36
36658,17,35
36659,18,33
36660,18,37
36661,18,34
36662,18,34
36663,18,34
36664,18,33
36665,18,35
36666,18,37
36667,18,37
36668,18,36
36669,18,35
36670,18,37
36671,18,34
36672,18,33
36673,18,35
36674,18,34
36675,18,34
36676,18,32
36677,18,37
36678,18,35
36679,18,35
36680,18,36
36681,18,36
36682,18,36
36683,18,34
36684,18,35
36685,18,36
36686,18,33
36687,17,33
36688,18,34
36689,18,34
36690,18,36
36691,18,35
36692,18,34
36693,18,34
36694,18,35
36695,18,35
36696,18,36
36697,18,35
36698,18,35
36699,17,33
36700,18,34
36701,18,32
36702,17,36
36703,17,35
36704,18,34
36705,18,35
36706,18,34
36707,18,35
36708,18,37
36709,18,36
36710,18,36
36711,18,36
36712,18,33
36713,17,33
36714,18,35
36715,17,35
36716,18,37
36717,18,35
36718,18,34
36719,18,32
36720,18,37
36721,18,35
36722,17,36
36723,18,36
36724,17,35
36725,17,34
36726,17,37
36727,18,35
36728,18,35
36729,18,36
36730,18,37
36731,18,35
36732,17,34
36733,18,34
36734,18,38
36735,18,34
36736,18,34
36737,18,38
36738,18,35
36739,18,36
36740,18,36
36741,18,35
36742,18,34
36743,18,35
36744,18,35
36745,18,37
36746,18,34
36747,18,33
36748,18,34
36749,18,37
36750,18,35
36751,18,34
36752,18,34
36753,18,36
36754,18,33
36755,18,35
36756,17,35
36757,18,36
36758,18,35
36759,17,36
36760,18,34
36761,18,38
36762,18,38
36763,17,33
36764,18,34
36765,18,34
36766,18,34
36767,18,35
36768,18,36
36769,18,37
36770,18,36
36771,18,34
36772,17,34
36773,18,35
36774,18,36
36775,18,37
36776,17,37
36777,18,37
36778,18,34
36779,18,35
36780,18,35
36781,18,34
36782,18,35
36783,17,38
36784,17,36
36785,18,35
36786,18,34
36787,18,36
36788,18,36
36789,18,37
36790,18,35
36791,17,36
36792,18,35
36793,18,35
36794,17,37
36795,18,37
36796,18,35
36797,18,35
36798,18,36
36799,18,34
36800,17,36
36801,18,36
36802,18,36
36803,18,34
36804,18,33
36805,18,38
36806,18,35
36807,18,36
36808,18,35
36809,18,36
36810,18,35
36811,18,35
36812,18,35
36813,18,35
36814,18,38
36815,18,35
36816,18,35
36817,18,37
36818,18,38
36819,17,34
36820,18,34
36821,18,34
36822,18,37
36823,17,35
36824,18,37
36825,18,35
36826,18,34
36827,18,35
36828,18,37
36829,18,35
36830,18,35
36831,18,36
36832,18,35
36833,18,37
36834,17,35
36835,17,34
36836,18,37
36837,18,34
36838,18,33
36839,18,34
36840,18,37
36841,18,34
36842,18,35
36843,18,36
36844,18,35
36845,18,34
36846,18,36
36847,18,37
36848,18,34
36849,18,35
36850,17,34
36851,17,35
36852,18,34
36853,18,35
36854,18,36
36855,17,35
36856,18,37
36857,18,36
36858,17,36
36859,18,36
36860,18,34
36861,18,39
36862,18,36
36863,17,36
36864,18,35
36865,18,34
36866,17,37
36867,18,35
36868,18,35
36869,18,36
36870,18,34
36871,18,34
36872,18,33
36873,18,35
36874,17,35
36875,18,35
36876,18,35
36877,18,34
36878,18,34
36879,18,34
36880,18,36
36881,18,35
36882,18,36
36883,18,37
36884,18,36
36885,18,34
36886,18,34
36887,17,35
36888,18,37
36889,18,36
36890,18,37
36891,18,36
36892,18,35
36893,17,38
36894,18,35
36895,18,35
36896,18,36
36897,18,34
36898,18,37
36899,18,36
36900,18,34
36901,18,34
36902,18,36
36903,18,35
36904,18,35
36905,18,37
36906,18,36
36907,18,36
36908,17,35
36909,18,34
36910,18,32
36911,18,34
36912,18,35
36913,18,36
36914,18,33
36915,18,35
36916,17,36
36917,18,35
36918,18,37
36919,18,36
36920,17,35
36921,18,37
36922,18,36
36923,18,35
36924,18,35
36925,18,37
36926,18,35
36927,17,35
36928,18,33
36929,18,36
36930,18,36
36931,18,36
36932,18,35
36933,18,37
36934,18,34
36935,18,35
36936,18,35
36937,18,36
36938,18,36
36939,18,36
36940,18,33
36941,18,38
36942,18,37
36943,18,36
36944,17,36
36945,18,36
36946,18,33
36947,18,34
36948,18,35
36949,18,34
36950,18,35
36951,18,34
36952,18,36
36953,18,34
36954,18,36
36955,18,37
36956,18,35
36957,18,36
36958,18,34
36959,18,37
36960,18,37
36961,18,35
36962,18,34
36963,18,35
36964,17,33
36965,18,34
36966,18,35
36967,18,34
36968,18,34
36969,18,35
36970,18,35
36971,18,38
36972,18,34
36973,18,37
36974,18,34
36975,18,36
36976,18,34
36977,18,37
36978,18,36
36979,18,37
36980,18,35
36981,18,33
36982,18,35
36983,18,36
36984,18,34
36985,18,35
36986,18,35
36987,18,36
36988,18,35
36989,18,36
36990,18,35
36991,18,35
36992,18,35
36993,17,37
36994,18,36
36995,18,36
36996,18,35
36997,18,35
36998,18,35
36999,17,35
37000,18,35
37001,18,36
37002,18,35
37003,18,35
37004,18,35
37005,18,37
37006,18,36
37007,18,35
37008,18,34
37009,18,35
37010,18,36
37011,18,35
37012,18,35
37013,18,33
37014,18,34
37015,18,33
37016,18,35
37017,18,36
37018,18,34
37019,18,36
37020,18,34
37021,18,37
37022,18,36
37023,18,34
37024,18,36
37025,18,35
37026,18,34
37027,18,37
37028,18,37
37029,18,34
37030,18,36
37031,18,34
37032,17,36
37033,18,35
37034,18,35
37035,18,36
37036,18,34
37037,18,36
37038,18,35
37039,18,36
37040,18,36
37041,18,36
37042,18,36
37043,18,36
37044,18,40
37045,18,33
37046,18,37
37047,18,36
37048,18,36
37049,18,35
37050,18,33
37051,18,35
37052,18,34
37053,18,36
37054,18,35
37055,18,34
37056,18,32
37057,18,35
37058,18,37
37059,18,33
37060,18,33
37061,18,36
37062,18,35
37063,18,35
37064,18,35
37065,17,37
37066,18,35
37067,18,36
37068,18,35
37069,18,37
37070,17,35
37071,18,32
37072,18,37
37073,17,36
37074,18,35
37075,17,33
37076,17,35
37077,18,36
37078,18,37
37079,18,35
37080,18,33
37081,18,36
37082,18,38
37083,18,35
37084,18,36
37085,18,34
37086,18,37
37087,18,35
37088,18,33
37089,17,35
37090,18,34
37091,18,34
37092,17,36
37093,17,35
37094,18,34
37095,18,35
37096,18,38
37097,18,34
37098,18,36
37099,18,34
37100,18,36
37101,18,34
37102,18,36
37103,18,34
37104,18,36
37105,18,34
37106,18,34
37107,17,35
37108,18,32
37109,18,36
37110,18,37
37111,18,33
37112,18,35
37113,18,34
37114,18,34
37115,18,37
37116,18,36
37117,18,36
37118,18,35
37119,18,36
37120,18,33
37121,18,37
37122,18,33
37123,18,36
37124,18,37
37125,18,36
37126,18,37
37127,18,34
37128,18,35
37129,18,37
37130,18,35
37131,18,35
37132,18,35
37133,18,35
37134,18,35
37135,18,33
37136,17,34
37137,18,34
37138,18,35
37139,17,35
37140,18,35
37141,18,36
37142,18,34
37143,18,36
37144,18,35
37145,18,36
37146,18,34
37147,18,35
37148,18,37
37149,17,37
37150,18,37
37151,18,35
37152,18,34
37153,17,36
37154,18,37
37155,18,35
37156,18,37
37157,18,36
37158,18,38
37159,18,35
37160,17,34
37161,18,34
37162,18,34
37163,18,36
37164,18,36
37165,18,35
37166,18,36
37167,18,36
37168,18,33
37169,18,36
37170,18,34
37171,18,34
37172,18,37
37173,18,34
37174,18,33
37175,18,33
37176,18,37
37177,18,33
37178,18,38
37179,18,36
37180,18,36
37181,18,36
37182,18,34
37183,18,37
37184,18,36
37185,18,34
37186,18,36
37187,18,36
37188,18,38
37189,18,35
37190,18,35
37191,18,34
37192,18,36
37193,18,35
37194,18,34
37195,18,35
37196,18,34
37197,18,33
37198,18,35
37199,17,34
37200,17,34
37201,18,33
37202,18,33
37203,18,36
37204,18,36
37205,18,37
37206,18,33
37207,18,36
37208,17,37
37209,18,35
37210,18,34
37211,18,34
37212,18,37
37213,18,36
37214,18,34
37215,18,33
37216,18,36
37217,18,35
37218,18,34
37219,18,38
37220,18,35
37221,18,35
37222,18,34
37223,18,36
37224,18,36
37225,18,35
37226,18,34
37227,17,39
37228,18,36
37229,17,36
37230,18,35
37231,18,37
37232,18,33
37233,18,35
37234,18,35
37235,18,34
37236,18,35
37237,18,36
37238,18,34
37239,18,35
37240,18,37
37241,18,33
37242,18,33
37243,18,35
37244,18,35
37245,18,36
37246,18,33
37247,18,36
37248,18,34
37249,18,33
37250,17,34
37251,18,37
37252,18,36
37253,18,37
37254,18,35
37255,18,38
37256,18,34
37257,18,34
37258,18,36
37259,17,35
37260,18,36
37261,18,35
37262,18,36
37263,18,36
37264,18,37
37265,18,36
37266,18,37
37267,18,34
37268,18,36
37269,18,35
37270,18,35
37271,18,36
37272,17,34
37273,18,38
37274,18,35
37275,18,36
37276,18,34
37277,18,33
37278,18,33
37279,18,36
37280,18,35
37281,18,35
37282,18,35
37283,18,36
37284,18,35
37285,18,33
37286,18,35
37287,18,36
37288,18,36
37289,18,35
37290,18,36
37291,18,35
37292,18,37
37293,18,35
37294,18,35
37295,18,34
37296,17,36
37297,18,35
37298,18,35
37299,17,34
37300,17,34
37301,18,35
37302,18,36
37303,18,35
37304,18,36
37305,17,35
37306,18,36
37307,18,35
37308,18,32
37309,18,34
37310,18,35
37311,18,33
37312,18,36
37313,18,34
37314,18,38
37315,18,34
37316,18,35
37317,18,34
37318,18,36
37319,18,35
37320,18,36
37321,18,36
37322,18,33
37323,18,35
37324,18,36
37325,18,36
37326,17,34
37327,17,35
37328,18,36
37329,18,36
37330,18,37
37331,18,34
37332,18,35
37333,17,37
37334,18,38
37335,18,35
37336,17,37
37337,18,35
37338,18,34
37339,18,34
37340,18,35
37341,18,35
37342,18,35
37343,18,34
37344,18,38
37345,18,39
37346,18,33
37347,18,34
37348,18,34
37349,18,35
37350,18,32
37351,18,37
37352,18,37
37353,17,37
37354,18,36
37355,18,37
37356,18,34
37357,18,37
37358,18,34
37359,18,35
37360,18,36
37361,18,34
37362,18,34
37363,18,37
37364,18,34
37365,18,36
37366,18,35
37367,18,37
37368,18,36
37369,18,37
37370,17,36
37371,18,37
37372,18,37
37373,18,40
37374,18,35
37375,18,36
37376,18,36
37377,18,34
37378,17,37
37379,18,35
37380,18,35
37381,18,33
37382,18,36
37383,18,34
37384,18,34
37385,18,36
37386,18,36
37387,18,37
37388,18,37
37389,18,34
37390,18,36
37391,18,36
37392,18,35
37393,18,34
37394,18,37
37395,18,35
37396,18,37
37397,18,34
37398,18,35
37399,18,37
37400,18,37
37401,18,35
37402,18,35
37403,18,37
37404,18,34
37405,18,36
37406,18,36
37407,18,34
37408,18,35
37409,18,39
37410,18,38
37411,18,34
37412,18,36
37413,18,33
37414,18,34
37415,18,34
37416,18,36
37417,18,35
37418,18,35
37419,18,35
37420,18,34
37421,18,37
37422,18,37
37423,18,37
37424,18,36
37425,18,36
37426,18,35
37427,17,35
37428,18,36
37429,18,36
37430,18,35
37431,18,38
37432,18,35
37433,18,39
37434,18,35
37435,17,35
37436,18,34
37437,18,34
37438,17,35
37439,17,36
37440,18,34
37441,18,36
37442,18,34
37443,17,35
37444,18,33
37445,17,38
37446,18,36
37447,18,37
37448,18,35
37449,18,34
37450,18,37
37451,18,37
37452,18,36
37453,18,33
37454,18,35
37455,18,36
37456,18,37
37457,18,35
37458,18,35
37459,18,36
37460,17,36
37461,18,34
37462,18,34
37463,18,35
37464,17,35
37465,18,35
37466,18,36
37467,18,37
37468,18,38
37469,18,34
37470,18,35
37471,18,36
37472,18,36
37473,18,34
37474,18,37
37475,18,36
37476,17,34
37477,18,36
37478,18,34
37479,18,36
37480,17,35
37481,18,34
37482,18,34
37483,18,34
37484,18,35
37485,18,37
37486,18,34
37487,18,35
37488,18,36
37489,18,36
37490,18,35
37491,18,35
37492,18,34
37493,18,36
37494,18,35
37495,18,35
37496,18,35
37497,18,35
37498,18,35
37499,17,34
37500,18,35
37501,18,36
37502,18,34
37503,18,33
37504,18,37
37505,18,39
37506,18,34
37507,18,35
37508,17,34
37509,18,36
37510,18,33
37511,18,33
37512,18,36
37513,18,34
37514,18,36
37515,18,36
37516,18,39
37517,17,33
37518,18,34
37519,18,35
37520,18,36
37521,18,37
37522,18,36
37523,18,37
37524,18,36
37525,17,36
37526,18,33
37527,18,37
37528,17,37
37529,18,34
37530,18,35
37531,18,36
37532,18,35
37533,18,36
37534,18,36
37535,18,37
37536,18,38
37537,18,36
37538,17,34
37539,18,36
37540,18,33
37541,18,36
37542,18,38
37543,18,34
37544,18,36
37545,18,34
37546,18,37
37547,18,36
37548,17,34
37549,18,35
37550,18,35
37551,18,36
37552,17,38
37553,18,32
37554,18,36
37555,18,35
37556,18,35
37557,18,36
37558,18,37
37559,18,35
37560,18,36
37561,18,34
37562,18,37
37563,18,33
37564,18,36
37565,18,34
37566,18,36
37567,18,36
37568,18,35
37569,18,35
37570,18,35
37571,18,34
37572,17,34
37573,18,38
37574,18,35
37575,18,36
37576,18,34
37577,18,34
37578,17,36
37579,18,35
37580,18,35
37581,18,35
37582,18,35
37583,18,34
37584,18,37
37585,18,34
37586,18,34
37587,18,37
37588,18,34
37589,18,35
37590,18,36
37591,18,36
37592,18,36
37593,18,35
37594,18,35
37595,18,35
37596,18,34
37597,18,34
37598,18,33
37599,18,35
37600,18,33
37601,18,35
37602,18,35
37603,18,38
37604,18,35
37605,18,36
37606,18,36
37607,18,36
37608,18,35
37609,18,35
37610,18,35
37611,18,36
37612,18,36
37613,18,35
37614,18,36
37615,18,37
37616,18,34
37617,18,35
37618,18,36
37619,18,40
37620,18,34
37621,18,36
37622,18,36
37623,18,34
37624,18,35
37625,18,36
37626,18,36
37627,18,35
37628,18,35
37629,18,35
37630,18,39
37631,18,37
37632,18,35
37633,18,34
37634,18,36
37635,17,36
37636,17,34
37637,18,38
37638,18,35
37639,18,38
37640,18,35
37641,18,35
37642,18,35
37643,18,34
37644,18,35
37645,18,36
37646,18,36
37647,18,33
37648,18,36
37649,18,34
37650,18,35
37651,18,36
37652,18,35
37653,18,36
37654,18,36
37655,18,36
37656,18,35
37657,18,36
37658,18,35
37659,18,36
37660,18,34
37661,18,37
37662,18,35
37663,18,35
37664,18,37
37665,18,36
37666,18,36
37667,18,38
37668,18,34
37669,18,34
37670,17,36
37671,18,35
37672,18,35
37673,18,38
37674,18,37
37675,18,34
37676,18,36
37677,18,34
37678,18,34
37679,18,36
37680,18,34
37681,17,35
37682,18,36
37683,18,35
37684,18,40
37685,18,34
37686,18,36
37687,18,35
37688,18,36
37689,18,35
37690,18,36
37691,18,36
37692,18,36
37693,18,36
37694,18,36
37695,18,37
37696,18,34
37697,18,35
37698,18,37
37699,18,35
37700,18,36
37701,18,35
37702,18,35
37703,18,36
37704,18,38
37705,18,36
37706,18,36
37707,18,36
37708,18,36
37709,18,35
37710,18,34
37711,18,34
37712,18,34
37713,18,35
37714,18,36
37715,18,35
37716,18,36
37717,18,37
37718,18,35
37719,18,35
37720,18,40
37721,18,36
37722,18,36
37723,18,36
37724,18,36
37725,18,36
37726,18,36
37727,18,35
37728,18,34
37729,18,35
37730,18,36
37731,18,32
37732,18,36
37733,18,36
37734,18,34
37735,18,34
37736,18,36
37737,18,36
37738,18,33
37739,18,34
37740,18,36
37741,18,36
37742,18,33
37743,18,36
37744,18,34
37745,18,34
37746,18,34
37747,18,33
37748,18,34
37749,18,35
37750,18,34
37751,18,36
37752,18,36
37753,18,35
37754,18,36
37755,18,36
37756,18,34
37757,18,36
37758,18,32
37759,18,34
37760,17,36
37761,18,36
37762,18,36
37763,18,36
37764,18,33
37765,18,33
37766,18,35
37767,18,38
37768,17,35
37769,18,34
37770,18,35
37771,18,37
37772,18,34
37773,18,36
37774,18,35
37775,18,37
37776,18,34
37777,18,34
37778,18,35
37779,18,34
37780,18,35
37781,18,33
37782,18,35
37783,18,36
37784,18,37
37785,18,36
37786,18,35
37787,18,36
37788,18,35
37789,18,35
37790,18,36
37791,18,35
37792,18,36
37793,18,35
37794,18,34
37795,18,35
37796,18,36
37797,18,35
37798,18,34
37799,18,35
37800,18,35
37801,18,36
37802,18,35
37803,17,34
37804,18,35
37805,18,35
37806,18,35
37807,18,36
37808,18,34
37809,18,35
37810,18,36
37811,18,37
37812,18,35
37813,18,37
37814,18,35
37815,18,37
37816,18,35
37817,18,38
37818,18,38
37819,18,36
37820,18,35
37821,18,32
37822,18,33
37823,18,36
37824,18,36
37825,18,35
37826,18,34
37827,18,36
37828,18,34
37829,18,36
37830,18,35
37831,18,38
37832,18,34
37833,18,37
37834,18,35
37835,18,34
37836,18,36
37837,18,36
37838,18,35
37839,18,36
37840,18,35
37841,18,33
37842,18,34
37843,18,36
37844,18,33
37845,17,34
37846,18,35
37847,18,35
37848,18,36
37849,18,36
37850,18,34
37851,18,36
37852,18,35
37853,18,33
37854,18,37
37855,18,34
37856,18,37
37857,18,35
37858,18,34
37859,18,35
37860,18,35
37861,18,38
37862,18,36
37863,18,36
37864,18,36
37865,18,34
37866,18,37
37867,18,39
37868,18,34
37869,18,33
37870,18,34
37871,18,35
37872,18,34
37873,18,36
37874,17,35
37875,18,36
37876,18,35
37877,18,35
37878,18,34
37879,18,35
37880,18,37
37881,18,35
37882,18,35
37883,18,35
37884,18,34
37885,18,34
37886,18,36
37887,18,35
37888,18,37
37889,18,37
37890,18,38
37891,17,35
37892,18,34
37893,18,36
37894,18,35
37895,18,36
37896,18,37
37897,18,36
37898,18,35
37899,18,35
37900,18,39
37901,18,35
37902,17,35
37903,18,35
37904,18,34
37905,18,35
37906,18,35
37907,18,36
37908,18,33
37909,17,35
37910,18,35
37911,18,37
37912,18,36
37913,18,35
37914,18,37
37915,18,34
37916,18,34
37917,18,39
37918,18,37
37919,18,34
37920,18,35
37921,18,36
37922,18,35
37923,18,36
37924,18,34
37925,18,36
37926,18,35
37927,18,37
37928,18,34
37929,18,36
37930,18,38
37931,18,35
37932,18,34
37933,18,35
37934,18,36
37935,18,34
37936,18,35
37937,17,35
37938,18,36
37939,18,35
37940,18,34
37941,18,36
37942,18,33
37943,18,36
37944,18,36
37945,18,37
37946,18,35
37947,18,34
37948,18,36
37949,18,35
37950,18,35
37951,18,34
37952,18,38
37953,17,33
37954,17,35
37955,18,39
37956,18,36
37957,18,37
37958,18,38
37959,18,36
37960,18,36
37961,18,34
37962,18,35
37963,18,35
37964,18,38
37965,18,34
37966,18,36
37967,18,35
37968,18,33
37969,18,35
37970,18,34
37971,18,36
37972,18,35
37973,18,36
37974,18,37
37975,18,34
37976,18,36
37977,18,34
37978,18,35
37979,18,34
37980,18,35
37981,18,37
37982,18,35
37983,18,34
37984,18,34
37985,18,36
37986,17,35
37987,18,34
37988,18,39
37989,18,37
37990,18,35
37991,18,35
37992,18,33
37993,18,37
37994,18,34
37995,18,33
37996,18,35
37997,18,36
37998,18,35
37999,18,35
38000,18,35
38001,18,35
38002,18,36
38003,18,36
38004,18,33
38005,17,36
38006,18,34
38007,18,36
38008,18,36
38009,18,36
38010,18,34
38011,18,35
38012,18,35
38013,18,36
38014,18,34
38015,18,36
38016,18,37
38017,18,34
38018,18,36
38019,18,33
38020,18,34
38021,18,35
38022,18,34
38023,18,37
38024,18,38
38025,18,35
38026,18,35
38027,17,35
38028,18,35
38029,18,37
38030,18,35
38031,18,36
38032,18,35
38033,18,35
38034,18,35
38035,18,35
38036,18,37
38037,18,35
38038,18,35
38039,18,35
38040,18,38
38041,18,37
38042,18,34
38043,18,34
38044,18,35
38045,18,34
38046,18,34
38047,18,35
38048,18,36
38049,18,37
38050,18,34
38051,18,37
38052,18,35
38053,17,35
38054,18,35
38055,18,37
38056,18,39
38057,17,34
38058,18,34
38059,18,35
38060,18,36
38061,18,36
38062,18,36
38063,18,33
38064,18,33
38065,18,35
38066,18,35
38067,18,38
38068,18,36
38069,18,34
38070,18,36
38071,18,36
38072,18,36
38073,18,35
38074,18,34
38075,18,34
38076,18,34
38077,18,35
38078,18,35
38079,18,36
38080,18,34
38081,18,36
38082,17,37
38083,18,35
38084,18,37
38085,18,35
38086,18,35
38087,18,35
38088,18,36
38089,18,36
38090,18,36
38091,18,34
38092,18,36
38093,18,35
38094,18,35
38095,18,35
38096,18,35
38097,18,35
38098,18,34
38099,18,37
38100,18,38
38101,18,36
38102,18,36
38103,18,37
38104,18,34
38105,18,34
38106,18,34
38107,18,35
38108,18,34
38109,18,37
38110,18,36
38111,18,35
38112,18,35
38113,18,35
38114,18,35
38115,18,37
38116,18,34
38117,18,37
38118,18,37
38119,18,37
38120,18,36
38121,18,34
38122,18,34
38123,18,36
38124,18,37
38125,17,36
38126,18,35
38127,18,36
38128,18,34
38129,18,36
38130,18,36
38131,18,36
38132,18,34
38133,18,36
38134,18,34
38135,18,36
38136,18,35
38137,18,32
38138,17,40
38139,18,36
38140,18,38
38141,18,36
38142,18,34
38143,17,37
38144,18,34
38145,17,36
38146,18,37
38147,18,34
38148,18,35
38149,18,34
38150,18,35
38151,18,36
38152,18,35
38153,18,37
38154,18,34
38155,18,34
38156,18,36
38157,18,37
38158,18,36
38159,18,36
38160,18,36
38161,18,34
38162,18,36
38163,18,36
38164,18,35
38165,18,34
38166,18,35
38167,18,37
38168,18,35
38169,18,37
38170,17,33
38171,18,35
38172,17,36
38173,18,34
38174,18,35
38175,18,36
38176,18,33
38177,18,35
38178,18,35
38179,18,35
38180,18,35
38181,18,35
38182,18,35
38183,17,36
38184,18,35
38185,18,34
38186,18,33
38187,17,37
38188,18,35
38189,18,34
38190,18,33
38191,18,35
38192,18,37
38193,18,36
38194,18,36
38195,18,35
38196,17,34
38197,18,35
38198,18,33
38199,18,35
38200,18,36
38201,18,35
38202,18,36
38203,18,35
38204,18,33
38205,18,35
38206,18,35
38207,18,37
38208,18,36
38209,18,34
38210,18,35
38211,18,33
38212,18,35
38213,17,36
38214,18,36
38215,18,37
38216,18,35
38217,18,37
38218,18,35
38219,18,34
38220,18,36
38221,18,33
38222,18,35
38223,18,34
38224,18,34
38225,18,34
38226,18,38
38227,18,34
38228,18,35
38229,18,34
38230,18,38
38231,18,36
38232,18,35
38233,18,35
38234,18,34
38235,18,34
38236,18,33
38237,18,34
38238,18,33
38239,18,36
38240,18,36
38241,18,35
38242,18,34
38243,18,36
38244,18,36
38245,18,37
38246,18,34
38247,18,36
38248,18,37
38249,17,38
38250,18,34
38251,18,34
38252,18,34
38253,18,36
38254,18,33
38255,18,34
38256,18,36
38257,18,37
38258,18,35
38259,18,36
38260,18,36
38261,18,37
38262,18,35
38263,18,36
38264,18,35
38265,18,34
38266,18,35
38267,18,36
38268,18,35
38269,18,34
38270,18,34
38271,18,35
38272,18,35
38273,18,37
38274,18,36
38275,18,36
38276,18,37
38277,18,36
38278,18,36
38279,18,38
38280,17,36
38281,18,35
38282,18,35
38283,18,34
38284,18,33
38285,18,36
38286,18,35
38287,18,39
38288,18,37
38289,18,38
38290,18,34
38291,18,36
38292,18,37
38293,18,36
38294,18,36
38295,18,35
38296,18,35
38297,18,35
38298,18,35
38299,18,35
38300,18,33
38301,18,33
38302,18,35
38303,18,36
38304,18,36
38305,18,38
38306,18,34
38307,18,35
38308,18,34
38309,18,37
38310,18,36
38311,18,33
38312,18,36
38313,18,34
38314,18,36
38315,18,37
38316,18,37
38317,18,38
38318,18,36
38319,18,37
38320,18,33
38321,18,34
38322,18,37
38323,18,35
38324,18,36
38325,18,35
38326,18,35
38327,18,36
38328,18,35
38329,18,36
38330,18,36
38331,18,36
38332,18,34
38333,18,35
38334,18,35
38335,18,39
38336,18,34
38337,18,36
38338,18,34
38339,18,34
38340,18,37
38341,18,37
38342,18,34
38343,18,39
38344,18,36
38345,18,34
38346,18,36
38347,18,35
38348,18,36
38349,18,33
38350,18,35
38351,18,36
38352,18,36
38353,18,36
38354,18,36
38355,18,35
38356,18,35
38357,18,34
38358,18,35
38359,18,36
38360,18,33
38361,18,35
38362,18,36
38363,18,35
38364,18,35
38365,18,38
38366,18,35
38367,17,35
38368,18,35
38369,18,37
38370,18,37
38371,18,37
38372,18,38
38373,18,35
38374,18,35
38375,18,35
38376,18,35
38377,18,35
38378,18,37
38379,18,34
38380,18,34
38381,18,36
38382,18,40
38383,17,35
38384,18,35
38385,18,35
38386,17,34
38387,18,36
38388,18,33
38389,18,34
38390,18,36
38391,18,35
38392,18,37
38393,18,37
38394,18,36
38395,18,35
38396,18,37
38397,18,34
38398,18,36
38399,18,37
38400,18,35
38401,18,34
38402,18,34
38403,17,35
38404,18,35
38405,18,35
38406,18,36
38407,18,39
38408,18,38
38409,18,33
38410,18,35
38411,18,35
38412,17,36
38413,18,37
38414,18,35
38415,18,34
38416,18,37
38417,18,36
38418,18,36
38419,18,35
38420,18,36
38421,18,35
38422,18,34
38423,18,35
38424,18,34
38425,18,33
38426,18,33
38427,18,35
38428,18,34
38429,18,37
38430,18,37
38431,18,35
38432,18,36
38433,18,35
38434,18,36
38435,18,36
38436,18,35
38437,17,36
38438,18,36
38439,18,34
38440,18,35
38441,18,34
38442,18,37
38443,18,35
38444,18,35
38445,18,35
38446,18,34
38447,18,36
38448,18,35
38449,18,34
38450,18,35
38451,18,34
38452,18,36
38453,18,36
38454,18,34
38455,18,35
38456,18,38
38457,18,38
38458,18,36
38459,18,36
38460,18,35
38461,18,36
38462,18,35
38463,18,34
38464,18,36
38465,18,36
38466,18,34
38467,18,36
38468,18,37
38469,18,35
38470,18,37
38471,18,35
38472,18,34
38473,18,38
38474,18,35
38475,18,34
38476,18,34
38477,18,39
38478,18,36
38479,18,35
38480,18,37
38481,18,35
38482,18,36
38483,18,35
38484,18,34
38485,18,38
38486,18,36
38487,18,37
38488,17,35
38489,18,34
38490,18,34
38491,18,37
38492,18,35
38493,18,36
38494,18,34
38495,18,40
38496,18,37
38497,18,36
38498,18,35
38499,18,35
38500,18,35
38501,18,35
38502,18,35
38503,18,34
38504,18,36
38505,18,35
38506,18,35
38507,18,36
38508,18,36
38509,18,36
38510,18,35
38511,18,36
38512,18,36
38513,18,39
38514,18,37
38515,18,36
38516,18,34
38517,18,36
38518,18,34
38519,18,35
38520,18,36
38521,18,35
38522,18,36
38523,18,35
38524,18,35
38525,18,34
38526,18,36
38527,18,35
38528,18,34
38529,18,36
38530,18,36
38531,18,35
38532,18,35
38533,18,35
38534,18,35
38535,18,35
38536,18,36
38537,18,34
38538,18,36
38539,18,33
38540,18,35
38541,18,34
38542,18,36
38543,18,36
38544,18,34
38545,18,35
38546,18,36
38547,18,36
38548,18,36
38549,18,35
38550,18,36
38551,18,34
38552,18,36
38553,18,35
38554,18,36
38555,18,38
38556,18,34
38557,18,34
38558,18,37
38559,18,37
38560,18,35
38561,18,34
38562,18,34
38563,18,35
38564,18,33
38565,17,35
38566,18,34
38567,18,33
38568,18,36
38569,18,35
38570,18,35
38571,18,34
38572,18,35
38573,18,38
38574,18,33
38575,18,33
38576,18,35
38577,18,36
38578,18,37
38579,18,35
38580,18,37
38581,18,34
38582,18,34
38583,17,36
38584,18,35
38585,18,35
38586,18,36
38587,18,34
38588,18,34
38589,18,33
38590,18,38
38591,18,36
38592,18,34
38593,18,36
38594,18,36
38595,18,34
38596,18,35
38597,18,38
38598,18,35
38599,18,35
38600,17,35
38601,18,35
38602,18,37
38603,18,37
38604,18,36
38605,18,35
38606,18,36
38607,18,35
38608,18,36
38609,18,34
38610,18,34
38611,18,37
38612,18,36
38613,18,36
38614,18,35
38615,18,36
38616,18,37
38617,18,35
38618,18,35
38619,18,37
38620,18,35
38621,18,35
38622,18,37
38623,18,38
38624,18,34
38625,18,36
38626,18,35
38627,18,34
38628,17,38
38629,18,35
38630,18,34
38631,18,37
38632,18,34
38633,18,36
38634,18,35
38635,18,35
38636,18,37
38637,18,33
38638,18,36
38639,18,36
38640,18,36
38641,18,35
38642,17,34
38643,18,33
38644,18,35
38645,18,34
38646,18,33
38647,18,36
38648,18,35
38649,18,33
38650,18,35
38651,18,34
38652,18,36
38653,18,36
38654,18,37
38655,18,35
38656,18,36
38657,18,38
38658,18,36
38659,18,36
38660,18,36
38661,18,35
38662,18,36
38663,18,34
38664,18,34
38665,18,35
38666,18,36
38667,18,34
38668,18,38
38669,18,36
38670,18,36
38671,18,37
38672,18,36
38673,18,36
38674,18,34
38675,18,35
38676,18,36
38677,18,36
38678,18,35
38679,18,35
38680,18,33
38681,18,35
38682,18,34
38683,18,35
38684,18,34
38685,18,36
38686,18,36
38687,18,37
38688,18,34
38689,18,36
38690,18,36
38691,18,35
38692,18,36
38693,18,35
38694,18,34
38695,18,35
38696,18,35
38697,18,36
38698,18,36
38699,18,35
38700,18,36
38701,18,35
38702,18,35
38703,18,35
38704,18,33
38705,18,34
38706,18,34
38707,18,34
38708,18,37
38709,18,36
38710,18,37
38711,18,34
38712,18,34
38713,18,38
38714,18,35
38715,18,34
38716,18,37
38717,18,36
38718,18,36
38719,18,34
38720,18,35
38721,18,35
38722,18,36
38723,17,35
38724,18,34
38725,18,36
38726,18,36
38727,18,37
38728,18,36
38729,18,33
38730,18,35
38731,18,34
38732,18,35
38733,18,36
38734,18,35
38735,18,35
38736,18,37
38737,18,33
38738,18,36
38739,18,33
38740,18,35
38741,18,35
38742,18,34
38743,18,36
38744,18,36
38745,18,34
38746,18,36
38747,18,36
38748,18,36
38749,18,34
38750,18,36
38751,18,37
38752,18,35
38753,18,38
38754,18,37
38755,18,35
38756,18,34
38757,18,34
38758,18,35
38759,18,38
38760,18,38
38761,18,36
38762,18,36
38763,18,39
38764,18,36
38765,18,36
38766,18,35
38767,18,33
38768,18,35
38769,18,37
38770,18,33
38771,18,36
38772,18,36
38773,18,37
38774,18,33
38775,18,35
38776,18,34
38777,18,37
38778,17,34
38779,18,35
38780,18,35
38781,18,35
38782,18,35
38783,18,35
38784,18,36
38785,18,38
38786,18,34
38787,18,35
38788,18,35
38789,18,34
38790,18,35
38791,18,35
38792,18,36
38793,18,37
38794,18,35
38795,18,36
38796,18,36
38797,18,36
38798,18,34
38799,17,34
38800,18,36
38801,18,33
38802,18,35
38803,18,36
38804,17,38
38805,18,35
38806,18,35
38807,18,37
38808,18,34
38809,18,35
38810,18,37
38811,18,36
38812,18,36
38813,18,35
38814,18,35
38815,18,36
38816,18,36
38817,18,39
38818,18,37
38819,18,36
38820,18,36
38821,18,34
38822,18,36
38823,18,34
38824,18,35
38825,18,34
38826,18,34
38827,18,32
38828,18,37
38829,18,36
38830,18,37
38831,18,34
38832,18,38
38833,18,34
38834,18,38
38835,17,34
38836,18,36
38837,18,36
38838,18,38
38839,18,37
38840,18,33
38841,18,36
38842,18,36
38843,18,35
38844,18,35
38845,18,34
38846,18,35
38847,18,37
38848,18,35
38849,18,36
38850,18,38
38851,18,37
38852,18,36
38853,18,36
38854,18,36
38855,18,34
38856,18,35
38857,18,35
38858,18,35
38859,18,35
38860,18,34
38861,18,35
38862,18,35
38863,18,38
38864,18,37
38865,18,32
38866,18,38
38867,18,35
38868,18,37
38869,18,37
38870,18,36
38871,18,34
38872,18,35
38873,18,37
38874,18,36
38875,18,33
38876,18,36
38877,18,36
38878,18,38
38879,18,38
38880,18,36
38881,18,34
38882,18,37
38883,18,34
38884,18,34
38885,18,35
38886,18,36
38887,18,37
38888,18,35
38889,18,33
38890,18,35
38891,18,34
38892,18,35
38893,18,37
38894,18,35
38895,18,34
38896,18,34
38897,18,36
38898,18,34
38899,18,35
38900,18,36
38901,18,37
38902,18,36
38903,18,35
38904,18,37
38905,18,35
38906,18,36
38907,18,35
38908,18,37
38909,18,38
38910,18,36
38911,18,36
38912,18,34
38913,18,35
38914,18,36
38915,18,34
38916,18,37
38917,18,37
38918,18,35
38919,18,34
38920,18,35
38921,18,35
38922,18,35
38923,18,35
38924,18,35
38925,18,35
38926,18,35
38927,18,34
38928,18,34
38929,18,35
38930,18,34
38931,18,34
38932,18,36
38933,18,36
38934,18,36
38935,18,38
38936,18,36
38937,18,36
38938,18,33
38939,18,35
38940,18,37
38941,18,35
38942,18,36
38943,18,36
38944,18,37
38945,18,38
38946,18,35
38947,18,35
38948,18,33
38949,18,36
38950,18,35
38951,18,35
38952,18,34
38953,18,37
38954,18,35
38955,18,34
38956,18,35
38957,18,34
38958,18,35
38959,18,33
38960,18,37
38961,18,35
38962,18,35
38963,18,33
38964,18,39
38965,17,34
38966,18,35
38967,18,35
38968,18,36
38969,18,36
38970,18,35
38971,18,38
38972,18,35
38973,18,37
38974,18,34
38975,18,33
38976,18,37
38977,18,35
38978,18,36
38979,18,36
38980,18,36
38981,18,36
38982,18,35
38983,18,34
38984,18,34
38985,18,37
38986,18,34
38987,18,36
38988,18,33
38989,18,36
38990,18,36
38991,18,33
38992,18,36
38993,18,35
38994,18,36
38995,18,35
38996,18,37
38997,18,36
38998,18,35
38999,18,34
39000,18,41
39001,18,37
39002,18,35
39003,18,37
39004,18,33
39005,18,35
39006,18,36
39007,18,36
39008,18,35
39009,18,37
39010,18,35
39011,18,36
39012,17,34
39013,18,36
39014,18,37
39015,18,34
39016,18,37
39017,18,34
39018,18,33
39019,18,36
39020,18,33
39021,18,38
39022,18,36
39023,18,34
39024,18,34
39025,18,35
39026,18,34
39027,18,38
39028,18,35
39029,18,35
39030,18,39
39031,18,35
39032,18,37
39033,18,35
39034,18,35
39035,18,34
39036,18,36
39037,18,35
39038,18,38
39039,18,38
39040,18,35
39041,17,36
39042,18,36
39043,18,35
39044,18,34
39045,18,35
39046,18,37
39047,17,37
39048,18,34
39049,18,35
39050,18,35
39051,18,36
39052,18,36
39053,18,37
39054,18,34
39055,17,36
39056,18,37
39057,18,35
39058,18,37
39059,18,38
39060,18,35
39061,18,35
39062,18,36
39063,18,34
39064,18,35
39065,18,36
39066,18,37
39067,18,35
39068,18,35
39069,18,36
39070,18,38
39071,18,35
39072,18,35
39073,18,35
39074,18,36
39075,18,36
39076,18,36
39077,18,35
39078,18,34
39079,18,33
39080,18,35
39081,18,34
39082,18,35
39083,18,36
39084,18,33
39085,18,34
39086,18,35
39087,18,34
39088,18,38
39089,18,37
39090,18,36
39091,18,34
39092,18,37
39093,18,36
39094,18,36
39095,18,35
39096,18,37
39097,18,36
39098,18,37
39099,17,37
39100,18,36
39101,18,36
39102,18,38
39103,18,34
39104,18,33
39105,18,36
39106,18,34
39107,18,35
39108,18,34
39109,18,34
39110,18,36
39111,18,35
39112,18,35
39113,18,38
39114,18,38
39115,18,35
39116,18,33
39117,18,36
39118,18,36
39119,18,34
39120,18,34
39121,18,34
39122,18,38
39123,18,36
39124,18,35
39125,18,34
39126,18,34
39127,18,34
39128,18,36
39129,18,35
39130,18,34
39131,18,38
39132,18,37
39133,18,36
39134,18,34
39135,18,34
39136,18,36
39137,18,37
39138,18,34
39139,18,36
39140,18,38
39141,18,37
39142,18,36
39143,18,34
39144,18,35
39145,18,36
39146,18,35
39147,18,34
39148,18,36
39149,18,36
39150,18,34
39151,18,35
39152,18,36
39153,18,37
39154,18,37
39155,18,35
39156,18,36
39157,18,36
39158,18,38
39159,18,36
39160,18,35
39161,18,38
39162,18,34
39163,18,35
39164,18,34
39165,18,37
39166,18,37
39167,18,35
39168,18,35
39169,18,36
39170,18,35
39171,18,35
39172,18,35
39173,18,34
39174,18,36
39175,18,35
39176,18,36
39177,18,35
39178,18,34
39179,18,36
39180,18,37
39181,18,37
39182,18,36
39183,18,35
39184,17,33
39185,18,34
39186,18,34
39187,18,37
39188,18,40
39189,18,35
39190,18,35
39191,18,37
39192,18,36
39193,18,34
39194,18,36
39195,18,38
39196,18,36
39197,18,36
39198,18,36
39199,18,35
39200,18,36
39201,18,36
39202,18,35
39203,18,34
39204,18,34
39205,18,35
39206,18,36
39207,18,36
39208,18,36
39209,18,36
39210,18,36
39211,18,35
39212,18,34
39213,18,37
39214,18,35
39215,18,36
39216,18,35
39217,18,37
39218,18,33
39219,18,36
39220,18,36
39221,18,35
39222,18,36
39223,18,34
39224,18,34
39225,18,36
39226,18,35
39227,18,34
39228,18,36
39229,18,34
39230,18,38
39231,18,37
39232,18,36
39233,18,34
39234,18,35
39235,18,35
39236,18,34
39237,18,35
39238,18,35
39239,18,35
39240,18,35
39241,18,35
39242,18,38
39243,18,34
39244,18,37
39245,18,37
39246,18,35
39247,18,33
39248,18,34
39249,18,36
39250,18,35
39251,18,34
39252,18,34
39253,18,36
39254,18,35
39255,18,36
39256,18,36
39257,18,34
39258,18,36
39259,18,36
39260,18,35
39261,18,37
39262,18,36
39263,18,34
39264,18,35
39265,18,36
39266,18,35
39267,18,35
39268,18,33
39269,18,35
39270,18,36
39271,18,34
39272,18,37
39273,18,36
39274,18,34
39275,18,36
39276,18,34
39277,18,37
39278,18,34
39279,18,36
39280,18,38
39281,18,35
39282,18,36
39283,18,35
39284,18,35
39285,18,36
39286,18,36
39287,18,34
39288,18,36
39289,17,34
39290,18,37
39291,18,34
39292,18,35
39293,18,35
39294,18,36
39295,18,35
39296,18,34
39297,18,34
39298,18,36
39299,18,34
39300,18,35
39301,18,36
39302,18,35
39303,18,36
39304,18,36
39305,18,35
39306,18,36
39307,18,34
39308,18,35
39309,18,34
39310,18,34
39311,18,35
39312,18,36
39313,18,34
39314,18,35
39315,18,39
39316,18,35
39317,18,36
39318,18,33
39319,18,34
39320,18,35
39321,18,38
39322,18,34
39323,18,36
39324,18,37
39325,18,35
39326,18,34
39327,18,35
39328,18,34
39329,18,34
39330,18,34
39331,18,34
39332,18,34
39333,18,35
39334,18,34
39335,18,35
39336,18,36
39337,18,38
39338,18,35
39339,18,35
39340,18,35
39341,18,35
39342,18,37
39343,18,35
39344,18,37
39345,18,34
39346,18,36
39347,18,35
39348,18,35
39349,18,35
39350,18,34
39351,18,36
39352,17,34
39353,18,34
39354,18,35
39355,18,37
39356,18,36
39357,18,37
39358,18,37
39359,18,35
39360,18,37
39361,18,34
39362,18,35
39363,18,34
39364,18,36
39365,18,35
39366,18,35
39367,18,35
39368,18,36
39369,18,34
39370,18,38
39371,18,35
39372,18,36
39373,18,35
39374,18,36
39375,18,34
39376,18,35
39377,18,34
39378,18,33
39379,18,34
39380,18,36
39381,18,36
39382,18,35
39383,18,33
39384,18,36
39385,18,36
39386,18,37
39387,18,33
39388,18,36
39389,18,34
39390,18,35
39391,18,37
39392,18,34
39393,18,33
39394,18,35
39395,18,35
39396,18,35
39397,18,36
39398,18,34
39399,18,34
39400,18,35
39401,18,37
39402,18,39
39403,18,35
39404,18,37
39405,18,36
39406,18,34
39407,18,36
39408,18,33
39409,17,35
39410,18,35
39411,18,37
39412,18,35
39413,18,34
39414,18,35
39415,18,36
39416,18,36
39417,18,35
39418,18,35
39419,18,35
39420,18,34
39421,18,35
39422,18,35
39423,18,37
39424,18,37
39425,18,37
39426,18,36
39427,18,35
39428,18,36
39429,18,34
39430,18,35
39431,18,36
39432,18,36
39433,18,35
39434,18,35
39435,18,34
39436,18,35
39437,18,35
39438,18,36
39439,18,35
39440,18,36
39441,18,34
39442,18,35
39443,18,36
39444,18,34
39445,18,35
39446,18,38
39447,18,33
39448,18,37
39449,18,36
39450,18,35
39451,18,35
39452,18,35
39453,18,36
39454,18,34
39455,18,35
39456,18,34
39457,18,36
39458,18,37
39459,18,34
39460,18,39
39461,18,35
39462,18,36
39463,18,36
39464,18,34
39465,18,36
39466,18,32
39467,18,34
39468,18,34
39469,18,35
39470,18,37
39471,18,35
39472,18,36
39473,18,36
39474,18,36
39475,18,36
39476,18,35
39477,18,36
39478,18,38
39479,18,36
39480,18,36
39481,18,36
39482,18,36
39483,18,35
39484,18,37
39485,18,37
39486,18,36
39487,18,35
39488,18,33
39489,18,36
39490,18,35
39491,18,34
39492,18,35
39493,18,36
39494,18,36
39495,18,36
39496,18,37
39497,18,35
39498,18,37
39499,18,34
39500,18,36
39501,18,34
39502,18,37
39503,18,38
39504,18,35
39505,18,36
39506,18,35
39507,18,33
39508,18,35
39509,18,35
39510,18,36
39511,18,34
39512,18,37
39513,18,39
39514,18,35
39515,18,36
39516,18,36
39517,18,35
39518,18,37
39519,18,35
39520,18,35
39521,18,36
39522,18,35
39523,18,34
39524,18,37
39525,18,35
39526,18,36
39527,18,38
39528,18,37
39529,18,34
39530,18,34
39531,18,37
39532,18,37
39533,18,36
39534,18,35
39535,18,37
39536,18,35
39537,18,37
39538,18,35
39539,18,35
39540,18,37
39541,18,37
39542,18,35
39543,18,35
39544,18,34
39545,18,37
39546,18,36
39547,18,35
39548,18,34
39549,18,37
39550,18,35
39551,18,34
39552,18,34
39553,18,39
39554,18,34
39555,18,35
39556,18,36
39557,18,35
39558,18,36
39559,18,35
39560,18,36
39561,18,35
39562,18,37
39563,18,34
39564,18,36
39565,18,33
39566,18,35
39567,18,35
39568,18,37
39569,18,37
39570,18,36
39571,18,36
39572,18,35
39573,18,37
39574,18,36
39575,18,34
39576,18,36
39577,18,37
39578,18,34
39579,18,36
39580,18,38
39581,18,36
39582,18,35
39583,18,35
39584,18,35
39585,18,34
39586,18,35
39587,18,34
39588,18,35
39589,18,36
39590,18,34
39591,18,36
39592,18,37
39593,18,35
39594,18,35
39595,18,38
39596,18,36
39597,18,34
39598,18,35
39599,18,39
39600,18,37
39601,18,35
39602,18,34
39603,18,34
39604,18,35
39605,18,36
39606,18,37
39607,18,37
39608,18,36
39609,18,35
39610,18,37
39611,18,36
39612,18,35
39613,18,35
39614,18,34
39615,18,34
39616,18,38
39617,18,35
39618,18,35
39619,18,36
39620,18,35
39621,18,35
39622,18,35
39623,18,35
39624,18,35
39625,17,35
39626,18,35
39627,18,35
39628,18,34
39629,18,34
39630,18,35
39631,18,38
39632,18,36
39633,18,36
39634,18,38
39635,18,34
39636,18,36
39637,18,36
39638,18,34
39639,18,36
39640,18,37
39641,18,40
39642,18,34
39643,18,35
39644,18,34
39645,18,38
39646,18,37
39647,18,37
39648,18,35
39649,18,35
39650,18,35
39651,18,34
39652,18,35
39653,18,34
39654,18,37
39655,18,36
39656,18,35
39657,18,36
39658,18,37
39659,18,36
39660,18,37
39661,18,38
39662,18,35
39663,18,36
39664,18,37
39665,18,37
39666,17,38
39667,18,36
39668,18,34
39669,18,35
39670,18,35
39671,18,34
39672,18,36
39673,18,36
39674,18,33
39675,18,37
39676,18,35
39677,18,36
39678,18,35
39679,18,36
39680,18,37
39681,18,36
39682,18,34
39683,18,35
39684,18,36
39685,18,35
39686,18,34
39687,18,38
39688,18,35
39689,18,34
39690,18,36
39691,18,35
39692,18,35
39693,18,36
39694,18,36
39695,18,35
39696,18,36
39697,18,34
39698,18,35
39699,18,34
39700,18,35
39701,18,33
39702,18,35
39703,18,36
39704,18,35
39705,18,35
39706,18,36
39707,18,36
39708,18,34
39709,18,37
39710,18,37
39711,18,33
39712,18,36
39713,18,35
39714,18,38
39715,18,36
39716,18,35
39717,18,36
39718,18,35
39719,18,36
39720,18,36
39721,18,34
39722,17,35
39723,18,35
39724,18,35
39725,18,38
39726,18,34
39727,18,36
39728,18,34
39729,18,34
39730,18,35
39731,18,36
39732,18,34
39733,18,35
39734,17,36
39735,18,36
39736,18,34
39737,18,34
39738,18,35
39739,18,36
39740,18,34
39741,18,34
39742,18,36
39743,18,36
39744,18,37
39745,18,33
39746,18,37
39747,18,36
39748,18,34
39749,18,35
39750,18,35
39751,18,36
39752,18,35
39753,18,35
39754,18,35
39755,18,36
39756,18,36
39757,18,36
39758,18,33
39759,18,36
39760,18,39
39761,18,35
39762,18,33
39763,18,37
39764,18,36
39765,18,35
39766,18,36
39767,18,34
39768,18,37
39769,18,36
39770,18,34
39771,18,36
39772,18,35
39773,18,35
39774,18,36
39775,18,37
39776,18,34
39777,18,34
39778,18,38
39779,18,37
39780,18,35
39781,18,35
39782,18,36
39783,18,34
39784,18,36
39785,18,35
39786,18,34
39787,18,36
39788,18,35
39789,18,35
39790,18,35
39791,18,36
39792,18,34
39793,18,36
39794,18,37
39795,18,37
39796,18,36
39797,18,37
39798,18,34
39799,18,36
39800,18,36
39801,18,37
39802,18,38
39803,18,34
39804,18,35
39805,18,37
39806,18,35
39807,18,36
39808,18,37
39809,18,36
39810,18,36
39811,18,37
39812,18,36
39813,18,38
39814,18,35
39815,18,35
39816,18,38
39817,18,33
39818,18,37
39819,18,35
39820,18,36
39821,18,36
39822,18,35
39823,18,36
39824,18,35
39825,18,34
39826,18,35
39827,18,35
39828,18,35
39829,17,35
39830,18,36
39831,18,35
39832,18,37
39833,18,36
39834,18,35
39835,18,36
39836,18,35
39837,18,34
39838,18,35
39839,18,36
39840,18,34
39841,18,36
39842,18,35
39843,18,37
39844,18,36
39845,18,37
39846,18,34
39847,18,36
39848,18,33
39849,18,35
39850,18,38
39851,18,35
39852,18,34
39853,18,37
39854,18,36
39855,18,36
39856,18,35
39857,18,36
39858,18,35
39859,18,37
39860,18,37
39861,18,35
39862,18,36
39863,18,35
39864,18,31
39865,18,36
39866,18,36
39867,18,36
39868,18,36
39869,18,34
39870,18,36
39871,18,34
39872,18,38
39873,18,36
39874,18,36
39875,18,35
39876,18,39
39877,18,35
39878,18,36
39879,18,39
39880,18,35
39881,18,34
39882,18,36
39883,18,36
39884,18,35
39885,18,36
39886,18,35
39887,18,34
39888,18,37
39889,18,34
39890,18,34
39891,18,34
39892,18,38
39893,18,34
39894,18,39
39895,18,36
39896,18,34
39897,18,37
39898,18,35
39899,18,36
39900,18,36
39901,18,36
39902,18,36
39903,18,36
39904,18,35
39905,18,34
39906,18,35
39907,18,34
39908,18,36
39909,18,36
39910,18,36
39911,18,35
39912,18,35
39913,18,34
39914,18,35
39915,18,35
39916,18,34
39917,18,35
39918,18,37
39919,18,35
39920,18,35
39921,18,35
39922,18,34
39923,18,36
39924,18,35
39925,18,36
39926,18,35
39927,18,36
39928,18,38
39929,18,35
39930,18,37
39931,18,36
39932,18,35
39933,18,36
39934,18,36
39935,18,40
39936,18,36
39937,18,36
39938,18,37
39939,18,37
39940,18,35
39941,18,34
39942,18,34
39943,18,37
39944,18,37
39945,18,38
39946,18,36
39947,18,36
39948,18,37
39949,18,36
39950,18,36
39951,18,35
39952,18,35
39953,18,37
39954,18,35
39955,18,36
39956,18,35
39957,18,37
39958,18,34
39959,18,37
39960,18,36
39961,18,37
39962,18,34
39963,18,37
39964,18,34
39965,18,37
39966,18,36
39967,18,34
39968,18,35
39969,18,35
39970,18,35
39971,18,33
39972,18,35
39973,18,36
39974,18,34
39975,18,35
39976,18,35
39977,18,37
39978,18,38
39979,18,35
39980,18,39
39981,18,36
39982,18,36
39983,18,34
39984,18,36
39985,18,35
39986,18,35
39987,18,33
39988,18,37
39989,18,36
39990,18,37
39991,18,36
39992,18,38
39993,18,35
39994,18,34
39995,18,38
39996,18,35
39997,18,36
39998,18,34
39999,18,35
40000,18,37
40001,18,36
40002,18,36
40003,18,36
40004,18,35
40005,18,34
40006,18,37
40007,18,34
40008,18,35
40009,18,36
40010,18,36
40011,18,35
40012,18,36
40013,18,37
40014,18,36
40015,18,37
40016,18,36
40017,18,36
40018,18,34
40019,18,35
40020,18,35
40021,18,38
40022,18,36
40023,18,36
40024,18,34
40025,18,37
40026,18,34
40027,18,32
40028,18,34
40029,18,35
40030,18,34
40031,18,35
40032,18,35
40033,18,36
40034,18,34
40035,18,37
40036,18,35
40037,18,37
40038,18,35
40039,18,36
40040,18,35
40041,18,34
40042,18,36
40043,18,35
40044,18,36
40045,18,35
40046,18,35
40047,18,35
40048,18,37
40049,18,34
40050,18,37
40051,18,34
40052,18,34
40053,18,37
40054,18,35
40055,17,37
40056,18,35
40057,18,36
40058,18,35
40059,18,36
40060,18,35
40061,18,36
40062,18,36
40063,18,35
40064,18,36
40065,18,34
40066,18,35
40067,18,38
40068,18,34
40069,18,37
40070,18,34
40071,18,35
40072,18,34
40073,18,34
40074,18,36
40075,18,38
40076,18,37
40077,18,33
40078,18,35
40079,18,36
40080,18,38
40081,18,36
40082,18,35
40083,18,36
40084,18,36
40085,18,34
40086,18,36
40087,18,34
40088,18,35
40089,18,36
40090,18,38
40091,18,36
40092,18,37
40093,18,35
40094,18,35
40095,18,35
40096,18,38
40097,18,37
40098,18,34
40099,18,36
40100,18,36
40101,18,35
40102,18,34
40103,18,34
40104,18,34
40105,18,36
40106,18,34
40107,18,36
40108,18,35
40109,18,34
40110,18,36
40111,18,37
40112,18,36
40113,18,36
40114,18,35
40115,18,35
40116,18,35
40117,18,33
40118,18,35
40119,18,35
40120,18,37
40121,18,36
40122,18,35
40123,18,36
40124,18,35
40125,18,34
40126,18,35
40127,18,37
40128,18,33
40129,18,36
40130,18,34
40131,18,34
40132,18,36
40133,18,34
40134,18,36
40135,18,38
40136,18,35
40137,18,36
40138,18,37
40139,18,36
40140,18,36
40141,18,36
40142,18,37
40143,18,35
40144,18,35
40145,18,34
40146,18,34
40147,18,36
40148,18,35
40149,18,36
40150,18,36
40151,18,36
40152,18,34
40153,18,35
40154,18,36
40155,18,39
40156,18,37
40157,18,37
40158,18,33
40159,18,35
40160,18,35
40161,18,34
40162,18,35
40163,18,37
40164,18,35
40165,18,38
40166,18,36
40167,18,34
40168,18,36
40169,18,33
40170,18,37
40171,18,37
40172,18,36
40173,18,35
40174,18,36
40175,18,34
40176,18,36
40177,18,37
40178,18,35
40179,18,36
40180,18,35
40181,18,37
40182,18,35
40183,18,37
40184,18,37
40185,18,38
40186,18,33
40187,18,38
40188,18,37
40189,18,35
40190,18,38
40191,18,37
40192,18,36
40193,18,36
40194,18,34
40195,18,35
40196,18,35
40197,18,34
40198,18,37
40199,18,35
40200,18,36
40201,18,36
40202,18,37
40203,18,36
40204,18,35
40205,18,36
40206,18,36
40207,18,35
40208,18,35
40209,18,34
40210,18,36
40211,18,36
40212,18,35
40213,18,34
40214,18,34
40215,18,35
40216,18,36
40217,18,36
40218,18,36
40219,18,34
40220,18,35
40221,18,37
40222,18,34
40223,18,36
40224,18,36
40225,18,33
40226,18,36
40227,18,35
40228,18,36
40229,18,34
40230,18,37
40231,18,39
40232,18,36
40233,18,35
40234,18,36
40235,18,32
40236,18,35
40237,18,37
40238,18,34
40239,18,37
40240,18,35
40241,18,35
40242,18,37
40243,18,36
40244,18,35
40245,18,38
40246,18,36
40247,18,35
40248,18,37
40249,18,35
40250,18,35
40251,18,35
40252,18,36
40253,18,34
40254,18,36
40255,18,35
40256,18,38
40257,18,35
40258,18,35
40259,18,35
40260,18,36
40261,18,35
40262,18,37
40263,18,35
40264,18,36
40265,18,35
40266,18,36
40267,18,34
40268,18,34
40269,18,35
40270,18,35
40271,18,35
40272,18,36
40273,18,37
40274,18,37
40275,18,35
40276,18,36
40277,18,34
40278,18,37
40279,18,36
40280,18,34
40281,18,35
40282,18,36
40283,18,35
40284,18,36
40285,18,33
40286,18,36
40287,18,36
40288,18,35
40289,18,38
40290,18,36
40291,18,35
40292,18,34
40293,18,38
40294,18,36
40295,18,35
40296,18,37
40297,18,36
40298,18,35
40299,18,35
40300,18,36
40301,18,37
40302,18,36
40303,18,34
40304,18,35
40305,18,37
40306,18,34
40307,18,38
40308,18,35
40309,18,36
40310,18,37
40311,18,37
40312,18,34
40313,18,35
40314,18,36
40315,18,36
40316,18,35
40317,18,37
40318,18,35
40319,18,36
40320,18,36
40321,18,34
40322,18,35
40323,18,36
40324,18,35
40325,18,36
40326,18,35
40327,18,37
40328,18,34
40329,18,37
40330,18,36
40331,18,35
40332,18,35
40333,18,38
40334,18,36
40335,18,35
40336,18,35
40337,18,34
40338,18,37
40339,18,34
40340,18,36
40341,18,37
40342,18,35
40343,18,34
40344,18,35
40345,18,35
40346,18,36
40347,18,35
40348,18,36
40349,18,35
40350,18,37
40351,18,37
40352,18,36
40353,18,36
40354,18,36
40355,18,37
40356,18,37
40357,18,36
40358,18,35
40359,18,36
40360,18,35
40361,18,35
40362,18,36
40363,18,35
40364,18,34
40365,18,37
40366,18,36
40367,18,36
40368,18,35
40369,18,36
40370,18,34
40371,18,37
40372,18,37
40373,18,34
40374,18,35
40375,18,34
40376,18,37
40377,18,32
40378,18,36
40379,18,34
40380,18,36
40381,18,36
40382,18,33
40383,18,36
40384,18,34
40385,18,34
40386,18,35
40387,18,36
40388,18,35
40389,18,36
40390,18,35
40391,18,35
40392,18,36
40393,18,37
40394,18,35
40395,18,34
40396,18,37
40397,18,35
40398,18,35
40399,18,35
40400,18,36
40401,18,35
40402,18,37
40403,18,36
40404,18,35
40405,18,35
40406,18,37
40407,18,37
40408,18,32
40409,18,36
40410,18,35
40411,18,35
40412,18,34
40413,18,38
40414,18,35
40415,17,37
40416,18,37
40417,18,36
40418,18,33
40419,18,35
40420,18,35
40421,18,35
40422,18,37
40423,18,36
40424,18,35
40425,18,33
40426,18,36
40427,18,35
40428,18,38
40429,18,37
40430,18,35
40431,18,37
40432,18,36
40433,18,33
40434,18,35
40435,18,37
40436,18,35
40437,18,37
40438,18,35
40439,18,36
40440,18,35
40441,18,37
40442,18,34
40443,18,34
40444,18,37
40445,18,36
40446,18,37
40447,18,37
40448,18,34
40449,18,35
40450,18,36
40451,18,35
40452,18,33
40453,18,36
40454,18,36
40455,18,35
40456,18,37
40457,18,36
40458,18,36
40459,18,34
40460,18,36
40461,18,38
40462,18,36
40463,18,37
40464,18,35
40465,18,36
40466,18,35
40467,18,36
40468,18,36
40469,18,39
40470,18,36
40471,18,35
40472,17,36
40473,18,35
40474,18,36
40475,18,38
40476,18,35
40477,18,40
40478,18,35
40479,18,34
40480,18,37
40481,18,37
40482,18,37
40483,18,36
40484,18,36
40485,18,37
40486,18,35
40487,18,36
40488,18,37
40489,18,35
40490,18,36
40491,18,35
40492,18,36
40493,18,39
40494,18,35
40495,18,35
40496,18,36
40497,18,38
40498,18,35
40499,18,34
40500,18,35
40501,18,37
40502,18,36
40503,18,36
40504,18,37
40505,18,34
40506,18,37
40507,18,36
40508,18,34
40509,18,35
40510,18,37
40511,18,38
40512,18,35
40513,18,35
40514,18,35
40515,18,36
40516,18,36
40517,18,35
40518,18,35
40519,18,35
40520,18,35
40521,18,35
40522,18,34
40523,18,36
40524,18,35
40525,18,34
40526,18,37
40527,18,36
40528,18,34
40529,18,36
40530,18,39
40531,18,35
40532,18,35
40533,18,36
40534,18,34
40535,18,35
40536,18,37
40537,18,34
40538,18,37
40539,18,36
40540,17,37
40541,18,36
40542,18,35
40543,18,35
40544,18,34
40545,18,36
40546,18,35
40547,18,35
40548,18,35
40549,18,36
40550,18,36
40551,18,34
40552,18,36
40553,18,37
40554,18,35
40555,18,37
40556,18,35
40557,18,36
40558,18,35
40559,18,35
40560,18,36
40561,18,34
40562,18,37
40563,18,37
40564,18,36
40565,18,34
40566,18,36
40567,18,36
40568,18,35
40569,18,34
40570,18,35
40571,18,35
40572,18,37
40573,18,36
40574,18,36
40575,18,36
40576,18,35
40577,18,34
40578,18,35
40579,18,37
40580,18,35
40581,18,33
40582,18,38
40583,18,35
40584,18,36
40585,18,37
40586,18,36
40587,18,36
40588,18,36
40589,18,34
40590,18,33
40591,18,35
40592,18,35
40593,18,37
40594,18,36
40595,18,39
40596,18,34
40597,18,36
40598,18,35
40599,18,38
40600,18,36
40601,18,35
40602,18,36
40603,18,36
40604,18,35
40605,18,37
40606,18,39
40607,18,36
40608,18,35
40609,18,34
40610,18,36
40611,18,36
40612,18,37
40613,18,35
40614,18,35
40615,18,36
40616,18,37
40617,18,37
40618,18,35
40619,18,34
40620,18,36
40621,18,35
40622,18,35
40623,18,36
40624,18,36
40625,18,35
40626,18,33
40627,18,35
40628,18,36
40629,18,36
40630,18,35
40631,18,37
40632,18,37
40633,18,38
40634,18,35
40635,18,35
40636,18,37
40637,18,35
40638,18,35
40639,18,37
40640,18,34
40641,18,36
40642,18,39
40643,18,35
40644,18,34
40645,18,37
40646,18,35
40647,18,36
40648,18,35
40649,18,34
40650,18,36
40651,18,35
40652,18,34
40653,18,37
40654,18,35
40655,18,37
40656,18,35
40657,18,35
40658,18,35
40659,18,36
40660,18,34
40661,18,36
40662,18,33
40663,18,33
40664,18,35
40665,18,35
40666,18,36
40667,18,36
40668,18,37
40669,18,38
40670,18,36
40671,18,36
40672,18,34
40673,18,35
40674,18,36
40675,18,34
40676,18,34
40677,18,36
40678,18,36
40679,18,35
40680,18,35
40681,18,35
40682,18,35
40683,18,36
40684,18,35
40685,18,37
40686,18,34
40687,18,37
40688,18,38
40689,18,36
40690,18,39
40691,18,35
40692,18,36
40693,18,35
40694,18,36
40695,18,36
40696,18,38
40697,18,36
40698,18,35
40699,18,34
40700,18,36
40701,18,34
40702,18,36
40703,18,36
40704,18,34
40705,18,34
40706,18,36
40707,18,37
40708,18,36
40709,18,35
40710,18,36
40711,18,37
40712,18,36
40713,18,36
40714,18,35
40715,18,38
40716,18,34
40717,18,35
40718,18,35
40719,18,37
40720,18,36
40721,18,36
40722,18,36
40723,18,34
40724,18,34
40725,18,35
40726,18,35
40727,18,34
40728,18,36
40729,18,35
40730,18,35
40731,18,36
40732,18,35
40733,18,35
40734,18,34
40735,18,35
40736,18,39
40737,18,35
40738,18,36
40739,18,35
40740,18,34
40741,18,36
40742,18,35
40743,18,33
40744,18,36
40745,18,35
40746,18,34
40747,18,34
40748,18,34
40749,18,36
40750,18,35
40751,18,35
40752,18,35
40753,18,39
40754,18,36
40755,18,34
40756,18,34
40757,18,35
40758,18,35
40759,18,36
40760,18,36
40761,18,36
40762,18,35
40763,18,35
40764,18,36
40765,18,34
40766,18,35
40767,18,37
40768,18,37
40769,18,36
40770,18,33
40771,18,37
40772,18,34
40773,18,35
40774,18,34
40775,18,35
40776,18,34
40777,18,37
40778,18,34
40779,18,35
40780,18,35
40781,18,35
40782,18,35
40783,18,34
40784,18,34
40785,18,37
40786,18,36
40787,18,38
40788,18,34
40789,18,34
40790,18,35
40791,18,34
40792,18,36
40793,18,34
40794,18,35
40795,18,37
40796,18,34
40797,18,37
40798,18,34
40799,18,36
40800,18,34
40801,18,35
40802,18,36
40803,18,37
40804,18,35
40805,18,35
40806,18,35
40807,18,36
40808,18,34
40809,18,36
40810,18,36
40811,18,35
40812,18,36
40813,18,36
40814,18,35
40815,18,36
40816,18,36
40817,18,35
40818,18,34
40819,18,34
40820,18,36
40821,18,35
40822,18,35
40823,18,35
40824,18,37
40825,18,34
40826,18,36
40827,18,38
40828,18,35
40829,18,33
40830,18,37
40831,18,37
40832,18,37
40833,18,34
40834,18,34
40835,18,35
40836,18,36
40837,18,36
40838,18,35
40839,18,35
40840,18,36
40841,18,35
40842,18,37
40843,18,37
40844,18,34
40845,18,38
40846,18,36
40847,18,35
40848,18,35
40849,18,35
40850,18,37
40851,18,33
40852,18,37
40853,18,36
40854,18,37
40855,18,34
40856,18,35
40857,18,35
40858,18,38
40859,18,35
40860,18,37
40861,18,36
40862,18,34
40863,18,34
40864,18,36
40865,18,37
40866,18,37
40867,18,37
40868,18,37
40869,18,35
40870,18,38
40871,18,36
40872,18,36
40873,18,36
40874,18,34
40875,18,36
40876,18,36
40877,18,36
40878,18,37
40879,18,34
40880,18,35
40881,18,34
40882,18,36
40883,18,38
40884,18,36
40885,18,34
40886,18,35
40887,18,34
40888,18,35
40889,18,34
40890,18,35
40891,18,37
40892,18,35
40893,18,38
40894,18,34
40895,18,33
40896,18,36
40897,18,36
40898,18,36
40899,18,37
40900,18,37
40901,18,37
40902,18,37
40903,18,36
40904,18,36
40905,18,34
40906,18,35
40907,18,33
40908,18,36
40909,18,33
40910,18,36
40911,18,36
40912,18,35
40913,18,35
40914,18,36
40915,18,35
40916,18,36
40917,18,34
40918,18,37
40919,18,38
40920,18,34
40921,18,36
40922,18,35
40923,18,36
40924,18,36
40925,18,35
40926,18,37
40927,18,38
40928,17,36
40929,18,36
40930,18,35
40931,18,34
40932,18,34
40933,18,36
40934,18,33
40935,18,36
40936,18,36
40937,18,38
40938,18,37
40939,18,35
40940,18,39
40941,18,34
40942,18,36
40943,18,37
40944,18,34
40945,18,37
40946,18,37
40947,18,34
40948,18,35
40949,18,36
40950,18,38
40951,18,35
40952,18,37
40953,18,37
40954,18,36
40955,18,36
40956,18,36
40957,18,39
40958,18,37
40959,18,34
40960,18,35
40961,18,37
40962,18,35
40963,18,34
40964,18,36
40965,18,36
40966,18,34
40967,18,36
40968,18,39
40969,18,37
40970,18,37
40971,18,36
40972,18,36
40973,18,35
40974,18,34
40975,18,35
40976,18,33
40977,18,37
40978,18,33
40979,18,37
40980,18,36
40981,18,33
40982,18,36
40983,18,38
40984,18,35
40985,18,35
40986,18,34
40987,18,36
40988,18,37
40989,18,35
40990,18,36
40991,18,35
40992,18,37
40993,18,38
40994,18,34
40995,18,38
40996,18,35
40997,18,35
40998,18,35
40999,18,36
41000,18,36
41001,18,34
41002,18,37
41003,18,35
41004,18,35
41005,18,36
41006,18,36
41007,18,36
41008,18,34
41009,18,34
41010,18,36
41011,18,33
41012,18,33
41013,18,34
41014,18,35
41015,18,35
41016,18,36
41017,18,37
41018,18,35
41019,18,35
41020,18,37
41021,18,40
41022,18,35
41023,18,35
41024,18,37
41025,18,36
41026,18,37
41027,18,37
41028,18,34
41029,18,35
41030,18,34
41031,18,37
41032,18,36
41033,18,37
41034,18,35
41035,18,34
41036,18,35
41037,18,35
41038,18,36
41039,18,39
41040,18,35
41041,18,35
41042,18,36
41043,18,36
41044,18,34
41045,18,37
41046,18,37
41047,18,34
41048,18,35
41049,18,35
41050,18,33
41051,18,35
41052,18,36
41053,18,35
41054,18,37
41055,18,35
41056,18,34
41057,18,35
41058,18,37
41059,18,35
41060,18,35
41061,18,34
41062,18,36
41063,18,34
41064,18,35
41065,18,35
41066,18,36
41067,18,36
41068,18,37
41069,18,37
41070,18,34
41071,18,35
41072,18,36
41073,18,36
41074,18,37
41075,18,36
41076,18,35
41077,18,36
41078,18,36
41079,18,35
41080,18,34
41081,18,35
41082,18,33
41083,18,37
41084,18,36
41085,18,34
41086,18,35
41087,18,35
41088,18,36
41089,18,37
41090,18,36
41091,18,35
41092,18,34
41093,18,38
41094,18,34
41095,18,35
41096,18,37
41097,18,37
41098,18,34
41099,18,37
41100,18,38
41101,18,35
41102,18,36
41103,18,35
41104,18,38
41105,18,36
41106,18,36
41107,18,33
41108,18,36
41109,18,35
41110,18,36
41111,18,36
41112,18,37
41113,18,35
41114,18,35
41115,18,36
41116,18,36
41117,18,36
41118,18,34
41119,18,36
41120,18,37
41121,18,33
41122,18,36
41123,18,37
41124,18,36
41125,18,35
41126,18,35
41127,18,34
41128,18,35
41129,18,37
41130,18,37
41131,18,34
41132,18,35
41133,18,35
41134,18,35
41135,18,35
41136,18,35
41137,18,33
41138,18,36
41139,18,36
41140,18,34
41141,18,36
41142,18,35
41143,18,36
41144,18,37
41145,18,35
41146,18,35
41147,18,37
41148,18,36
41149,18,36
41150,18,35
41151,18,35
41152,18,39
41153,18,38
41154,18,39
41155,18,37
41156,18,35
41157,18,40
41158,18,34
41159,18,37
41160,18,35
41161,18,36
41162,18,36
41163,18,35
41164,18,35
41165,18,34
41166,18,34
41167,18,33
41168,18,36
41169,18,39
41170,18,37
41171,18,36
41172,18,37
41173,18,35
41174,18,34
41175,18,37
41176,18,36
41177,18,34
41178,18,37
41179,18,34
41180,18,34
41181,18,34
41182,18,35
41183,18,37
41184,18,36
41185,18,35
41186,18,36
41187,18,34
41188,18,38
41189,18,37
41190,18,35
41191,18,35
41192,18,35
41193,18,35
41194,18,35
41195,18,35
41196,18,38
41197,18,36
41198,18,35
41199,18,34
41200,18,35
41201,18,36
41202,18,35
41203,18,35
41204,18,35
41205,18,35
41206,18,36
41207,18,35
41208,18,37
41209,18,36
41210,18,34
41211,18,35
41212,18,34
41213,18,36
41214,18,41
41215,18,36
41216,18,37
41217,18,35
41218,18,36
41219,18,36
41220,18,36
41221,18,36
41222,18,39
41223,18,36
41224,18,36
41225,18,36
41226,18,35
41227,18,38
41228,18,34
41229,18,37
41230,18,36
41231,18,35
41232,18,37
41233,18,35
41234,18,35
41235,18,36
41236,18,37
41237,18,37
41238,18,37
41239,18,39
41240,18,35
41241,18,34
41242,18,37
41243,18,36
41244,18,36
41245,18,36
41246,18,36
41247,18,38
41248,18,34
41249,18,36
41250,18,35
41251,18,35
41252,18,36
41253,18,34
41254,18,34
41255,18,34
41256,18,35
41257,18,36
41258,18,37
41259,18,36
41260,18,36
41261,18,37
41262,18,35
41263,18,35
41264,18,38
41265,18,36
41266,18,34
41267,18,36
41268,18,35
41269,18,35
41270,18,37
41271,18,36
41272,18,34
41273,18,37
41274,18,35
41275,18,37
41276,18,34
41277,18,36
41278,18,35
41279,18,36
41280,18,36
41281,18,35
41282,18,36
41283,18,35
41284,18,35
41285,18,35
41286,18,37
41287,18,35
41288,18,36
41289,18,36
41290,18,37
41291,18,36
41292,18,36
41293,18,34
41294,18,36
41295,18,34
41296,18,36
41297,18,35
41298,18,37
41299,18,37
41300,18,35
41301,18,36
41302,18,37
41303,18,38
41304,18,35
41305,18,36
41306,18,37
41307,18,36
41308,18,35
41309,18,35
41310,18,37
41311,18,35
41312,18,34
41313,18,38
41314,18,34
41315,18,37
41316,18,36
41317,18,36
41318,18,36
41319,18,36
41320,18,32
41321,18,33
41322,18,35
41323,18,37
41324,18,38
41325,18,35
41326,18,36
41327,18,36
41328,18,37
41329,18,37
41330,18,36
41331,18,34
41332,18,36
41333,18,35
41334,18,37
41335,18,37
41336,18,35
41337,18,35
41338,18,35
41339,18,34
41340,18,37
41341,18,34
41342,18,35
41343,18,35
41344,18,35
41345,18,35
41346,18,36
41347,18,36
41348,18,35
41349,18,36
41350,18,36
41351,18,34
41352,18,36
41353,18,34
41354,18,34
41355,18,35
41356,18,36
41357,18,36
41358,18,36
41359,18,36
41360,18,35
41361,18,34
41362,18,36
41363,18,37
41364,18,37
41365,18,37
41366,18,35
41367,18,37
41368,18,35
41369,18,36
41370,18,35
41371,18,36
41372,18,36
41373,18,35
41374,18,35
41375,18,36
41376,18,34
41377,18,33
41378,18,35
41379,18,33
41380,18,35
41381,18,37
41382,18,37
41383,18,34
41384,18,38
41385,18,35
41386,18,35
41387,18,34
41388,18,34
41389,18,35
41390,18,36
41391,18,35
41392,18,36
41393,18,36
41394,18,35
41395,18,37
41396,18,36
41397,18,35
41398,18,34
41399,18,38
41400,18,35
41401,18,35
41402,18,36
41403,18,38
41404,18,36
41405,18,36
41406,18,35
41407,18,35
41408,18,37
41409,18,36
41410,18,35
41411,18,35
41412,18,35
41413,18,35
41414,18,35
41415,18,34
41416,18,36
41417,18,36
41418,18,35
41419,18,35
41420,18,35
41421,18,37
41422,18,36
41423,18,33
41424,18,35
41425,18,35
41426,18,35
41427,18,34
41428,18,35
41429,18,35
41430,18,36
41431,18,36
41432,18,37
41433,18,38
41434,18,35
41435,18,38
41436,18,35
41437,18,38
41438,18,37
41439,18,35
41440,18,34
41441,18,37
41442,18,35
41443,18,34
41444,18,37
41445,18,35
41446,18,33
41447,18,35
41448,18,36
41449,18,36
41450,18,35
41451,18,35
41452,18,36
41453,18,34
41454,18,37
41455,18,34
41456,18,34
41457,18,38
41458,18,34
41459,18,36
41460,18,39
41461,18,37
41462,18,36
41463,18,36
41464,18,36
41465,18,35
41466,18,36
41467,18,34
41468,18,35
41469,18,35
41470,18,34
41471,18,37
41472,18,34
41473,18,34
41474,18,35
41475,18,36
41476,18,34
41477,18,36
41478,18,36
41479,18,37
41480,18,36
41481,18,38
41482,18,36
41483,18,34
41484,18,37
41485,18,35
41486,18,35
41487,18,36
41488,18,36
41489,18,35
41490,18,34
41491,18,37
41492,18,35
41493,18,35
41494,18,38
41495,18,36
41496,18,35
41497,18,37
41498,18,36
41499,18,36
41500,18,37
41501,18,33
41502,18,35
41503,18,37
41504,18,34
41505,18,35
41506,18,37
41507,18,36
41508,18,36
41509,18,36
41510,18,37
41511,18,35
41512,18,39
41513,18,35
41514,18,36
41515,18,35
41516,18,34
41517,18,35
41518,18,36
41519,18,35
41520,18,36
41521,18,34
41522,18,36
41523,18,35
41524,18,36
41525,18,36
41526,18,37
41527,18,34
41528,18,36
41529,18,37
41530,18,35
41531,18,35
41532,18,36
41533,18,35
41534,18,36
41535,18,38
41536,18,35
41537,18,34
41538,18,35
41539,18,36
41540,18,36
41541,18,35
41542,18,35
41543,18,34
41544,18,37
41545,18,36
41546,18,36
41547,18,35
41548,18,38
41549,18,35
41550,18,35
41551,18,35
41552,18,33
41553,18,35
41554,18,34
41555,18,35
41556,18,36
41557,18,35
41558,18,35
41559,18,37
41560,18,33
41561,18,37
41562,18,36
41563,18,35
41564,18,35
41565,18,36
41566,18,35
41567,18,36
41568,18,37
41569,18,37
41570,18,36
41571,18,38
41572,18,34
41573,18,37
41574,18,35
41575,18,38
41576,18,35
41577,18,34
41578,18,38
41579,18,34
41580,18,38
41581,18,35
41582,18,37
41583,18,38
41584,18,36
41585,18,36
41586,18,35
41587,18,35
41588,18,37
41589,18,36
41590,18,38
41591,18,34
41592,18,36
41593,18,36
41594,18,36
41595,18,35
41596,18,35
41597,18,36
41598,18,34
41599,18,35
41600,18,36
41601,18,37
41602,18,36
41603,18,34
41604,18,36
41605,18,36
41606,18,37
41607,18,36
41608,18,34
41609,18,34
41610,18,35
41611,18,35
41612,18,35
41613,18,35
41614,18,36
41615,18,37
41616,18,35
41617,18,35
41618,18,39
41619,18,36
41620,18,36
41621,18,37
41622,18,35
41623,18,37
41624,18,36
41625,18,35
41626,18,37
41627,18,36
41628,18,37
41629,18,36
41630,18,36
41631,18,35
41632,18,37
41633,18,36
41634,18,37
41635,18,37
41636,18,34
41637,18,36
41638,18,35
41639,18,36
41640,18,36
41641,18,35
41642,18,37
41643,18,36
41644,18,41
41645,18,35
41646,18,36
41647,18,35
41648,18,37
41649,18,36
41650,18,35
41651,18,35
41652,18,35
41653,18,38
41654,18,35
41655,18,37
41656,18,37
41657,18,35
41658,18,34
41659,18,35
41660,18,36
41661,18,34
41662,18,35
41663,18,35
41664,18,34
41665,18,33
41666,18,37
41667,18,37
41668,18,35
41669,18,36
41670,18,36
41671,18,38
41672,18,35
41673,18,37
41674,18,34
41675,18,35
41676,18,33
41677,18,37
41678,18,37
41679,18,36
41680,18,35
41681,18,36
41682,18,36
41683,18,35
41684,18,37
41685,18,35
41686,18,35
41687,18,35
41688,18,38
41689,18,37
41690,18,36
41691,18,37
41692,18,37
41693,18,38
41694,18,35
41695,18,36
41696,18,37
41697,18,33
41698,18,37
41699,18,35
41700,18,34
41701,18,37
41702,18,35
41703,18,34
41704,18,35
41705,18,35
41706,18,36
41707,18,37
41708,18,37
41709,18,34
41710,18,35
41711,18,38
41712,18,38
41713,18,35
41714,18,35
41715,18,36
41716,18,37
41717,18,35
41718,18,34
41719,18,35
41720,18,38
41721,18,35
41722,18,36
41723,18,36
41724,18,38
41725,18,35
41726,18,35
41727,18,36
41728,18,37
41729,18,36
41730,18,36
41731,18,34
41732,18,34
41733,18,36
41734,18,35
41735,18,35
41736,18,37
41737,18,36
41738,18,35
41739,18,35
41740,18,34
41741,18,36
41742,18,34
41743,18,35
41744,18,37
41745,18,36
41746,18,35
41747,18,36
41748,18,36
41749,18,34
41750,18,38
41751,18,36
41752,18,36
41753,18,36
41754,18,37
41755,18,35
41756,18,38
41757,18,35
41758,18,37
41759,18,34
41760,18,36
41761,18,36
41762,18,34
41763,18,33
41764,18,36
41765,18,37
41766,18,35
41767,18,35
41768,18,35
41769,18,36
41770,18,37
41771,18,35
41772,18,35
41773,18,35
41774,18,38
41775,18,35
41776,18,34
41777,18,34
41778,18,35
41779,18,35
41780,18,38
41781,18,34
41782,18,37
41783,18,33
41784,18,37
41785,18,36
41786,18,35
41787,18,35
41788,18,38
41789,18,35
41790,18,34
41791,18,35
41792,18,36
41793,18,36
41794,18,34
41795,18,35
41796,18,38
41797,18,36
41798,18,37
41799,18,36
41800,18,35
41801,18,36
41802,18,35
41803,18,35
41804,18,34
41805,18,35
41806,18,33
41807,18,35
41808,18,35
41809,18,35
41810,18,37
41811,18,35
41812,18,37
41813,18,36
41814,18,36
41815,18,36
41816,18,35
41817,18,36
41818,18,37
41819,18,36
41820,18,36
41821,18,40
41822,18,37
41823,18,37
41824,18,37
41825,18,36
41826,18,35
41827,18,37
41828,18,36
41829,18,37
41830,18,34
41831,18,36
41832,18,37
41833,18,37
41834,18,34
41835,18,35
41836,18,37
41837,18,34
41838,18,35
41839,18,36
41840,18,36
41841,18,36
41842,18,34
41843,18,37
41844,18,34
41845,18,34
41846,18,35
41847,18,33
41848,18,36
41849,18,36
41850,18,33
41851,18,34
41852,18,36
41853,18,36
41854,18,37
41855,18,34
41856,18,36
41857,18,37
41858,18,37
41859,18,36
41860,18,35
41861,18,35
41862,18,37
41863,18,35
41864,18,35
41865,18,37
41866,18,35
41867,18,38
41868,18,36
41869,18,36
41870,18,35
41871,18,35
41872,18,34
41873,18,35
41874,18,39
41875,18,37
41876,18,37
41877,18,37
41878,18,37
41879,18,37
41880,18,37
41881,18,34
41882,18,35
41883,18,34
41884,18,38
41885,18,36
41886,18,36
41887,18,36
41888,18,37
41889,18,35
41890,18,36
41891,18,34
41892,18,37
41893,18,36
41894,18,35
41895,18,36
41896,18,36
41897,18,36
41898,18,37
41899,18,36
41900,18,35
41901,18,36
41902,18,37
41903,18,34
41904,18,36
41905,18,38
41906,18,36
41907,18,35
41908,18,36
41909,18,36
41910,18,35
41911,18,36
41912,18,34
41913,18,34
41914,18,34
41915,18,36
41916,18,36
41917,18,35
41918,18,35
41919,18,35
41920,18,37
41921,18,35
41922,18,36
41923,18,34
41924,18,34
41925,18,35
41926,18,35
41927,18,35
41928,18,36
41929,18,34
41930,18,35
41931,18,36
41932,18,36
41933,18,36
41934,18,38
41935,18,35
41936,18,35
41937,18,34
41938,18,35
41939,18,36
41940,18,34
41941,18,34
41942,18,37
41943,18,36
41944,18,35
41945,18,38
41946,18,36
41947,18,37
41948,18,37
41949,18,35
41950,18,37
41951,18,35
41952,18,38
41953,18,36
41954,18,36
41955,18,38
41956,18,35
41957,18,34
41958,18,36
41959,18,35
41960,18,39
41961,18,35
41962,18,35
41963,18,35
41964,18,36
41965,18,36
41966,18,36
41967,18,35
41968,18,35
41969,18,36
41970,18,34
41971,18,36
41972,18,37
41973,18,34
41974,18,34
41975,18,36
41976,18,35
41977,18,36
41978,18,35
41979,18,36
41980,18,34
41981,18,34
41982,18,35
41983,18,35
41984,18,34
41985,18,34
41986,18,36
41987,18,36
41988,18,36
41989,18,35
41990,18,35
41991,18,36
41992,18,36
41993,18,34
41994,18,35
41995,18,36
41996,18,37
41997,18,36
41998,18,35
41999,18,34
42000,18,37
42001,18,36
42002,18,39
42003,18,34
42004,18,37
42005,18,34
42006,18,36
42007,18,37
42008,18,34
42009,18,37
42010,18,36
42011,18,36
42012,18,36
42013,18,34
42014,18,34
42015,18,35
42016,18,35
42017,18,36
42018,18,36
42019,18,35
42020,18,34
42021,18,34
42022,18,36
42023,18,35
42024,18,35
42025,18,36
42026,18,35
42027,18,35
42028,18,36
42029,18,37
42030,18,35
42031,18,37
42032,18,37
42033,18,35
42034,18,36
42035,18,36
42036,18,38
42037,18,37
42038,18,39
42039,18,36
42040,18,36
42041,18,36
42042,18,34
42043,18,38
42044,18,34
42045,18,37
42046,18,37
42047,18,36
42048,18,36
42049,18,37
42050,18,35
42051,18,35
42052,18,34
42053,18,36
42054,18,34
42055,18,36
42056,18,35
42057,18,35
42058,18,37
42059,18,37
42060,18,34
42061,18,36
42062,18,36
42063,18,36
42064,18,37
42065,18,35
42066,18,35
42067,18,37
42068,18,37
42069,18,37
42070,18,35
42071,18,34
42072,18,36
42073,18,37
42074,18,35
42075,18,34
42076,18,36
42077,18,38
42078,18,35
42079,18,36
42080,18,36
42081,18,37
42082,18,36
42083,18,35
42084,18,37
42085,18,36
42086,18,36
42087,18,33
42088,18,37
42089,18,36
42090,18,36
42091,18,36
42092,18,35
42093,18,34
42094,18,35
42095,18,36
42096,18,37
42097,18,37
42098,18,35
42099,18,35
42100,18,34
42101,18,36
42102,18,38
42103,18,40
42104,18,34
42105,18,36
42106,18,36
42107,18,35
42108,18,39
42109,18,37
42110,18,35
42111,18,36
42112,18,35
42113,18,36
42114,18,34
42115,18,37
42116,18,34
42117,18,35
42118,18,34
42119,18,34
42120,18,37
42121,18,35
42122,18,37
42123,18,37
42124,18,36
42125,18,35
42126,18,35
42127,18,35
42128,18,36
42129,18,38
42130,18,35
42131,18,37
42132,18,36
42133,18,35
42134,18,35
42135,18,37
42136,18,36
42137,18,36
42138,18,36
42139,18,35
42140,18,35
42141,18,36
42142,18,36
42143,18,37
42144,18,34
42145,18,37
42146,18,35
42147,18,35
42148,18,35
42149,18,36
42150,18,35
42151,18,36
42152,18,36
42153,18,36
42154,18,36
42155,18,35
42156,18,36
42157,18,35
42158,18,35
42159,18,36
42160,18,36
42161,18,37
42162,18,37
42163,18,36
42164,18,36
42165,18,35
42166,18,36
42167,18,36
42168,18,36
42169,18,34
42170,18,36
42171,18,34
42172,18,38
42173,18,36
42174,18,36
42175,18,35
42176,18,35
42177,18,36
42178,18,36
42179,18,35
42180,18,37
42181,18,37
42182,18,35
42183,18,36
42184,18,37
42185,18,35
42186,18,37
42187,18,37
42188,18,37
42189,18,36
42190,18,34
42191,18,36
42192,18,35
42193,18,36
42194,18,36
42195,18,33
42196,18,35
42197,18,36
42198,18,34
42199,18,36
42200,18,38
42201,18,37
42202,18,36
42203,18,36
42204,18,36
42205,18,35
42206,18,37
42207,18,35
42208,18,37
42209,18,36
42210,18,34
42211,18,36
42212,18,34
42213,18,35
42214,18,35
42215,18,35
42216,18,36
42217,18,38
42218,18,36
42219,18,36
42220,18,36
42221,18,36
42222,18,35
42223,18,35
42224,18,35
42225,18,34
42226,18,37
42227,18,37
42228,18,34
42229,18,36
42230,18,36
42231,18,35
42232,18,37
42233,18,37
42234,18,36
42235,18,36
42236,18,34
42237,18,35
42238,18,35
42239,18,36
42240,18,36
42241,18,37
42242,18,37
42243,18,38
42244,18,37
42245,18,35
42246,18,36
42247,18,34
42248,18,34
42249,18,38
42250,18,37
42251,18,35
42252,18,38
42253,18,34
42254,18,36
42255,18,35
42256,18,37
42257,18,35
42258,18,35
42259,18,36
42260,18,36
42261,18,35
42262,18,34
42263,18,36
42264,18,34
42265,18,35
42266,18,38
42267,18,34
42268,18,35
42269,18,37
42270,18,33
42271,18,36
42272,18,35
42273,18,36
42274,18,35
42275,18,36
42276,18,37
42277,18,35
42278,18,36
42279,18,39
42280,18,36
42281,18,38
42282,18,34
42283,18,35
42284,18,35
42285,18,36
42286,18,35
42287,18,35
42288,18,35
42289,18,37
42290,18,37
42291,18,33
42292,18,35
42293,18,36
42294,18,34
42295,18,35
42296,18,35
42297,18,37
42298,18,33
42299,18,34
42300,18,36
42301,18,34
42302,18,37
42303,18,36
42304,18,36
42305,18,36
42306,18,36
42307,18,35
42308,18,37
42309,18,36
42310,18,35
42311,18,35
42312,18,36
42313,18,38
42314,18,35
42315,18,38
42316,18,33
42317,18,35
42318,18,39
42319,18,36
42320,18,37
42321,18,39
42322,18,35
42323,18,37
42324,18,36
42325,18,36
42326,18,34
42327,18,34
42328,18,35
42329,18,35
42330,18,35
42331,18,36
42332,18,34
42333,18,34
42334,18,34
42335,18,37
42336,18,36
42337,18,36
42338,18,35
42339,18,35
42340,18,35
42341,18,37
42342,18,36
42343,18,34
42344,18,34
42345,18,36
42346,18,36
42347,18,35
42348,18,34
42349,18,36
42350,18,36
42351,18,37
42352,18,37
42353,18,38
42354,18,35
42355,18,35
42356,18,36
42357,18,35
42358,18,36
42359,18,36
42360,18,37
42361,18,37
42362,18,35
42363,18,38
42364,18,36
42365,18,37
42366,18,35
42367,18,37
42368,18,36
42369,18,37
42370,18,34
42371,18,37
42372,18,35
42373,18,35
42374,18,35
42375,18,35
42376,18,36
42377,18,34
42378,18,36
42379,18,35
42380,18,37
42381,18,36
42382,18,39
42383,18,38
42384,18,35
42385,18,34
42386,18,36
42387,18,34
42388,18,36
42389,18,37
42390,18,36
42391,18,37
42392,18,37
42393,18,36
42394,18,37
42395,18,36
42396,18,35
42397,18,38
42398,18,36
42399,18,38
42400,18,36
42401,18,35
42402,18,34
42403,18,37
42404,18,36
42405,18,38
42406,18,35
42407,18,35
42408,18,36
42409,18,36
42410,18,37
42411,18,36
42412,18,36
42413,18,37
42414,18,35
42415,18,37
42416,18,37
42417,18,37
42418,18,36
42419,18,37
42420,18,35
42421,18,35
42422,18,35
42423,18,35
42424,18,34
42425,18,38
42426,18,35
42427,18,35
42428,18,35
42429,18,36
42430,18,35
42431,18,35
42432,18,38
42433,18,36
42434,18,37
42435,18,36
42436,18,36
42437,18,36
42438,18,35
42439,18,35
42440,18,36
42441,18,35
42442,18,36
42443,18,34
42444,18,36
42445,18,35
42446,18,36
42447,18,38
42448,18,35
42449,18,33
42450,18,35
42451,18,37
42452,18,37
42453,18,38
42454,18,37
42455,18,36
42456,18,34
42457,18,37
42458,18,36
42459,18,36
42460,18,37
42461,18,35
42462,18,36
42463,18,35
42464,18,36
42465,18,38
42466,18,37
42467,18,36
42468,18,35
42469,18,35
42470,18,37
42471,18,35
42472,18,35
42473,18,35
42474,18,35
42475,18,36
42476,18,35
42477,18,36
42478,18,34
42479,18,35
42480,18,36
42481,18,36
42482,18,35
42483,18,34
42484,18,35
42485,18,38
42486,18,39
42487,18,36
42488,18,37
42489,18,36
42490,18,37
42491,18,39
42492,18,35
42493,18,35
42494,18,34
42495,18,39
42496,18,37
42497,18,36
42498,18,36
42499,18,36
42500,18,36
42501,18,38
42502,18,36
42503,18,37
42504,18,35
42505,18,35
42506,18,35
42507,18,35
42508,18,36
42509,18,36
42510,18,36
42511,18,33
42512,18,36
42513,18,34
42514,18,34
42515,18,38
42516,18,36
42517,18,34
42518,18,36
42519,18,35
42520,18,36
42521,18,34
42522,18,35
42523,18,36
42524,18,36
42525,18,37
42526,18,39
42527,18,34
42528,18,36
42529,18,35
42530,18,35
42531,18,36
42532,18,37
42533,18,35
42534,18,37
42535,18,36
42536,18,36
42537,18,38
42538,18,35
42539,18,36
42540,18,35
42541,18,36
42542,18,37
42543,18,37
42544,18,35
42545,18,33
42546,18,35
42547,18,38
42548,18,36
42549,18,35
42550,18,35
42551,18,37
42552,18,37
42553,18,37
42554,18,33
42555,18,39
42556,18,36
42557,18,36
42558,18,36
42559,18,36
42560,18,38
42561,18,37
42562,18,39
42563,18,35
42564,18,35
42565,18,34
42566,18,35
42567,18,39
42568,18,35
42569,18,35
42570,18,33
42571,18,35
42572,18,35
42573,18,37
42574,18,36
42575,18,36
42576,18,36
42577,18,35
42578,18,36
42579,18,37
42580,18,36
42581,18,34
42582,18,37
42583,18,36
42584,18,35
42585,18,35
42586,18,35
42587,18,35
42588,18,35
42589,18,37
42590,18,36
42591,18,37
42592,18,36
42593,18,38
42594,18,36
42595,18,37
42596,18,34
42597,18,37
42598,18,37
42599,18,36
42600,18,34
42601,18,36
42602,18,35
42603,18,37
42604,18,35
42605,18,35
42606,18,35
42607,18,36
42608,18,34
42609,18,35
42610,18,35
42611,18,34
42612,18,36
42613,18,35
42614,18,34
42615,18,36
42616,18,35
42617,18,36
42618,18,35
42619,18,38
42620,18,35
42621,18,36
42622,18,34
42623,18,36
42624,18,36
42625,18,35
42626,18,34
42627,18,36
42628,18,39
42629,18,34
42630,18,34
42631,18,35
42632,18,36
42633,18,35
42634,18,36
42635,18,36
42636,18,37
42637,18,38
42638,18,35
42639,18,35
42640,18,35
42641,18,37
42642,18,35
42643,18,36
42644,18,36
42645,18,37
42646,18,36
42647,18,35
42648,18,35
42649,18,35
42650,18,36
42651,18,35
42652,18,39
42653,18,34
42654,18,37
42655,18,36
42656,18,34
42657,18,34
42658,18,36
42659,18,37
42660,18,38
42661,18,37
42662,18,37
42663,18,36
42664,18,37
42665,18,37
42666,18,37
42667,18,36
42668,18,35
42669,18,37
42670,18,37
42671,18,34
42672,18,35
42673,18,36
42674,18,37
42675,18,39
42676,18,35
42677,18,38
42678,18,34
42679,18,36
42680,18,36
42681,18,39
42682,18,35
42683,18,36
42684,18,35
42685,18,34
42686,18,37
42687,18,33
42688,18,34
42689,18,37
42690,18,35
42691,18,39
42692,18,33
42693,18,36
42694,18,36
42695,18,35
42696,18,35
42697,18,35
42698,18,36
42699,18,36
42700,18,36
42701,18,35
42702,18,37
42703,18,36
42704,18,35
42705,18,38
42706,18,36
42707,18,36
42708,18,35
42709,18,34
42710,18,36
42711,18,35
42712,18,35
42713,18,36
42714,18,36
42715,18,36
42716,18,36
42717,18,34
42718,18,36
42719,18,37
42720,18,35
42721,18,36
42722,18,35
42723,18,35
42724,18,36
42725,18,35
42726,18,36
42727,18,37
42728,18,34
42729,18,35
42730,18,35
42731,18,35
42732,18,35
42733,18,37
42734,18,34
42735,18,35
42736,18,36
42737,18,35
42738,18,35
42739,18,37
42740,18,36
42741,18,36
42742,18,37
42743,18,37
42744,18,35
42745,18,36
42746,18,36
42747,18,34
42748,18,35
42749,18,37
42750,18,36
42751,18,34
42752,18,38
42753,18,36
42754,18,36
42755,18,35
42756,18,36
42757,18,35
42758,18,37
42759,18,35
42760,18,34
42761,18,35
42762,18,37
42763,18,36
42764,18,34
42765,18,34
42766,18,36
42767,18,37
42768,18,38
42769,18,36
42770,18,35
42771,18,35
42772,18,35
42773,18,35
42774,18,36
42775,18,36
42776,18,36
42777,18,37
42778,18,35
42779,18,35
42780,18,35
42781,18,35
42782,18,38
42783,18,37
42784,18,35
42785,18,35
42786,18,34
42787,18,35
42788,18,35
42789,18,37
42790,18,37
42791,18,36
42792,18,35
42793,18,38
42794,18,36
42795,18,34
42796,18,36
42797,18,37
42798,18,36
42799,18,36
42800,18,34
42801,18,38
42802,18,38
42803,18,35
42804,18,34
42805,18,34
42806,18,34
42807,18,37
42808,18,38
42809,18,36
42810,18,35
42811,18,35
42812,18,36
42813,18,37
42814,18,38
42815,18,34
42816,18,33
42817,18,36
42818,18,36
42819,18,35
42820,18,35
42821,18,35
42822,18,36
42823,18,36
42824,18,35
42825,18,35
42826,18,37
42827,18,38
42828,18,37
42829,18,37
42830,18,35
42831,18,38
42832,18,36
42833,18,34
42834,18,33
42835,18,38
42836,18,38
42837,18,34
42838,18,36
42839,18,34
42840,18,35
42841,18,34
42842,18,36
42843,18,35
42844,18,35
42845,18,34
42846,18,35
42847,18,35
42848,18,36
42849,18,35
42850,18,35
42851,18,35
42852,18,35
42853,18,36
42854,18,36
42855,18,35
42856,18,37
42857,18,38
42858,18,36
42859,18,36
42860,18,36
42861,18,36
42862,18,37
42863,18,35
42864,18,37
42865,18,33
42866,18,37
42867,18,35
42868,18,34
42869,18,39
42870,18,36
42871,18,38
42872,18,37
42873,18,36
42874,18,35
42875,18,37
42876,18,35
42877,18,38
42878,18,35
42879,18,35
42880,18,34
42881,18,35
42882,18,38
42883,18,35
42884,18,36
42885,18,35
42886,18,35
42887,18,35
42888,18,35
42889,18,37
42890,18,37
42891,18,34
42892,18,35
42893,18,35
42894,18,37
42895,18,34
42896,18,37
42897,18,41
42898,18,38
42899,18,34
42900,18,35
42901,18,37
42902,18,36
42903,18,36
42904,18,34
42905,18,36
42906,18,37
42907,18,36
42908,18,37
42909,18,37
42910,18,36
42911,18,36
42912,18,37
42913,18,36
42914,18,36
42915,18,36
42916,18,35
42917,18,36
42918,18,37
42919,18,33
42920,18,35
42921,18,35
42922,18,36
42923,18,34
42924,18,37
42925,18,36
42926,18,38
42927,18,37
42928,18,36
42929,18,37
42930,18,36
42931,18,36
42932,18,35
42933,18,35
42934,18,37
42935,18,37
42936,18,34
42937,18,35
42938,18,36
42939,18,37
42940,18,39
42941,18,37
42942,18,35
42943,18,35
42944,18,35
42945,18,34
42946,18,36
42947,18,35
42948,18,35
42949,18,35
42950,18,35
42951,18,36
42952,18,35
42953,18,36
42954,18,36
42955,18,35
42956,18,37
42957,18,36
42958,18,35
42959,18,36
42960,18,36
42961,18,35
42962,18,35
42963,18,37
42964,18,36
42965,18,35
42966,18,34
42967,18,34
42968,18,38
42969,18,38
42970,18,34
42971,18,36
42972,18,36
42973,18,37
42974,18,35
42975,18,36
42976,18,35
42977,18,36
42978,18,35
42979,18,36
42980,18,35
42981,18,35
42982,18,35
42983,18,35
42984,18,37
42985,18,35
42986,18,37
42987,18,35
42988,18,36
42989,18,36
42990,18,37
42991,18,35
42992,18,36
42993,18,35
42994,18,35
42995,18,35
42996,18,37
42997,18,36
42998,18,35
42999,18,37
43000,18,35
43001,18,35
43002,18,34
43003,18,35
43004,18,36
43005,18,37
43006,18,35
43007,18,35
43008,18,37
43009,18,34
43010,18,34
43011,18,37
43012,18,37
43013,18,35
43014,18,35
43015,18,36
43016,18,36
43017,18,36
43018,18,38
43019,18,35
43020,18,34
43021,18,36
43022,18,36
43023,18,33
43024,18,36
43025,18,35
43026,18,35
43027,18,35
43028,18,33
43029,18,37
43030,18,37
43031,18,36
43032,18,35
43033,18,34
43034,18,35
43035,18,36
43036,18,35
43037,18,36
43038,18,36
43039,18,37
43040,18,36
43041,18,36
43042,18,37
43043,18,35
43044,18,35
43045,18,33
43046,18,37
43047,18,35
43048,18,37
43049,18,34
43050,18,36
43051,18,36
43052,18,38
43053,18,36
43054,18,36
43055,18,35
43056,18,34
43057,18,35
43058,18,37
43059,18,35
43060,18,35
43061,18,37
43062,18,35
43063,18,36
43064,18,37
43065,18,37
43066,18,35
43067,18,35
43068,18,35
43069,18,34
43070,18,36
43071,18,36
43072,18,36
43073,18,36
43074,18,37
43075,18,36
43076,18,36
43077,18,36
43078,18,36
43079,18,36
43080,18,38
43081,18,35
43082,18,36
43083,18,39
43084,18,36
43085,18,35
43086,18,36
43087,18,36
43088,18,35
43089,18,35
43090,18,37
43091,18,36
43092,18,34
43093,18,33
43094,18,36
43095,18,35
43096,18,36
43097,18,34
43098,18,34
43099,18,37
43100,18,39
43101,18,37
43102,18,37
43103,18,35
43104,18,35
43105,18,36
43106,18,37
43107,18,36
43108,18,37
43109,18,36
43110,18,37
43111,18,35
43112,18,35
43113,18,37
43114,18,35
43115,18,36
43116,18,37
43117,18,35
43118,18,38
43119,18,35
43120,18,38
43121,18,36
43122,18,35
43123,18,35
43124,18,35
43125,18,36
43126,18,37
43127,18,37
43128,18,35
43129,18,36
43130,18,36
43131,18,38
43132,18,36
43133,18,36
43134,18,36
43135,18,35
43136,18,37
43137,18,37
43138,18,36
43139,18,35
43140,18,35
43141,18,36
43142,18,39
43143,18,37
43144,18,35
43145,18,37
43146,18,37
43147,18,37
43148,18,35
43149,18,39
43150,18,35
43151,18,36
43152,18,37
43153,18,34
43154,18,33
43155,18,38
43156,18,35
43157,18,35
43158,18,36
43159,18,34
43160,18,34
43161,18,36
43162,18,34
43163,18,36
43164,18,36
43165,18,36
43166,18,36
43167,18,37
43168,18,37
43169,18,37
43170,18,35
43171,18,35
43172,18,35
43173,18,35
43174,18,37
43175,18,34
43176,18,37
43177,18,36
43178,18,36
43179,18,36
43180,18,36
43181,18,40
43182,18,37
43183,18,34
43184,18,36
43185,18,36
43186,18,36
43187,18,34
43188,18,35
43189,18,36
43190,18,34
43191,18,36
43192,18,34
43193,18,37
43194,18,38
43195,18,37
43196,18,35
43197,18,36
43198,18,37
43199,18,35
43200,18,36
43201,18,35
43202,18,36
43203,18,36
43204,18,35
43205,18,36
43206,18,34
43207,18,36
43208,18,38
43209,18,35
43210,18,34
43211,18,36
43212,18,37
43213,18,36
43214,18,36
43215,18,39
43216,18,36
43217,18,37
43218,18,34
43219,18,37
43220,18,36
43221,18,35
43222,18,34
43223,18,36
43224,18,36
43225,18,34
43226,18,34
43227,18,34
43228,18,36
43229,18,36
43230,18,34
43231,18,35
43232,18,36
43233,18,37
43234,18,36
43235,18,36
43236,18,37
43237,18,35
43238,18,36
43239,18,35
43240,18,35
43241,18,35
43242,18,35
43243,18,34
43244,18,33
43245,18,38
43246,18,35
43247,18,36
43248,18,37
43249,18,34
43250,18,34
43251,18,35
43252,18,37
43253,18,36
43254,18,37
43255,18,38
43256,18,36
43257,18,34
43258,18,36
43259,18,34
43260,18,34
43261,18,34
43262,18,39
43263,18,36
43264,18,37
43265,18,36
43266,18,35
43267,18,37
43268,18,36
43269,18,37
43270,18,36
43271,18,35
43272,18,35
43273,18,36
43274,18,35
43275,18,36
43276,18,37
43277,18,37
43278,18,36
43279,18,39
43280,18,37
43281,18,36
43282,18,38
43283,18,39
43284,18,35
43285,18,36
43286,18,33
43287,18,36
43288,18,36
43289,18,37
43290,18,35
43291,18,36
43292,18,38
43293,18,36
43294,18,35
43295,18,36
43296,18,38
43297,18,35
43298,18,35
43299,18,35
43300,18,36
43301,18,36
43302,18,38
43303,18,36
43304,18,39
43305,18,35
43306,18,36
43307,18,36
43308,18,37
43309,18,35
43310,18,37
43311,18,35
43312,18,37
43313,18,36
43314,18,36
43315,18,37
43316,18,35
43317,18,35
43318,18,34
43319,18,37
43320,18,36
43321,18,34
43322,18,35
43323,18,34
43324,18,34
43325,18,36
43326,18,36
43327,18,36
43328,18,36
43329,18,36
43330,18,35
43331,18,37
43332,18,36
43333,18,36
43334,18,39
43335,18,35
43336,18,37
43337,18,38
43338,18,38
43339,18,36
43340,18,35
43341,18,36
43342,18,36
43343,18,36
43344,18,37
43345,18,36
43346,18,34
43347,18,36
43348,18,37
43349,18,33
43350,18,36
43351,18,35
43352,18,34
43353,18,37
43354,18,36
43355,18,36
43356,18,34
43357,18,37
43358,18,38
43359,18,38
43360,18,37
43361,18,36
43362,18,38
43363,18,36
43364,18,36
43365,18,36
43366,18,37
43367,18,36
43368,18,35
43369,18,34
43370,18,35
43371,18,37
43372,18,36
43373,18,37
43374,18,38
43375,18,37
43376,18,37
43377,18,35
43378,18,35
43379,18,36
43380,18,34
43381,18,34
43382,18,39
43383,18,36
43384,18,36
43385,18,36
43386,18,36
43387,18,38
43388,18,35
43389,18,35
43390,18,35
43391,18,37
43392,18,37
43393,18,39
43394,18,35
43395,18,39
43396,18,37
43397,18,36
43398,18,35
43399,18,37
43400,18,38
43401,18,36
43402,18,37
43403,18,36
43404,18,37
43405,18,34
43406,18,36
43407,18,33
43408,18,35
43409,18,36
43410,18,36
43411,18,35
43412,18,36
43413,18,36
43414,18,34
43415,18,38
43416,18,36
43417,18,35
43418,18,35
43419,18,37
43420,18,38
43421,18,35
43422,18,34
43423,18,36
43424,18,36
43425,18,33
43426,18,36
43427,18,35
43428,18,36
43429,18,35
43430,18,35
43431,18,35
43432,18,38
43433,18,36
43434,18,37
43435,18,36
43436,18,37
43437,18,36
43438,18,36
43439,18,34
43440,18,37
43441,18,35
43442,18,39
43443,18,36
43444,18,34
43445,18,35
43446,18,36
43447,18,37
43448,18,35
43449,18,38
43450,18,36
43451,18,36
43452,18,36
43453,18,36
43454,18,36
43455,18,38
43456,18,37
43457,18,35
43458,18,36
43459,18,38
43460,18,35
43461,18,40
43462,18,34
43463,18,36
43464,18,37
43465,18,34
43466,18,35
43467,18,37
43468,18,36
43469,18,36
43470,18,36
43471,18,36
43472,18,35
43473,18,37
43474,18,38
43475,18,35
43476,18,37
43477,18,36
43478,18,36
43479,18,34
43480,18,35
43481,18,36
43482,18,33
43483,18,34
43484,18,38
43485,18,38
43486,18,35
43487,18,39
43488,18,35
43489,18,34
43490,18,35
43491,18,36
43492,18,34
43493,18,36
43494,18,36
43495,18,35
43496,18,36
43497,18,36
43498,18,36
43499,18,35
43500,18,36
43501,18,35
43502,18,37
43503,18,37
43504,18,37
43505,18,36
43506,18,36
43507,18,35
43508,18,35
43509,18,38
43510,18,36
43511,18,36
43512,18,36
43513,18,37
43514,18,36
43515,18,34
43516,18,35
43517,18,37
43518,18,34
43519,18,36
43520,18,36
43521,18,35
43522,18,34
43523,18,36
43524,18,35
43525,18,34
43526,18,35
43527,18,37
43528,18,35
43529,18,36
43530,18,36
43531,18,35
43532,18,35
43533,18,35
43534,18,38
43535,18,35
43536,18,34
43537,18,34
43538,18,34
43539,18,36
43540,18,34
43541,18,38
43542,18,36
43543,18,36
43544,18,36
43545,18,37
43546,18,35
43547,18,37
43548,18,34
43549,18,37
43550,18,34
43551,18,34
43552,18,38
43553,18,38
43554,18,35
43555,18,36
43556,18,36
43557,18,37
43558,18,38
43559,18,35
43560,18,33
43561,18,37
43562,18,35
43563,18,36
43564,18,35
43565,18,35
43566,18,36
43567,18,36
43568,18,36
43569,18,35
43570,18,33
43571,18,37
43572,18,35
43573,18,36
43574,18,37
43575,18,37
43576,18,34
43577,18,34
43578,18,36
43579,18,37
43580,18,37
43581,18,37
43582,18,36
43583,18,36
43584,18,35
43585,18,36
43586,18,38
43587,18,36
43588,18,34
43589,18,37
43590,18,35
43591,18,36
43592,18,37
43593,18,38
43594,18,34
43595,18,38
43596,18,35
43597,18,38
43598,18,34
43599,18,36
43600,18,35
43601,18,38
43602,18,37
43603,18,38
43604,18,35
43605,18,37
43606,18,34
43607,18,37
43608,18,35
43609,18,35
43610,18,35
43611,18,36
43612,18,37
43613,18,35
43614,18,37
43615,18,36
43616,18,38
43617,18,36
43618,18,37
43619,18,37
43620,18,34
43621,18,33
43622,18,35
43623,18,38
43624,18,36
43625,18,37
43626,18,35
43627,18,36
43628,18,37
43629,18,38
43630,18,36
43631,18,34
43632,18,37
43633,18,36
43634,18,36
43635,18,34
43636,18,37
43637,18,38
43638,18,36
43639,18,35
43640,18,35
43641,18,36
43642,18,36
43643,18,38
43644,18,38
43645,18,36
43646,18,37
43647,18,37
43648,18,37
43649,18,36
43650,18,35
43651,18,34
43652,18,35
43653,18,35
43654,18,35
43655,18,36
43656,18,35
43657,18,35
43658,18,34
43659,18,34
43660,18,35
43661,18,34
43662,18,37
43663,18,36
43664,18,35
43665,18,39
43666,18,34
43667,18,34
43668,18,34
43669,18,36
43670,18,35
43671,18,34
43672,18,36
43673,18,39
43674,18,34
43675,18,36
43676,18,33
43677,18,35
43678,18,35
43679,18,36
43680,18,37
43681,18,35
43682,18,37
43683,18,36
43684,18,36
43685,18,39
43686,18,35
43687,18,36
43688,18,36
43689,18,35
43690,18,34
43691,18,35
43692,18,36
43693,18,38
43694,18,34
43695,18,35
43696,18,34
43697,18,37
43698,18,35
43699,18,37
43700,18,36
43701,18,37
43702,18,38
43703,18,35
43704,18,36
43705,18,37
43706,18,35
43707,18,35
43708,18,36
43709,18,35
43710,18,37
43711,18,36
43712,18,36
43713,18,37
43714,18,36
43715,18,35
43716,18,36
43717,18,36
43718,18,36
43719,18,36
43720,18,35
43721,18,37
43722,18,37
43723,18,37
43724,18,35
43725,18,35
43726,18,35
43727,18,38
43728,18,35
43729,18,36
43730,18,36
43731,18,34
43732,18,34
43733,18,36
43734,18,34
43735,18,36
43736,18,34
43737,18,35
43738,18,36
43739,18,35
43740,18,37
43741,18,37
43742,18,36
43743,18,37
43744,18,37
43745,18,38
43746,18,36
43747,18,35
43748,18,36
43749,18,37
43750,18,35
43751,18,38
43752,18,36
43753,18,34
43754,18,36
43755,18,37
43756,18,37
43757,18,35
43758,18,38
43759,18,36
43760,18,35
43761,18,36
43762,18,37
43763,18,34
43764,18,37
43765,18,36
43766,18,35
43767,18,35
43768,18,36
43769,18,35
43770,18,38
43771,18,35
43772,18,38
43773,18,37
43774,18,38
43775,18,38
43776,18,36
43777,18,37
43778,18,38
43779,18,36
43780,18,35
43781,18,35
43782,18,36
43783,18,35
43784,18,35
43785,18,37
43786,18,36
43787,18,36
43788,18,35
43789,18,38
43790,18,35
43791,18,36
43792,18,38
43793,18,37
43794,18,37
43795,18,35
43796,18,34
43797,18,37
43798,18,37
43799,18,36
43800,18,37
43801,18,36
43802,18,37
43803,18,38
43804,18,35
43805,18,36
43806,18,36
43807,18,35
43808,18,38
43809,18,36
43810,18,35
43811,18,35
43812,18,37
43813,18,38
43814,18,36
43815,18,34
43816,18,35
43817,18,35
43818,18,37
43819,18,36
43820,18,35
43821,18,36
43822,18,33
43823,18,36
43824,18,36
43825,18,34
43826,18,34
43827,18,37
43828,18,35
43829,18,36
43830,18,39
43831,18,35
43832,18,34
43833,18,36
43834,18,36
43835,18,36
43836,18,36
43837,18,38
43838,18,35
43839,18,34
43840,18,40
43841,18,37
43842,18,35
43843,18,35
43844,18,36
43845,18,36
43846,18,36
43847,18,37
43848,18,36
43849,18,33
43850,18,34
43851,18,38
43852,18,33
43853,18,39
43854,18,36
43855,18,35
43856,18,37
43857,18,36
43858,18,37
43859,18,37
43860,18,35
43861,18,37
43862,18,35
43863,18,38
43864,18,37
43865,18,36
43866,18,35
43867,18,36
43868,18,34
43869,18,37
43870,18,36
43871,18,36
43872,18,36
43873,18,38
43874,18,34
43875,18,36
43876,18,34
43877,18,34
43878,18,34
43879,18,35
43880,18,37
43881,18,39
43882,18,36
43883,18,35
43884,18,35
43885,18,34
43886,18,34
43887,18,36
43888,18,36
43889,18,33
43890,18,35
43891,18,35
43892,18,38
43893,18,37
43894,18,35
43895,18,36
43896,18,37
43897,18,37
43898,18,36
43899,18,34
43900,18,35
43901,18,35
43902,18,38
43903,18,36
43904,18,36
43905,18,35
43906,18,35
43907,18,37
43908,18,35
43909,18,38
43910,18,37
43911,18,35
43912,18,35
43913,18,36
43914,18,37
43915,18,36
43916,18,36
43917,18,35
43918,18,35
43919,18,33
43920,18,36
43921,18,36
43922,18,34
43923,18,36
43924,18,34
43925,18,35
43926,18,37
43927,18,34
43928,18,36
43929,18,36
43930,18,38
43931,18,35
43932,18,37
43933,18,35
43934,18,34
43935,18,36
43936,18,37
43937,18,35
43938,18,35
43939,18,36
43940,18,35
43941,18,37
43942,18,36
43943,18,36
43944,18,37
43945,18,36
43946,18,37
43947,18,37
43948,18,35
43949,18,34
43950,18,36
43951,18,36
43952,18,36
43953,18,36
43954,18,37
43955,18,39
43956,18,36
43957,18,36
43958,18,35
43959,18,35
43960,18,38
43961,18,35
43962,18,36
43963,18,34
43964,18,34
43965,18,35
43966,18,35
43967,18,37
43968,18,36
43969,18,36
43970,18,35
43971,18,35
43972,18,36
43973,18,35
43974,18,37
43975,18,34
43976,18,36
43977,18,35
43978,18,35
43979,18,36
43980,18,36
43981,18,38
43982,18,36
43983,18,35
43984,18,33
43985,18,38
43986,18,34
43987,18,38
43988,18,37
43989,18,36
43990,18,36
43991,18,35
43992,18,35
43993,18,36
43994,18,36
43995,18,35
43996,18,37
43997,18,33
43998,18,36
43999,18,37
44000,18,37
44001,18,35
44002,18,35
44003,18,36
44004,18,35
44005,18,36
44006,18,35
44007,18,36
44008,18,37
44009,18,35
44010,18,35
44011,18,37
44012,18,37
44013,18,34
44014,18,37
44015,18,36
44016,18,36
44017,18,34
44018,18,37
44019,18,38
44020,18,35
44021,18,37
44022,18,34
44023,18,36
44024,18,36
44025,18,35
44026,18,36
44027,18,34
44028,18,37
44029,18,35
44030,18,36
44031,18,37
44032,18,35
44033,18,37
44034,18,34
44035,18,38
44036,18,37
44037,18,38
44038,18,38
44039,18,36
44040,18,36
44041,18,36
44042,18,37
44043,18,38
44044,18,36
44045,18,36
44046,18,33
44047,18,36
44048,18,35
44049,18,35
44050,18,37
44051,18,34
44052,18,35
44053,18,34
44054,18,36
44055,18,35
44056,18,35
44057,18,34
44058,18,37
44059,18,36
44060,18,37
44061,18,37
44062,18,35
44063,18,37
44064,18,35
44065,18,37
44066,18,36
44067,18,36
44068,18,36
44069,18,35
44070,18,35
44071,18,36
44072,18,36
44073,18,36
44074,18,38
44075,18,35
44076,18,35
44077,18,35
44078,18,36
44079,18,37
44080,18,37
44081,18,35
44082,18,36
44083,18,37
44084,18,39
44085,18,36
44086,18,37
44087,18,35
44088,18,36
44089,18,37
44090,18,36
44091,18,35
44092,18,36
44093,18,35
44094,18,35
44095,18,36
44096,18,36
44097,18,39
44098,18,35
44099,18,37
44100,18,37
44101,18,34
44102,18,35
44103,18,35
44104,18,36
44105,18,37
44106,18,36
44107,18,32
44108,18,38
44109,18,37
44110,18,36
44111,18,35
44112,18,38
44113,18,37
44114,18,34
44115,18,35
44116,18,34
44117,18,36
44118,18,35
44119,18,36
44120,18,35
44121,18,35
44122,18,35
44123,18,35
44124,18,36
44125,18,37
44126,18,36
44127,18,37
44128,18,37
44129,18,36
44130,18,36
44131,18,37
44132,18,35
44133,18,35
44134,18,35
44135,18,36
44136,18,34
44137,18,37
44138,18,35
44139,18,36
44140,18,37
44141,18,35
44142,18,35
44143,18,34
44144,18,34
44145,18,36
44146,18,36
44147,18,38
44148,18,35
44149,18,36
44150,18,35
44151,18,37
44152,18,36
44153,18,38
44154,18,36
44155,18,36
44156,18,35
44157,18,35
44158,18,39
44159,18,36
44160,18,35
44161,18,37
44162,18,36
44163,18,35
44164,18,35
44165,18,37
44166,18,37
44167,18,36
44168,18,35
44169,18,36
44170,18,36
44171,18,36
44172,18,38
44173,18,36
44174,18,36
44175,18,35
44176,18,35
44177,18,36
44178,18,33
44179,18,36
44180,18,38
44181,18,34
44182,18,35
44183,18,37
44184,18,35
44185,18,35
44186,18,38
44187,18,38
44188,18,37
44189,18,34
44190,18,36
44191,18,36
44192,18,36
44193,18,37
44194,18,37
44195,18,36
44196,18,37
44197,18,38
44198,18,36
44199,18,36
44200,18,36
44201,18,35
44202,18,35
44203,18,38
44204,18,35
44205,18,35
44206,18,37
44207,18,36
44208,18,35
44209,18,37
44210,18,35
44211,18,36
44212,18,36
44213,18,36
44214,18,35
44215,18,38
44216,18,35
44217,18,35
44218,18,37
44219,18,36
44220,18,36
44221,18,36
44222,18,35
44223,18,34
44224,18,35
44225,18,35
44226,18,37
44227,18,36
44228,18,35
44229,18,36
44230,18,35
44231,18,36
44232,18,38
44233,18,35
44234,18,34
44235,18,37
44236,18,36
44237,18,35
44238,18,36
44239,18,35
44240,18,35
44241,18,35
44242,18,37
44243,18,36
44244,18,37
44245,18,35
44246,18,36
44247,18,37
44248,18,35
44249,18,36
44250,18,35
44251,18,35
44252,18,36
44253,18,36
44254,18,37
44255,18,35
44256,18,35
44257,18,34
44258,18,37
44259,18,36
44260,18,38
44261,18,36
44262,18,35
44263,18,36
44264,18,36
44265,18,34
44266,18,34
44267,18,36
44268,18,35
44269,18,37
44270,18,36
44271,18,38
44272,18,34
44273,18,37
44274,18,37
44275,18,37
44276,18,37
44277,18,35
44278,18,36
44279,18,36
44280,18,36
44281,18,35
44282,18,36
44283,18,36
44284,18,37
44285,18,35
44286,18,34
44287,18,36
44288,18,35
44289,18,34
44290,18,38
44291,18,36
44292,18,37
44293,18,37
44294,18,35
44295,18,36
44296,18,38
44297,18,35
44298,18,36
44299,18,36
44300,18,35
44301,18,37
44302,18,37
44303,18,35
44304,18,35
44305,18,36
44306,18,39
44307,18,34
44308,18,38
44309,18,35
44310,18,36
44311,18,35
44312,18,37
44313,18,34
44314,18,37
44315,18,36
44316,18,35
44317,18,36
44318,18,37
44319,18,36
44320,18,37
44321,18,35
44322,18,35
44323,18,34
44324,18,35
44325,18,35
44326,18,37
44327,18,36
44328,18,35
44329,18,34
44330,18,37
44331,18,35
44332,18,35
44333,18,39
44334,18,36
44335,18,37
44336,18,35
44337,18,36
44338,18,36
44339,18,34
44340,18,35
44341,18,36
44342,18,37
44343,18,35
44344,18,36
44345,18,34
44346,18,35
44347,18,38
44348,18,37
44349,18,35
44350,18,36
44351,18,39
44352,18,37
44353,18,37
44354,18,38
44355,18,36
44356,18,34
44357,18,38
44358,18,38
44359,18,36
44360,18,34
44361,18,36
44362,18,41
44363,18,38
44364,18,34
44365,18,39
44366,18,36
44367,18,38
44368,18,34
44369,18,38
44370,18,37
44371,18,35
44372,18,37
44373,18,36
44374,18,36
44375,18,36
44376,18,37
44377,18,38
44378,18,35
44379,18,36
44380,18,35
44381,18,37
44382,18,37
44383,18,35
44384,18,37
44385,18,38
44386,18,36
44387,18,34
44388,18,38
44389,18,35
44390,18,35
44391,18,34
44392,18,35
44393,18,39
44394,18,34
44395,18,37
44396,18,36
44397,18,38
44398,18,36
44399,18,35
44400,18,35
44401,18,37
44402,18,36
44403,18,37
44404,18,36
44405,18,36
44406,18,36
44407,18,38
44408,18,36
44409,18,36
44410,18,34
44411,18,38
44412,18,35
44413,18,36
44414,18,36
44415,18,37
44416,18,36
44417,18,36
44418,18,37
44419,18,36
44420,18,35
44421,18,36
44422,18,37
44423,18,37
44424,18,35
44425,18,34
44426,18,35
44427,18,35
44428,18,35
44429,18,36
44430,18,35
44431,18,36
44432,18,38
44433,18,35
44434,18,35
44435,18,35
44436,18,37
44437,18,37
44438,18,35
44439,18,36
44440,18,35
44441,18,36
44442,18,35
44443,18,36
44444,18,37
44445,18,36
44446,18,36
44447,18,35
44448,18,36
44449,18,35
44450,18,36
44451,18,38
44452,18,34
44453,18,35
44454,18,36
44455,18,37
44456,18,36
44457,18,38
44458,18,36
44459,18,34
44460,18,37
44461,18,36
44462,18,37
44463,18,36
44464,18,35
44465,18,34
44466,18,35
44467,18,38
44468,18,38
44469,18,37
44470,18,36
44471,18,38
44472,18,34
44473,18,36
44474,18,35
44475,18,36
44476,18,34
44477,18,37
44478,18,36
44479,18,35
44480,18,35
44481,18,34
44482,18,36
44483,18,38
44484,18,36
44485,18,35
44486,18,37
44487,18,35
44488,18,38
44489,18,37
44490,18,37
44491,18,38
44492,18,35
44493,18,37
44494,18,35
44495,18,35
44496,18,36
44497,18,35
44498,18,35
44499,18,35
44500,18,35
44501,18,36
44502,18,34
44503,18,35
44504,18,36
44505,18,35
44506,18,35
44507,18,35
44508,18,38
44509,18,35
44510,18,37
44511,18,36
44512,18,34
44513,18,35
44514,18,36
44515,18,36
44516,18,37
44517,18,37
44518,18,36
44519,18,36
44520,18,36
44521,18,35
44522,18,37
44523,18,37
44524,18,37
44525,18,35
44526,18,38
44527,18,35
44528,18,37
44529,18,34
44530,18,36
44531,18,36
44532,18,37
44533,18,37
44534,18,36
44535,18,34
44536,18,37
44537,18,36
44538,18,38
44539,18,38
44540,18,34
44541,18,34
44542,18,36
44543,18,38
44544,18,37
44545,18,36
44546,18,38
44547,18,34
44548,18,36
44549,18,35
44550,18,36
44551,18,37
44552,18,35
44553,18,34
44554,18,37
44555,18,37
44556,18,36
44557,18,35
44558,18,33
44559,18,36
44560,18,36
44561,18,35
44562,18,36
44563,18,35
44564,18,36
44565,18,36
44566,18,36
44567,18,36
44568,18,35
44569,18,34
44570,18,37
44571,18,33
44572,18,37
44573,18,37
44574,18,35
44575,18,35
44576,18,38
44577,18,36
44578,18,34
44579,18,36
44580,18,36
44581,18,35
44582,18,35
44583,18,35
44584,18,36
44585,18,35
44586,18,37
44587,18,39
44588,18,36
44589,18,35
44590,18,37
44591,18,37
44592,18,35
44593,18,34
44594,18,37
44595,18,35
44596,18,35
44597,18,35
44598,18,34
44599,18,37
44600,18,37
44601,18,35
44602,18,35
44603,18,36
44604,18,36
44605,18,38
44606,18,38
44607,18,39
44608,18,37
44609,18,35
44610,18,36
44611,18,35
44612,18,36
44613,18,37
44614,18,35
44615,18,35
44616,18,35
44617,18,35
44618,18,34
44619,18,34
44620,18,36
44621,18,36
44622,18,37
44623,18,36
44624,18,34
44625,18,38
44626,18,35
44627,18,35
44628,18,36
44629,18,36
44630,18,39
44631,18,36
44632,18,36
44633,18,33
44634,18,38
44635,18,37
44636,18,36
44637,18,38
44638,18,36
44639,18,34
44640,18,37
44641,18,37
44642,18,36
44643,18,34
44644,18,36
44645,18,38
44646,18,34
44647,18,38
44648,18,36
44649,18,35
44650,18,37
44651,18,36
44652,18,36
44653,18,35
44654,18,35
44655,18,35
44656,18,36
44657,18,36
44658,18,35
44659,18,37
44660,18,37
44661,18,37
44662,18,35
44663,18,35
44664,18,36
44665,18,36
44666,18,37
44667,18,35
44668,18,39
44669,18,37
44670,18,36
44671,18,36
44672,18,36
44673,18,32
44674,18,36
44675,18,35
44676,18,37
44677,18,36
44678,18,36
44679,18,35
44680,18,35
44681,18,35
44682,18,37
44683,18,36
44684,18,37
44685,18,34
44686,18,37
44687,18,34
44688,18,35
44689,18,36
44690,18,38
44691,18,39
44692,18,38
44693,18,36
44694,18,37
44695,18,36
44696,18,35
44697,18,36
44698,18,37
44699,18,35
44700,18,35
44701,18,36
44702,18,36
44703,18,36
44704,18,37
44705,18,37
44706,18,36
44707,18,36
44708,18,38
44709,18,36
44710,18,38
44711,18,37
44712,18,35
44713,18,38
44714,18,38
44715,18,35
44716,18,35
44717,18,37
44718,18,35
44719,18,36
44720,18,34
44721,18,38
44722,18,36
44723,18,35
44724,18,36
44725,18,36
44726,18,38
44727,18,37
44728,18,35
44729,18,38
44730,18,37
44731,18,36
44732,18,34
44733,18,35
44734,18,35
44735,18,37
44736,18,36
44737,18,37
44738,18,36
44739,18,35
44740,18,37
44741,18,37
44742,18,36
44743,18,35
44744,18,36
44745,18,36
44746,18,37
44747,18,35
44748,18,36
44749,18,36
44750,18,36
44751,18,35
44752,18,35
44753,18,39
44754,18,36
44755,18,35
44756,18,33
44757,18,37
44758,18,37
44759,18,36
44760,18,34
44761,18,34
44762,18,35
44763,18,35
44764,18,37
44765,18,37
44766,18,35
44767,18,36
44768,18,35
44769,18,35
44770,18,35
44771,18,35
44772,18,36
44773,18,36
44774,18,36
44775,18,37
44776,18,36
44777,18,35
44778,18,38
44779,18,36
44780,18,37
44781,18,35
44782,18,35
44783,18,35
44784,18,37
44785,18,36
44786,18,36
44787,18,38
44788,18,35
44789,18,36
44790,18,36
44791,18,35
44792,18,36
44793,18,33
44794,18,35
44795,18,36
44796,18,36
44797,18,36
44798,18,35
44799,18,35
44800,18,38
44801,18,36
44802,18,36
44803,18,37
44804,18,36
44805,18,36
44806,18,34
44807,18,37
44808,18,36
44809,18,35
44810,18,35
44811,18,36
44812,18,35
44813,18,35
44814,18,36
44815,18,36
44816,18,34
44817,18,35
44818,18,36
44819,18,35
44820,18,35
44821,18,37
44822,18,35
44823,18,36
44824,18,36
44825,18,37
44826,18,37
44827,18,37
44828,18,38
44829,18,36
44830,18,36
44831,18,35
44832,18,36
44833,18,35
44834,18,36
44835,18,37
44836,18,34
44837,18,36
44838,18,35
44839,18,34
44840,18,37
44841,18,37
44842,18,39
44843,18,36
44844,18,35
44845,18,36
44846,18,35
44847,18,36
44848,18,36
44849,18,35
44850,18,36
44851,18,37
44852,18,34
44853,18,38
44854,18,35
44855,18,37
44856,18,37
44857,18,35
44858,18,37
44859,18,36
44860,18,36
44861,18,39
44862,18,40
44863,18,38
44864,18,37
44865,18,35
44866,18,35
44867,18,35
44868,18,35
44869,18,36
44870,18,36
44871,18,36
44872,18,34
44873,18,36
44874,18,35
44875,18,39
44876,18,36
44877,18,36
44878,18,34
44879,18,35
44880,18,36
44881,18,35
44882,18,36
44883,18,35
44884,18,37
44885,18,38
44886,18,36
44887,18,37
44888,18,36
44889,18,35
44890,18,36
44891,18,35
44892,18,36
44893,18,36
44894,18,38
44895,18,34
44896,18,35
44897,18,38
44898,18,34
44899,18,38
44900,18,37
44901,18,35
44902,18,34
44903,18,35
44904,18,36
44905,18,36
44906,18,35
44907,18,36
44908,18,34
44909,18,38
44910,18,38
44911,18,35
44912,18,35
44913,18,35
44914,18,38
44915,18,38
44916,18,36
44917,18,36
44918,18,35
44919,18,36
44920,18,35
44921,18,36
44922,18,36
44923,18,35
44924,18,35
44925,18,34
44926,18,37
44927,18,35
44928,18,35
44929,18,39
44930,18,39
44931,18,36
44932,18,35
44933,18,36
44934,18,36
44935,18,37
44936,18,36
44937,18,36
44938,18,35
44939,18,36
44940,18,36
44941,18,34
44942,18,36
44943,18,35
44944,18,34
44945,18,37
44946,18,37
44947,18,35
44948,18,37
44949,18,35
44950,18,36
44951,18,35
44952,18,35
44953,18,35
44954,18,35
44955,18,34
44956,18,35
44957,18,35
44958,18,35
44959,18,37
44960,18,36
44961,18,36
44962,18,38
44963,18,37
44964,18,37
44965,18,36
44966,18,37
44967,18,36
44968,18,36
44969,18,35
44970,18,34
44971,18,37
44972,18,36
44973,18,38
44974,18,36
44975,18,34
44976,18,36
44977,18,36
44978,18,35
44979,18,38
44980,18,37
44981,18,34
44982,18,36
44983,18,37
44984,18,36
44985,18,36
44986,18,37
44987,18,36
44988,18,36
44989,18,36
44990,18,35
44991,18,35
44992,18,34
44993,18,35
44994,18,36
44995,18,36
44996,18,36
44997,18,35
44998,18,35
44999,18,36
45000,18,35
45001,18,35
45002,18,37
45003,18,36
45004,18,36
45005,18,35
45006,18,36
45007,18,35
45008,18,36
45009,18,37
45010,18,37
45011,18,37
45012,18,36
45013,18,37
45014,18,35
45015,18,36
45016,18,37
45017,18,35
45018,18,36
45019,18,36
45020,18,35
45021,18,36
45022,18,36
45023,18,37
45024,18,35
45025,18,38
45026,18,40
45027,18,35
45028,18,35
45029,18,38
45030,18,35
45031,18,35
45032,18,35
45033,18,36
45034,18,39
45035,18,35
45036,18,37
45037,18,36
45038,18,36
45039,18,37
45040,18,37
45041,18,36
45042,18,39
45043,18,38
45044,18,37
45045,18,38
45046,18,37
45047,18,36
45048,18,37
45049,18,35
45050,18,36
45051,18,36
45052,18,36
45053,18,37
45054,18,37
45055,18,35
45056,18,34
45057,18,36
45058,18,36
45059,18,34
45060,18,33
45061,18,35
45062,18,35
45063,18,37
45064,18,36
45065,18,36
45066,18,36
45067,18,37
45068,18,34
45069,18,37
45070,18,37
45071,18,36
45072,18,34
45073,18,38
45074,18,35
45075,18,35
45076,18,38
45077,18,36
45078,18,36
45079,18,38
45080,18,35
45081,18,36
45082,18,34
45083,18,36
45084,18,37
45085,18,38
45086,18,37
45087,18,38
45088,18,35
45089,18,36
45090,18,35
45091,18,36
45092,18,38
45093,18,38
45094,18,37
45095,18,37
45096,18,35
45097,18,36
45098,18,35
45099,18,36
45100,18,35
45101,18,36
45102,18,36
45103,18,37
45104,18,37
45105,18,36
45106,18,35
45107,18,36
45108,18,34
45109,18,37
45110,18,36
45111,18,34
45112,18,38
45113,18,37
45114,18,36
45115,18,35
45116,18,37
45117,18,34
45118,18,34
45119,18,36
45120,18,34
45121,18,36
45122,18,35
45123,18,37
45124,18,36
45125,18,37
45126,18,35
45127,18,39
45128,18,36
45129,18,36
45130,18,36
45131,18,37
45132,18,36
45133,18,35
45134,18,34
45135,18,33
45136,18,37
45137,18,36
45138,18,35
45139,18,34
45140,18,37
45141,18,36
45142,18,35
45143,18,39
45144,18,37
45145,18,34
45146,18,37
45147,18,37
45148,18,37
45149,18,37
45150,18,37
45151,18,36
45152,18,37
45153,18,36
45154,18,35
45155,18,36
45156,18,35
45157,18,35
45158,18,39
45159,18,36
45160,18,34
45161,18,38
45162,18,35
45163,18,36
45164,18,37
45165,18,34
45166,18,35
45167,18,36
45168,18,38
45169,18,35
45170,18,34
45171,18,35
45172,18,37
45173,18,38
45174,18,38
45175,18,36
45176,18,36
45177,18,35
45178,18,37
45179,18,35
45180,18,37
45181,18,37
45182,18,35
45183,18,35
45184,18,36
45185,18,36
45186,18,36
45187,18,35
45188,18,37
45189,18,36
45190,18,36
45191,18,34
45192,18,37
45193,18,37
45194,18,36
45195,18,36
45196,18,36
45197,18,36
45198,18,34
45199,18,33
45200,18,36
45201,18,36
45202,18,37
45203,18,36
45204,18,36
45205,18,35
45206,18,37
45207,18,35
45208,18,36
45209,18,38
45210,18,35
45211,18,38
45212,18,34
45213,18,37
45214,18,36
45215,18,35
45216,18,37
45217,18,32
45218,18,36
45219,18,37
45220,18,38
45221,18,36
45222,18,36
45223,18,35
45224,18,35
45225,18,35
45226,18,34
45227,18,35
45228,18,35
45229,18,37
45230,18,36
45231,18,35
45232,18,35
45233,18,38
45234,18,37
45235,18,38
45236,18,36
45237,18,37
45238,18,36
45239,18,34
45240,18,34
45241,18,35
45242,18,36
45243,18,36
45244,18,34
45245,18,37
45246,18,35
45247,18,35
45248,18,37
45249,18,36
45250,18,35
45251,18,37
45252,18,37
45253,18,36
45254,18,36
45255,18,38
45256,18,34
45257,18,39
45258,18,36
45259,18,36
45260,18,37
45261,18,38
45262,18,35
45263,18,36
45264,18,35
45265,18,35
45266,18,35
45267,18,38
45268,18,35
45269,18,37
45270,18,36
45271,18,36
45272,18,35
45273,18,36
45274,18,36
45275,18,37
45276,18,39
45277,18,36
45278,18,39
45279,18,37
45280,18,35
45281,18,34
45282,18,36
45283,18,36
45284,18,34
45285,18,37
45286,18,36
45287,18,36
45288,18,35
45289,18,40
45290,18,37
45291,18,33
45292,18,36
45293,18,38
45294,18,35
45295,18,37
45296,18,35
45297,18,36
45298,18,35
45299,18,36
45300,18,36
45301,18,36
45302,18,36
45303,18,35
45304,18,37
45305,18,35
45306,18,35
45307,18,34
45308,18,35
45309,18,36
45310,18,37
45311,18,35
45312,18,34
45313,18,34
45314,18,37
45315,18,37
45316,18,37
45317,18,38
45318,18,38
45319,18,36
45320,18,34
45321,18,35
45322,18,34
45323,18,36
45324,18,35
45325,18,35
45326,18,35
45327,18,34
45328,18,34
45329,18,34
45330,18,36
45331,18,35
45332,18,37
45333,18,35
45334,18,37
45335,18,37
45336,18,35
45337,18,37
45338,18,36
45339,18,35
45340,18,36
45341,18,39
45342,18,36
45343,18,37
45344,18,36
45345,18,36
45346,18,36
45347,18,34
45348,18,36
45349,18,36
45350,18,34
45351,18,36
45352,18,35
45353,18,38
45354,18,38
45355,18,36
45356,18,34
45357,18,36
45358,18,36
45359,18,37
45360,18,36
45361,18,35
45362,18,37
45363,18,36
45364,18,38
45365,18,35
45366,18,34
45367,18,34
45368,18,36
45369,18,40
45370,18,35
45371,18,36
45372,18,38
45373,18,37
45374,18,36
45375,18,37
45376,18,37
45377,18,38
45378,18,36
45379,18,35
45380,18,38
45381,18,36
45382,18,36
45383,18,37
45384,18,36
45385,18,38
45386,18,36
45387,18,34
45388,18,34
45389,18,35
45390,18,36
45391,18,35
45392,18,36
45393,18,35
45394,18,37
45395,18,35
45396,18,36
45397,18,38
45398,18,37
45399,18,36
45400,18,36
45401,18,38
45402,18,35
45403,18,35
45404,18,37
45405,18,37
45406,18,34
45407,18,36
45408,18,36
45409,18,34
45410,18,35
45411,18,35
45412,18,37
45413,18,35
45414,18,35
45415,18,34
45416,18,35
45417,18,35
45418,18,37
45419,18,36
45420,18,34
45421,18,36
45422,18,37
45423,18,35
45424,18,33
45425,18,35
45426,18,37
45427,18,35
45428,18,36
45429,18,36
45430,18,36
45431,18,38
45432,18,38
45433,18,36
45434,18,37
45435,18,34
45436,18,36
45437,18,37
45438,18,35
45439,18,36
45440,18,35
45441,18,38
45442,18,34
45443,18,37
45444,18,40
45445,18,36
45446,18,36
45447,18,35
45448,18,37
45449,18,34
45450,18,36
45451,18,36
45452,18,37
45453,18,34
45454,18,36
45455,18,38
45456,18,34
45457,18,37
45458,18,35
45459,18,36
45460,18,34
45461,18,35
45462,18,35
45463,18,36
45464,18,33
45465,18,36
45466,18,36
45467,18,35
45468,18,36
45469,18,36
45470,18,37
45471,18,35
45472,18,34
45473,18,36
45474,18,36
45475,18,39
45476,18,36
45477,18,35
45478,18,37
45479,18,36
45480,18,36
45481,18,34
45482,18,39
45483,18,36
45484,18,35
45485,18,35
45486,18,36
45487,18,36
45488,18,35
45489,18,36
45490,18,35
45491,18,36
45492,18,36
45493,18,38
45494,18,36
45495,18,35
45496,18,37
45497,18,37
45498,18,34
45499,18,37
45500,18,34
45501,18,36
45502,18,36
45503,18,36
45504,18,35
45505,18,36
45506,18,36
45507,18,34
45508,18,37
45509,18,36
45510,18,37
45511,18,35
45512,18,37
45513,18,38
45514,18,36
45515,18,34
45516,18,35
45517,18,36
45518,18,36
45519,18,39
45520,18,36
45521,18,37
45522,18,35
45523,18,35
45524,18,35
45525,18,38
45526,18,35
45527,18,35
45528,18,34
45529,18,37
45530,18,36
45531,18,36
45532,18,37
45533,18,37
45534,18,35
45535,18,36
45536,18,38
45537,18,36
45538,18,37
45539,18,36
45540,18,35
45541,18,35
45542,18,35
45543,18,35
45544,18,36
45545,18,35
45546,18,36
45547,18,36
45548,18,36
45549,18,34
45550,18,37
45551,18,37
45552,18,38
45553,18,36
45554,18,34
45555,18,36
45556,18,37
45557,18,35
45558,18,34
45559,18,37
45560,18,35
45561,18,37
45562,18,35
45563,18,35
45564,18,38
45565,18,36
45566,18,36
45567,18,35
45568,18,37
45569,18,38
45570,18,35
45571,18,37
45572,18,35
45573,18,36
45574,18,37
45575,18,36
45576,18,37
45577,18,38
45578,18,37
45579,18,37
45580,18,38
45581,18,38
45582,18,36
45583,18,37
45584,18,36
45585,18,36
45586,18,37
45587,18,35
45588,18,33
45589,18,34
45590,18,35
45591,18,40
45592,18,35
45593,18,36
45594,18,36
45595,18,36
45596,18,39
45597,18,36
45598,18,35
45599,18,35
45600,18,35
45601,18,37
45602,18,35
45603,18,36
45604,18,35
45605,18,34
45606,18,35
45607,18,36
45608,18,37
45609,18,36
45610,18,35
45611,18,37
45612,18,38
45613,18,38
45614,18,35
45615,18,36
45616,18,37
45617,18,34
45618,18,36
45619,18,37
45620,18,36
45621,18,36
45622,18,37
45623,18,38
45624,18,36
45625,18,38
45626,18,36
45627,18,38
45628,18,35
45629,18,38
45630,18,35
45631,18,38
45632,18,34
45633,18,36
45634,18,37
45635,18,37
45636,18,36
45637,18,33
45638,18,36
45639,18,36
45640,18,38
45641,18,36
45642,18,36
45643,18,37
45644,18,36
45645,18,36
45646,18,35
45647,18,36
45648,18,36
45649,18,37
45650,18,35
45651,18,36
45652,18,36
45653,18,34
45654,18,36
45655,18,35
45656,18,36
45657,18,36
45658,18,37
45659,18,36
45660,18,37
45661,18,34
45662,18,37
45663,18,35
45664,18,34
45665,18,37
45666,18,37
45667,18,35
45668,18,35
45669,18,38
45670,18,36
45671,18,38
45672,18,36
45673,18,38
45674,18,37
45675,18,37
45676,18,35
45677,18,36
45678,18,38
45679,18,38
45680,18,36
45681,18,36
45682,18,36
45683,18,35
45684,18,36
45685,18,36
45686,18,36
45687,18,36
45688,18,34
45689,18,36
45690,18,36
45691,18,36
45692,18,37
45693,18,37
45694,18,35
45695,18,35
45696,18,35
45697,18,36
45698,18,37
45699,18,36
45700,18,36
45701,18,36
45702,18,37
45703,18,36
45704,18,37
45705,18,38
45706,18,37
45707,18,38
45708,18,35
45709,18,37
45710,18,39
45711,18,36
45712,18,36
45713,18,35
45714,18,37
45715,18,35
45716,18,34
45717,18,37
45718,18,37
45719,18,36
45720,18,36
45721,18,36
45722,18,35
45723,18,36
45724,18,36
45725,18,36
45726,18,36
45727,18,36
45728,18,36
45729,18,35
45730,18,36
45731,18,35
45732,18,36
45733,18,37
45734,18,35
45735,18,36
45736,18,38
45737,18,35
45738,18,36
45739,18,35
45740,18,35
45741,18,35
45742,18,38
45743,18,37
45744,18,35
45745,18,38
45746,18,37
45747,18,35
45748,18,37
45749,18,34
45750,18,36
45751,18,36
45752,18,36
45753,18,35
45754,18,36
45755,18,37
45756,18,36
45757,18,38
45758,18,37
45759,18,35
45760,18,36
45761,18,36
45762,18,35
45763,18,36
45764,18,35
45765,18,36
45766,18,36
45767,18,35
45768,18,39
45769,18,35
45770,18,37
45771,18,34
45772,18,36
45773,18,36
45774,18,35
45775,18,37
45776,18,35
45777,18,36
45778,18,36
45779,18,34
45780,18,35
45781,18,37
45782,18,37
45783,18,35
45784,18,37
45785,18,35
45786,18,36
45787,18,36
45788,18,35
45789,18,36
45790,18,36
45791,18,36
45792,18,36
45793,18,36
45794,18,35
45795,18,37
45796,18,35
45797,18,38
45798,18,37
45799,18,36
45800,18,38
45801,18,34
45802,18,35
45803,18,37
45804,18,36
45805,18,36
45806,18,37
45807,18,34
45808,18,36
45809,18,41
45810,18,37
45811,18,35
45812,18,35
45813,18,35
45814,18,34
45815,18,37
45816,18,34
45817,18,34
45818,18,37
45819,18,35
45820,18,37
45821,18,35
45822,18,37
45823,18,34
45824,18,36
45825,18,38
45826,18,36
45827,18,36
45828,18,35
45829,18,36
45830,18,35
45831,18,37
45832,18,38
45833,18,35
45834,18,34
45835,18,34
45836,18,36
45837,18,34
45838,18,35
45839,18,36
45840,18,36
45841,18,36
45842,18,35
45843,18,36
45844,18,35
45845,18,38
45846,18,38
45847,18,34
45848,18,35
45849,18,35
45850,18,39
45851,18,35
45852,18,36
45853,18,35
45854,18,38
45855,18,35
45856,18,35
45857,18,36
45858,18,35
45859,18,35
45860,18,40
45861,18,36
45862,18,37
45863,18,36
45864,18,36
45865,18,35
45866,18,36
45867,18,35
45868,18,34
45869,18,35
45870,18,35
45871,18,37
45872,18,37
45873,18,35
45874,18,38
45875,18,37
45876,18,34
45877,18,36
45878,18,35
45879,18,35
45880,18,37
45881,18,35
45882,18,35
45883,18,37
45884,18,35
45885,18,35
45886,18,37
45887,18,36
45888,18,36
45889,18,35
45890,18,36
45891,18,35
45892,18,36
45893,18,35
45894,18,39
45895,18,36
45896,18,34
45897,18,35
45898,18,35
45899,18,35
45900,18,37
45901,18,36
45902,18,36
45903,18,37
45904,18,37
45905,18,36
45906,18,35
45907,18,35
45908,18,37
45909,18,35
45910,18,37
45911,18,37
45912,18,37
45913,18,35
45914,18,37
45915,18,35
45916,18,35
45917,18,37
45918,18,37
45919,18,37
45920,18,35
45921,18,35
45922,18,36
45923,18,35
45924,18,35
45925,18,35
45926,18,37
45927,18,38
45928,18,35
45929,18,37
45930,18,36
45931,18,36
45932,18,36
45933,18,36
45934,18,36
45935,18,37
45936,18,36
45937,18,36
45938,18,36
45939,18,36
45940,18,36
45941,18,37
45942,18,39
45943,18,37
45944,18,36
45945,18,37
45946,18,34
45947,18,38
45948,18,37
45949,18,38
45950,18,36
45951,18,37
45952,18,37
45953,18,35
45954,18,37
45955,18,38
45956,18,36
45957,18,36
45958,18,35
45959,18,36
45960,18,35
45961,18,37
45962,18,37
45963,18,35
45964,18,37
45965,18,37
45966,18,38
45967,18,38
45968,18,33
45969,18,34
45970,18,36
45971,18,37
45972,18,41
45973,18,36
45974,18,35
45975,18,37
45976,18,35
45977,18,35
45978,18,36
45979,18,39
45980,18,34
45981,18,36
45982,18,38
45983,18,34
45984,18,35
45985,18,37
45986,18,36
45987,18,38
45988,18,36
45989,18,35
45990,18,35
45991,18,35
45992,18,35
45993,18,36
45994,18,36
45995,18,38
45996,18,36
45997,18,35
45998,18,35
45999,18,38
46000,18,36
46001,18,36
46002,18,37
46003,18,38
46004,18,38
46005,18,38
46006,18,38
46007,18,36
46008,18,36
46009,18,38
46010,18,33
46011,18,37
46012,18,34
46013,18,36
46014,18,36
46015,18,36
46016,18,38
46017,18,36
46018,18,36
46019,18,36
46020,18,37
46021,18,34
46022,18,36
46023,18,36
46024,18,38
46025,18,36
46026,18,36
46027,18,37
46028,18,37
46029,18,36
46030,18,35
46031,18,34
46032,18,36
46033,18,36
46034,18,34
46035,18,34
46036,18,36
46037,18,37
46038,18,34
46039,18,37
46040,18,35
46041,18,36
46042,18,35
46043,18,34
46044,18,35
46045,18,39
46046,18,34
46047,18,36
46048,18,34
46049,18,37
46050,18,36
46051,18,36
46052,18,34
46053,18,36
46054,18,37
46055,18,36
46056,18,38
46057,18,35
46058,18,35
46059,18,35
46060,18,36
46061,18,35
46062,18,36
46063,18,36
46064,18,36
46065,18,37
46066,18,36
46067,18,39
46068,18,38
46069,18,37
46070,18,37
46071,18,35
46072,18,36
46073,18,37
46074,18,35
46075,18,38
46076,18,36
46077,18,36
46078,18,37
46079,18,36
46080,18,35
46081,18,35
46082,18,35
46083,18,35
46084,18,35
46085,18,36
46086,18,35
46087,18,38
46088,18,35
46089,18,34
46090,18,38
46091,18,36
46092,18,35
46093,18,35
46094,18,35
46095,18,35
46096,18,36
46097,18,37
46098,18,37
46099,18,34
46100,18,35
46101,18,35
46102,18,35
46103,18,36
46104,18,36
46105,18,36
46106,18,37
46107,18,38
46108,18,36
46109,18,35
46110,18,38
46111,18,39
46112,18,35
46113,18,34
46114,18,36
46115,18,33
46116,18,36
46117,18,36
46118,18,36
46119,18,34
46120,18,35
46121,18,36
46122,18,35
46123,18,36
46124,18,38
46125,18,35
46126,18,36
46127,18,36
46128,18,37
46129,18,36
46130,18,36
46131,18,38
46132,18,37
46133,18,37
46134,18,37
46135,18,35
46136,18,38
46137,18,38
46138,18,34
46139,18,34
46140,18,34
46141,18,34
46142,18,34
46143,18,37
46144,18,36
46145,18,36
46146,18,39
46147,18,36
46148,18,37
46149,18,38
46150,18,35
46151,18,35
46152,18,38
46153,18,36
46154,18,35
46155,18,39
46156,18,36
46157,18,36
46158,18,36
46159,18,34
46160,18,35
46161,18,37
46162,18,35
46163,18,38
46164,18,37
46165,18,36
46166,18,34
46167,18,37
46168,18,35
46169,18,37
46170,18,37
46171,18,35
46172,18,36
46173,18,38
46174,18,38
46175,18,37
46176,18,37
46177,18,35
46178,18,35
46179,18,36
46180,18,35
46181,18,36
46182,18,35
46183,18,35
46184,18,36
46185,18,36
46186,18,35
46187,18,36
46188,18,37
46189,18,36
46190,18,36
46191,18,35
46192,18,37
46193,18,37
46194,18,38
46195,18,36
46196,18,35
46197,18,37
46198,18,37
46199,18,36
46200,18,35
46201,18,36
46202,18,34
46203,18,36
46204,18,38
46205,18,39
46206,18,36
46207,18,36
46208,18,38
46209,18,37
46210,18,37
46211,18,35
46212,18,34
46213,18,35
46214,18,35
46215,18,34
46216,18,36
46217,18,35
46218,18,36
46219,18,36
46220,18,36
46221,18,35
46222,18,38
46223,18,35
46224,18,36
46225,18,37
46226,18,36
46227,18,35
46228,18,35
46229,18,35
46230,18,36
46231,18,36
46232,18,39
46233,18,37
46234,18,38
46235,18,37
46236,18,35
46237,18,39
46238,18,37
46239,18,36
46240,18,35
46241,18,35
46242,18,38
46243,18,37
46244,18,36
46245,18,34
46246,18,37
46247,18,39
46248,18,37
46249,18,36
46250,18,36
46251,18,36
46252,18,36
46253,18,37
46254,18,37
46255,18,36
46256,18,39
46257,18,37
46258,18,37
46259,18,36
46260,18,37
46261,18,38
46262,18,35
46263,18,36
46264,18,37
46265,18,35
46266,18,37
46267,18,37
46268,18,35
46269,18,35
46270,18,37
46271,18,35
46272,18,35
46273,18,36
46274,18,35
46275,18,34
46276,18,35
46277,18,36
46278,18,35
46279,18,36
46280,18,36
46281,18,37
46282,18,34
46283,18,35
46284,18,38
46285,18,35
46286,18,36
46287,18,37
46288,18,37
46289,18,37
46290,18,36
46291,18,37
46292,18,36
46293,18,35
46294,18,38
46295,18,36
46296,18,36
46297,18,37
46298,18,36
46299,18,36
46300,18,37
46301,18,34
46302,18,38
46303,18,36
46304,18,35
46305,18,35
46306,18,37
46307,18,37
46308,18,36
46309,18,37
46310,18,34
46311,18,36
46312,18,35
46313,18,37
46314,18,35
46315,18,34
46316,18,36
46317,18,36
46318,18,34
46319,18,34
46320,18,34
46321,18,37
46322,18,35
46323,18,39
46324,18,36
46325,18,36
46326,18,37
46327,18,36
46328,18,36
46329,18,35
46330,18,36
46331,18,35
46332,18,35
46333,18,37
46334,18,36
46335,18,39
46336,18,37
46337,18,34
46338,18,36
46339,18,37
46340,18,36
46341,18,37
46342,18,36
46343,18,34
46344,18,36
46345,18,35
46346,18,39
46347,18,37
46348,18,37
46349,18,35
46350,18,37
46351,18,35
46352,18,36
46353,18,35
46354,18,36
46355,18,36
46356,18,34
46357,18,37
46358,18,38
46359,18,35
46360,18,35
46361,18,36
46362,18,35
46363,18,35
46364,18,37
46365,18,36
46366,18,38
46367,18,37
46368,18,38
46369,18,38
46370,18,35
46371,18,34
46372,18,37
46373,18,37
46374,18,35
46375,18,35
46376,18,34
46377,18,39
46378,18,35
46379,18,36
46380,18,37
46381,18,37
46382,18,39
46383,18,37
46384,18,36
46385,18,38
46386,18,36
46387,18,34
46388,18,37
46389,18,36
46390,18,37
46391,18,36
46392,18,36
46393,18,37
46394,18,36
46395,18,36
46396,18,37
46397,18,35
46398,18,35
46399,18,37
46400,18,37
46401,18,35
46402,18,34
46403,18,36
46404,18,37
46405,18,38
46406,18,37
46407,18,36
46408,18,37
46409,18,36
46410,18,35
46411,18,35
46412,18,36
46413,18,36
46414,18,36
46415,18,37
46416,18,37
46417,18,35
46418,18,36
46419,18,36
46420,18,35
46421,18,38
46422,18,36
46423,18,37
46424,18,38
46425,18,36
46426,18,35
46427,18,36
46428,18,36
46429,18,35
46430,18,36
46431,18,36
46432,18,37
46433,18,37
46434,18,36
46435,18,36
46436,18,37
46437,18,36
46438,18,35
46439,18,36
46440,18,35
46441,18,34
46442,18,35
46443,18,36
46444,18,37
46445,18,35
46446,18,36
46447,18,38
46448,18,36
46449,18,36
46450,18,36
46451,18,38
46452,18,35
46453,18,36
46454,18,36
46455,18,36
46456,18,35
46457,18,35
46458,18,37
46459,18,35
46460,18,38
46461,18,38
46462,18,35
46463,18,36
46464,18,36
46465,18,35
46466,18,35
46467,18,36
46468,18,35
46469,18,35
46470,18,36
46471,18,36
46472,18,35
46473,18,35
46474,18,36
46475,18,34
46476,18,37
46477,18,35
46478,18,35
46479,18,35
46480,18,34
46481,18,38
46482,18,37
46483,18,34
46484,18,37
46485,18,37
46486,18,37
46487,18,36
46488,18,36
46489,18,35
46490,18,35
46491,18,37
46492,18,36
46493,18,37
46494,18,35
46495,18,38
46496,18,37
46497,18,34
46498,18,38
46499,18,35
46500,18,36
46501,18,37
46502,18,34
46503,18,37
46504,18,37
46505,18,35
46506,18,37
46507,18,35
46508,18,35
46509,18,35
46510,18,36
46511,18,34
46512,18,33
46513,18,37
46514,18,35
46515,18,35
46516,18,35
46517,18,38
46518,18,38
46519,18,36
46520,18,36
46521,18,37
46522,18,35
46523,18,36
46524,18,38
46525,18,35
46526,18,36
46527,18,35
46528,18,34
46529,18,37
46530,18,36
46531,18,36
46532,18,35
46533,18,36
46534,18,36
46535,18,35
46536,18,37
46537,18,36
46538,18,35
46539,18,36
46540,18,39
46541,18,36
46542,18,37
46543,18,37
46544,18,35
46545,18,35
46546,18,37
46547,18,36
46548,18,37
46549,18,37
46550,18,35
46551,18,34
46552,18,36
46553,18,36
46554,18,35
46555,18,36
46556,18,37
46557,18,37
46558,18,35
46559,18,37
46560,18,36
46561,18,37
46562,18,34
46563,18,34
46564,18,36
46565,18,35
46566,18,37
46567,18,36
46568,18,36
46569,18,38
46570,18,37
46571,18,36
46572,18,38
46573,18,34
46574,18,36
46575,18,36
46576,18,37
46577,18,36
46578,18,35
46579,18,35
46580,18,38
46581,18,39
46582,18,39
46583,18,36
46584,18,36
46585,18,36
46586,18,35
46587,18,36
46588,18,36
46589,18,34
46590,18,37
46591,18,37
46592,18,35
46593,18,38
46594,18,34
46595,18,36
46596,18,39
46597,18,37
46598,18,37
46599,18,38
46600,18,36
46601,18,37
46602,18,38
46603,18,39
46604,18,37
46605,18,35
46606,18,36
46607,18,35
46608,18,35
46609,18,35
46610,18,35
46611,18,36
46612,18,37
46613,18,34
46614,18,35
46615,18,37
46616,18,36
46617,18,36
46618,18,38
46619,18,35
46620,18,35
46621,18,36
46622,18,34
46623,18,36
46624,18,34
46625,18,36
46626,18,37
46627,18,36
46628,18,35
46629,18,35
46630,18,35
46631,18,36
46632,18,38
46633,18,36
46634,18,36
46635,18,36
46636,18,35
46637,18,37
46638,18,37
46639,18,37
46640,18,36
46641,18,36
46642,18,35
46643,18,34
46644,18,35
46645,18,35
46646,18,36
46647,18,36
46648,18,34
46649,18,37
46650,18,35
46651,18,37
46652,18,37
46653,18,36
46654,18,36
46655,18,40
46656,18,35
46657,18,35
46658,18,35
46659,18,36
46660,18,37
46661,18,36
46662,18,34
46663,18,38
46664,18,36
46665,18,35
46666,18,36
46667,18,38
46668,18,35
46669,18,35
46670,18,37
46671,18,36
46672,18,36
46673,18,34
46674,18,36
46675,18,40
46676,18,37
46677,18,36
46678,18,38
46679,18,35
46680,18,39
46681,18,35
46682,18,36
46683,18,37
46684,18,35
46685,18,35
46686,18,37
46687,18,38
46688,18,36
46689,18,35
46690,18,36
46691,18,35
46692,18,37
46693,18,35
46694,18,36
46695,18,37
46696,18,36
46697,18,36
46698,18,35
46699,18,35
46700,18,35
46701,18,35
46702,18,37
46703,18,36
46704,18,37
46705,18,35
46706,18,35
46707,18,36
46708,18,38
46709,18,36
46710,18,37
46711,18,34
46712,18,37
46713,18,35
46714,18,35
46715,18,37
46716,18,37
46717,18,38
46718,18,36
46719,18,37
46720,18,38
46721,18,36
46722,18,36
46723,18,35
46724,18,35
46725,18,36
46726,18,37
46727,18,36
46728,18,35
46729,18,36
46730,18,37
46731,18,36
46732,18,35
46733,18,36
46734,18,36
46735,18,35
46736,18,37
46737,18,35
46738,18,36
46739,18,37
46740,18,35
46741,18,34
46742,18,35
46743,18,35
46744,18,35
46745,18,36
46746,18,38
46747,18,34
46748,18,36
46749,18,36
46750,18,35
46751,18,36
46752,18,35
46753,18,35
46754,18,35
46755,18,36
46756,18,35
46757,18,36
46758,18,39
46759,18,36
46760,18,35
46761,18,38
46762,18,36
46763,18,36
46764,18,36
46765,18,35
46766,18,36
46767,18,37
46768,18,36
46769,18,35
46770,18,35
46771,18,35
46772,18,37
46773,18,36
46774,18,37
46775,18,37
46776,18,37
46777,18,37
46778,18,37
46779,18,35
46780,18,36
46781,18,35
46782,18,35
46783,18,36
46784,18,37
46785,18,37
46786,18,35
46787,18,36
46788,18,37
46789,18,39
46790,18,37
46791,18,37
46792,18,35
46793,18,36
46794,18,36
46795,18,37
46796,18,35
46797,18,36
46798,18,36
46799,18,36
46800,18,36
46801,18,38
46802,18,36
46803,18,36
46804,18,36
46805,18,38
46806,18,36
46807,18,35
46808,18,36
46809,18,36
46810,18,36
46811,18,35
46812,18,35
46813,18,37
46814,18,37
46815,18,36
46816,18,38
46817,18,37
46818,18,37
46819,18,37
46820,18,36
46821,18,36
46822,18,36
46823,18,39
46824,18,35
46825,18,34
46826,18,36
46827,18,35
46828,18,36
46829,18,35
46830,18,35
46831,18,34
46832,18,39
46833,18,35
46834,18,36
46835,18,37
46836,18,36
46837,18,34
46838,18,37
46839,18,36
46840,18,36
46841,18,36
46842,18,39
46843,18,37
46844,18,36
46845,18,40
46846,18,36
46847,18,37
46848,18,35
46849,18,35
46850,18,38
46851,18,35
46852,18,35
46853,18,35
46854,18,36
46855,18,37
46856,18,36
46857,18,36
46858,18,38
46859,18,34
46860,18,38
46861,18,36
46862,18,34
46863,18,37
46864,18,36
46865,18,39
46866,18,39
46867,18,35
46868,18,37
46869,18,36
46870,18,36
46871,18,36
46872,18,37
46873,18,37
46874,18,36
46875,18,37
46876,18,37
46877,18,35
46878,18,35
46879,18,36
46880,18,36
46881,18,37
46882,18,37
46883,18,35
46884,18,35
46885,18,36
46886,18,35
46887,18,36
46888,18,37
46889,18,35
46890,18,36
46891,18,36
46892,18,36
46893,18,36
46894,18,36
46895,18,39
46896,18,36
46897,18,36
46898,18,37
46899,18,35
46900,18,34
46901,18,38
46902,18,36
46903,18,35
46904,18,34
46905,18,36
46906,18,36
46907,18,37
46908,18,34
46909,18,35
46910,18,39
46911,18,34
46912,18,38
46913,18,35
46914,18,37
46915,18,36
46916,18,35
46917,18,34
46918,18,36
46919,18,35
46920,18,35
46921,18,36
46922,18,36
46923,18,36
46924,18,35
46925,18,38
46926,18,37
46927,18,36
46928,18,35
46929,18,35
46930,18,37
46931,18,36
46932,18,37
46933,18,36
46934,18,38
46935,18,37
46936,18,37
46937,18,35
46938,18,37
46939,18,36
46940,18,37
46941,18,38
46942,18,38
46943,18,37
46944,18,35
46945,18,36
46946,18,38
46947,18,38
46948,18,37
46949,18,35
46950,18,36
46951,18,37
46952,18,36
46953,18,37
46954,18,39
46955,18,36
46956,18,37
46957,18,35
46958,18,36
46959,18,35
46960,18,35
46961,18,36
46962,18,34
46963,18,35
46964,18,37
46965,18,35
46966,18,35
46967,18,36
46968,18,36
46969,18,36
46970,18,36
46971,18,38
46972,18,35
46973,18,35
46974,18,34
46975,18,36
46976,18,36
46977,18,36
46978,18,37
46979,18,35
46980,18,38
46981,18,38
46982,18,34
46983,18,37
46984,18,37
46985,18,36
46986,18,37
46987,18,36
46988,18,37
46989,18,37
46990,18,38
46991,18,37
46992,18,37
46993,18,36
46994,18,34
46995,18,35
46996,18,35
46997,18,35
46998,18,36
46999,18,37
47000,18,36
47001,18,37
47002,18,36
47003,18,36
47004,18,36
47005,18,37
47006,18,35
47007,18,34
47008,18,35
47009,18,37
47010,18,35
47011,18,37
47012,18,37
47013,18,38
47014,18,40
47015,18,38
47016,18,35
47017,18,36
47018,18,36
47019,18,37
47020,18,36
47021,18,37
47022,18,36
47023,18,37
47024,18,36
47025,18,37
47026,18,39
47027,18,40
47028,18,39
47029,18,35
47030,18,35
47031,18,37
47032,18,36
47033,18,34
47034,18,36
47035,18,35
47036,18,37
47037,18,36
47038,18,36
47039,18,35
47040,18,37
47041,18,34
47042,18,36
47043,18,37
47044,18,39
47045,18,37
47046,18,38
47047,18,37
47048,18,37
47049,18,35
47050,18,38
47051,18,37
47052,18,35
47053,18,35
47054,18,34
47055,18,34
47056,18,35
47057,18,37
47058,18,36
47059,18,36
47060,18,35
47061,18,37
47062,18,38
47063,18,36
47064,18,36
47065,18,36
47066,18,36
47067,18,35
47068,18,34
47069,18,35
47070,18,37
47071,18,37
47072,18,36
47073,18,38
47074,18,36
47075,18,35
47076,18,36
47077,18,34
47078,18,37
47079,18,39
47080,18,36
47081,18,37
47082,18,37
47083,18,35
47084,18,37
47085,18,36
47086,18,36
47087,18,36
47088,18,37
47089,18,37
47090,18,35
47091,18,36
47092,18,35
47093,18,35
47094,18,37
47095,18,37
47096,18,36
47097,18,36
47098,18,34
47099,18,37
47100,18,38
47101,18,36
47102,18,38
47103,18,35
47104,18,36
47105,18,35
47106,18,37
47107,18,38
47108,18,36
47109,18,34
47110,18,37
47111,18,35
47112,18,35
47113,18,36
47114,18,39
47115,18,37
47116,18,39
47117,18,36
47118,18,35
47119,18,35
47120,18,35
47121,18,37
47122,18,35
47123,18,36
47124,18,37
47125,18,37
47126,18,36
47127,18,35
47128,18,37
47129,18,36
47130,18,38
47131,18,39
47132,18,35
47133,18,38
47134,18,35
47135,18,35
47136,18,36
47137,18,35
47138,18,38
47139,18,36
47140,18,36
47141,18,37
47142,18,35
47143,18,36
47144,18,35
47145,18,36
47146,18,37
47147,18,37
47148,18,36
47149,18,38
47150,18,37
47151,18,38
47152,18,36
47153,18,36
47154,18,36
47155,18,39
47156,18,37
47157,18,35
47158,18,35
47159,18,36
47160,18,38
47161,18,36
47162,18,37
47163,18,38
47164,18,34
47165,18,35
47166,18,37
47167,18,36
47168,18,36
47169,18,35
47170,18,36
47171,18,35
47172,18,36
47173,18,37
47174,18,36
47175,18,37
47176,18,35
47177,18,38
47178,18,36
47179,18,37
47180,18,38
47181,18,36
47182,18,34
47183,18,34
47184,18,38
47185,18,35
47186,18,36
47187,18,37
47188,18,36
47189,18,38
47190,18,37
47191,18,35
47192,18,34
47193,18,37
47194,18,37
47195,18,36
47196,18,37
47197,18,35
47198,18,37
47199,18,37
47200,18,37
47201,18,35
47202,18,36
47203,18,38
47204,18,37
47205,18,35
47206,18,37
47207,18,37
47208,18,36
47209,18,36
47210,18,35
47211,18,36
47212,18,38
47213,18,37
47214,18,35
47215,18,35
47216,18,38
47217,18,36
47218,18,37
47219,18,36
47220,18,35
47221,18,37
47222,18,35
47223,18,35
47224,18,37
47225,18,36
47226,18,38
47227,18,34
47228,18,35
47229,18,36
47230,18,36
47231,18,35
47232,18,35
47233,18,37
47234,18,35
47235,18,33
47236,18,38
47237,18,36
47238,18,40
47239,18,34
47240,18,35
47241,18,36
47242,18,34
47243,18,35
47244,18,39
47245,18,35
47246,18,35
47247,18,34
47248,18,34
47249,18,38
47250,18,35
47251,18,37
47252,18,36
47253,18,34
47254,18,36
47255,18,35
47256,18,36
47257,18,35
47258,18,37
47259,18,36
47260,18,37
47261,18,37
47262,18,36
47263,18,34
47264,18,34
47265,18,37
47266,18,36
47267,18,36
47268,18,36
47269,18,36
47270,18,37
47271,18,36
47272,18,35
47273,18,36
47274,18,36
47275,18,37
47276,18,38
47277,18,37
47278,18,35
47279,18,37
47280,18,35
47281,18,35
47282,18,35
47283,18,35
47284,18,34
47285,18,39
47286,18,37
47287,18,36
47288,18,34
47289,18,38
47290,18,36
47291,18,36
47292,18,37
47293,18,37
47294,18,38
47295,18,35
47296,18,37
47297,18,37
47298,18,35
47299,18,35
47300,18,35
47301,18,37
47302,18,38
47303,18,37
47304,18,35
47305,18,38
47306,18,37
47307,18,39
47308,18,35
47309,18,36
47310,18,36
47311,18,37
47312,18,37
47313,18,36
47314,18,36
47315,18,37
47316,18,36
47317,18,36
47318,18,37
47319,18,34
47320,18,36
47321,18,35
47322,18,35
47323,18,37
47324,18,36
47325,18,39
47326,18,36
47327,18,36
47328,18,37
47329,18,35
47330,18,36
47331,18,36
47332,18,36
47333,18,37
47334,18,36
47335,18,37
47336,18,36
47337,18,35
47338,18,37
47339,18,37
47340,18,36
47341,18,36
47342,18,37
47343,18,36
47344,18,38
47345,18,35
47346,18,37
47347,18,37
47348,18,38
47349,18,36
47350,18,36
47351,18,36
47352,18,35
47353,18,35
47354,18,36
47355,18,36
47356,18,37
47357,18,37
47358,18,37
47359,18,36
47360,18,38
47361,18,36
47362,18,36
47363,18,34
47364,18,35
47365,18,38
47366,18,35
47367,18,36
47368,18,36
47369,18,37
47370,18,35
47371,18,37
47372,18,36
47373,18,35
47374,18,38
47375,18,36
47376,18,36
47377,18,37
47378,18,36
47379,18,35
47380,18,35
47381,18,36
47382,18,36
47383,18,38
47384,18,35
47385,18,37
47386,18,35
47387,18,35
47388,18,37
47389,18,35
47390,18,37
47391,18,39
47392,18,37
47393,18,36
47394,18,36
47395,18,38
47396,18,36
47397,18,35
47398,18,36
47399,18,35
47400,18,36
47401,18,37
47402,18,36
47403,18,37
47404,18,34
47405,18,36
47406,18,36
47407,18,35
47408,18,37
47409,18,36
47410,18,36
47411,18,35
47412,18,36
47413,18,36
47414,18,37
47415,18,36
47416,18,37
47417,18,36
47418,18,37
47419,18,38
47420,18,36
47421,18,36
47422,18,35
47423,18,34
47424,18,35
47425,18,39
47426,18,34
47427,18,37
47428,18,39
47429,18,35
47430,18,35
47431,18,38
47432,18,36
47433,18,37
47434,18,36
47435,18,35
47436,18,38
47437,18,36
47438,18,36
47439,18,36
47440,18,36
47441,18,35
47442,18,37
47443,18,36
47444,18,35
47445,18,37
47446,18,33
47447,18,37
47448,18,37
47449,18,38
47450,18,36
47451,18,36
47452,18,36
47453,18,36
47454,18,36
47455,18,37
47456,18,35
47457,18,36
47458,18,36
47459,18,37
47460,18,36
47461,18,36
47462,18,34
47463,18,38
47464,18,37
47465,18,36
47466,18,35
47467,18,37
47468,18,38
47469,18,36
47470,18,35
47471,18,37
47472,18,35
47473,18,36
47474,18,37
47475,18,36
47476,18,38
47477,18,37
47478,18,39
47479,18,36
47480,18,34
47481,18,37
47482,18,34
47483,18,37
47484,18,35
47485,18,36
47486,18,37
47487,18,36
47488,18,36
47489,18,37
47490,18,37
47491,18,35
47492,18,35
47493,18,35
47494,18,37
47495,18,36
47496,18,37
47497,18,38
47498,18,36
47499,18,37
47500,18,38
47501,18,36
47502,18,36
47503,18,36
47504,18,39
47505,18,35
47506,18,38
47507,18,36
47508,18,34
47509,18,37
47510,18,36
47511,18,34
47512,18,38
47513,18,36
47514,18,35
47515,18,37
47516,18,34
47517,18,36
47518,18,35
47519,18,34
47520,18,37
47521,18,36
47522,18,36
47523,18,38
47524,18,36
47525,18,39
47526,18,36
47527,18,37
47528,18,38
47529,18,36
47530,18,35
47531,18,39
47532,18,35
47533,18,36
47534,18,36
47535,18,34
47536,18,35
47537,18,35
47538,18,36
47539,18,35
47540,18,38
47541,18,35
47542,18,35
47543,18,36
47544,18,36
47545,18,35
47546,18,38
47547,18,39
47548,18,35
47549,18,35
47550,18,37
47551,18,37
47552,18,35
47553,18,37
47554,18,34
47555,18,35
47556,18,35
47557,18,36
47558,18,37
47559,18,38
47560,18,36
47561,18,35
47562,18,35
47563,18,36
47564,18,36
47565,18,34
47566,18,37
47567,18,34
47568,18,34
47569,18,37
47570,18,37
47571,18,38
47572,18,35
47573,18,39
47574,18,35
47575,18,35
47576,18,39
47577,18,35
47578,18,38
47579,18,36
47580,18,36
47581,18,37
47582,18,36
47583,18,36
47584,18,35
47585,18,37
47586,18,38
47587,18,34
47588,18,37
47589,18,35
47590,18,36
47591,18,39
47592,18,39
47593,18,36
47594,18,36
47595,18,38
47596,18,36
47597,18,35
47598,18,38
47599,18,34
47600,18,35
47601,18,36
47602,18,36
47603,18,36
47604,18,36
47605,18,35
47606,18,37
47607,18,36
47608,18,34
47609,18,34
47610,18,37
47611,18,37
47612,18,35
47613,18,36
47614,18,38
47615,18,38
47616,18,37
47617,18,34
47618,18,33
47619,18,38
47620,18,37
47621,18,35
47622,18,35
47623,18,35
47624,18,36
47625,18,36
47626,18,36
47627,18,36
47628,18,36
47629,18,35
47630,18,36
47631,18,37
47632,18,37
47633,18,35
47634,18,34
47635,18,37
47636,18,40
47637,18,36
47638,18,36
47639,18,36
47640,18,36
47641,18,36
47642,18,38
47643,18,35
47644,18,37
47645,18,36
47646,18,35
47647,18,38
47648,18,37
47649,18,38
47650,18,36
47651,18,35
47652,18,35
47653,18,38
47654,18,38
47655,18,38
47656,18,37
47657,18,35
47658,18,38
47659,18,38
47660,18,38
47661,18,36
47662,18,39
47663,18,36
47664,18,37
47665,18,35
47666,18,37
47667,18,38
47668,18,36
47669,18,38
47670,18,35
47671,18,35
47672,18,38
47673,18,36
47674,18,39
47675,18,36
47676,18,36
47677,18,36
47678,18,36
47679,18,37
47680,18,37
47681,18,34
47682,18,36
47683,18,36
47684,18,36
47685,18,36
47686,18,40
47687,18,36
47688,18,36
47689,18,36
47690,18,35
47691,18,36
47692,18,35
47693,18,36
47694,18,37
47695,18,36
47696,18,37
47697,18,37
47698,18,37
47699,18,36
47700,18,35
47701,18,37
47702,18,37
47703,18,36
47704,18,36
47705,18,35
47706,18,35
47707,18,38
47708,18,36
47709,18,35
47710,18,36
47711,18,37
47712,18,38
47713,18,36
47714,18,35
47715,18,37
47716,18,39
47717,18,39
47718,18,37
47719,18,37
47720,18,35
47721,18,36
47722,18,37
47723,18,38
47724,18,37
47725,18,35
47726,18,37
47727,18,35
47728,18,36
47729,18,36
47730,18,36
47731,18,36
47732,18,36
47733,18,37
47734,18,35
47735,18,36
47736,18,37
47737,18,37
47738,18,37
47739,18,36
47740,18,36
47741,18,37
47742,18,37
47743,18,38
47744,18,38
47745,18,34
47746,18,35
47747,18,35
47748,18,38
47749,18,37
47750,18,35
47751,18,37
47752,18,36
47753,18,37
47754,18,37
47755,18,36
47756,18,37
47757,18,34
47758,18,35
47759,18,38
47760,18,35
47761,18,34
47762,18,36
47763,18,36
47764,18,37
47765,18,37
47766,18,37
47767,18,36
47768,18,37
47769,18,37
47770,18,36
47771,18,36
47772,18,37
47773,18,35
47774,18,36
47775,18,37
47776,18,36
47777,18,36
47778,18,34
47779,18,35
47780,18,35
47781,18,36
47782,18,38
47783,18,36
47784,18,34
47785,18,37
47786,18,35
47787,18,38
47788,18,34
47789,18,37
47790,18,36
47791,18,36
47792,18,36
47793,18,36
47794,18,38
47795,18,36
47796,18,37
47797,18,36
47798,18,36
47799,18,35
47800,18,36
47801,18,36
47802,18,36
47803,18,36
47804,18,36
47805,18,37
47806,18,38
47807,18,37
47808,18,35
47809,18,36
47810,18,36
47811,18,37
47812,18,36
47813,18,35
47814,18,38
47815,18,37
47816,18,38
47817,18,37
47818,18,38
47819,18,37
47820,18,36
47821,18,36
47822,18,33
47823,18,36
47824,18,38
47825,18,37
47826,18,36
47827,18,37
47828,18,37
47829,18,36
47830,18,35
47831,18,37
47832,18,39
47833,18,36
47834,18,37
47835,18,36
47836,18,35
47837,18,36
47838,18,37
47839,18,36
47840,18,39
47841,18,35
47842,18,36
47843,18,37
47844,18,37
47845,18,39
47846,18,37
47847,18,38
47848,18,35
47849,18,37
47850,18,35
47851,18,35
47852,18,38
47853,18,37
47854,18,33
47855,18,36
47856,18,36
47857,18,36
47858,18,37
47859,18,35
47860,18,34
47861,18,35
47862,18,35
47863,18,37
47864,18,37
47865,18,36
47866,18,37
47867,18,35
47868,18,36
47869,18,37
47870,18,35
47871,18,37
47872,18,37
47873,18,36
47874,18,35
47875,18,36
47876,18,36
47877,18,35
47878,18,37
47879,18,36
47880,18,36
47881,18,36
47882,18,36
47883,18,35
47884,18,37
47885,18,37
47886,18,37
47887,18,37
47888,18,34
47889,18,35
47890,18,35
47891,18,36
47892,18,36
47893,18,36
47894,18,37
47895,18,36
47896,18,38
47897,18,35
47898,18,37
47899,18,36
47900,18,37
47901,18,36
47902,18,37
47903,18,37
47904,18,36
47905,18,35
47906,18,35
47907,18,34
47908,18,36
47909,18,38
47910,18,36
47911,18,35
47912,18,37
47913,18,35
47914,18,36
47915,18,35
47916,18,35
47917,18,37
47918,18,35
47919,18,36
47920,18,35
47921,18,36
47922,18,38
47923,18,36
47924,18,37
47925,18,36
47926,18,41
47927,18,36
47928,18,40
47929,18,38
47930,18,37
47931,18,35
47932,18,34
47933,18,36
47934,18,39
47935,18,38
47936,18,37
47937,18,34
47938,18,36
47939,18,37
47940,18,36
47941,18,36
47942,18,36
47943,18,36
47944,18,36
47945,18,36
47946,18,38
47947,18,38
47948,18,35
47949,18,35
47950,18,34
47951,18,38
47952,18,35
47953,18,36
47954,18,35
47955,18,34
47956,18,36
47957,18,37
47958,18,34
47959,18,35
47960,18,37
47961,18,37
47962,18,34
47963,18,36
47964,18,35
47965,18,37
47966,18,36
47967,18,38
47968,18,36
47969,18,34
47970,18,35
47971,18,35
47972,18,37
47973,18,36
47974,18,36
47975,18,36
47976,18,35
47977,18,36
47978,18,35
47979,18,37
47980,18,36
47981,18,36
47982,18,39
47983,18,37
47984,18,35
47985,18,37
47986,18,35
47987,18,35
47988,18,36
47989,18,37
47990,18,35
47991,18,37
47992,18,37
47993,18,37
47994,18,37
47995,18,36
47996,18,36
47997,18,35
47998,18,38
47999,18,35
48000,18,35
48001,18,37
48002,18,36
48003,18,38
48004,18,36
48005,18,38
48006,18,37
48007,18,36
48008,18,38
48009,18,35
48010,18,36
48011,18,37
48012,18,35
48013,18,35
48014,18,38
48015,18,35
48016,18,38
48017,18,36
48018,18,36
48019,18,37
48020,18,36
48021,18,35
48022,18,36
48023,18,35
48024,18,38
48025,18,38
48026,18,37
48027,18,38
48028,18,37
48029,18,39
48030,18,40
48031,18,36
48032,18,36
48033,18,40
48034,18,38
48035,18,36
48036,18,38
48037,18,37
48038,18,34
48039,18,37
48040,18,38
48041,18,35
48042,18,38
48043,18,36
48044,18,35
48045,18,36
48046,18,36
48047,18,36
48048,18,37
48049,18,38
48050,18,38
48051,18,35
48052,18,35
48053,18,37
48054,18,35
48055,18,36
48056,18,36
48057,18,34
48058,18,37
48059,18,36
48060,18,37
48061,18,37
48062,18,35
48063,18,35
48064,18,36
48065,18,33
48066,18,38
48067,18,36
48068,18,38
48069,18,38
48070,18,37
48071,18,37
48072,18,36
48073,18,35
48074,18,35
48075,18,38
48076,18,38
48077,18,35
48078,18,36
48079,18,37
48080,18,37
48081,18,36
48082,18,36
48083,18,38
48084,18,35
48085,18,37
48086,18,34
48087,18,35
48088,18,35
48089,18,37
48090,18,36
48091,18,37
48092,18,37
48093,18,36
48094,18,37
48095,18,37
48096,18,35
48097,18,37
48098,18,39
48099,18,36
48100,18,38
48101,18,38
48102,18,36
48103,18,35
48104,18,35
48105,18,36
48106,18,36
48107,18,36
48108,18,37
48109,18,36
48110,18,35
48111,18,38
48112,18,37
48113,18,35
48114,18,38
48115,18,37
48116,18,39
48117,18,34
48118,18,38
48119,18,38
48120,18,37
48121,18,36
48122,18,36
48123,18,36
48124,18,36
48125,18,37
48126,18,35
48127,18,36
48128,18,37
48129,18,36
48130,18,37
48131,18,37
48132,18,34
48133,18,35
48134,18,38
48135,18,37
48136,18,35
48137,18,36
48138,18,36
48139,18,36
48140,18,34
48141,18,37
48142,18,35
48143,18,35
48144,18,38
48145,18,34
48146,18,38
48147,18,37
48148,18,36
48149,18,37
48150,18,36
48151,18,36
48152,18,38
48153,18,38
48154,18,38
48155,18,39
48156,18,37
48157,18,35
48158,18,36
48159,18,36
48160,18,35
48161,18,36
48162,18,37
48163,18,39
48164,18,37
48165,18,35
48166,18,38
48167,18,36
48168,18,34
48169,18,37
48170,18,36
48171,18,35
48172,18,36
48173,18,40
48174,18,36
48175,18,37
48176,18,37
48177,18,36
48178,18,34
48179,18,36
48180,18,36
48181,18,38
48182,18,35
48183,18,36
48184,18,37
48185,18,34
48186,18,37
48187,18,37
48188,18,37
48189,18,35
48190,18,37
48191,18,35
48192,18,36
48193,18,35
48194,18,38
48195,18,38
48196,18,37
48197,18,36
48198,18,37
48199,18,34
48200,18,37
48201,18,38
48202,18,35
48203,18,36
48204,18,37
48205,18,36
48206,18,35
48207,18,36
48208,18,36
48209,18,35
48210,18,37
48211,18,38
48212,18,36
48213,18,35
48214,18,37
48215,18,38
48216,18,37
48217,18,37
48218,18,36
48219,18,37
48220,18,37
48221,18,36
48222,18,35
48223,18,39
48224,18,37
48225,18,36
48226,18,36
48227,18,35
48228,18,36
48229,18,37
48230,18,35
48231,18,34
48232,18,34
48233,18,36
48234,18,35
48235,18,36
48236,18,36
48237,18,35
48238,18,36
48239,18,36
48240,18,36
48241,18,38
48242,18,37
48243,18,36
48244,18,35
48245,18,37
48246,18,35
48247,18,37
48248,18,37
48249,18,37
48250,18,34
48251,18,36
48252,18,37
48253,18,36
48254,18,36
48255,18,37
48256,18,36
48257,18,35
48258,18,39
48259,18,37
48260,18,37
48261,18,39
48262,18,36
48263,18,37
48264,18,36
48265,18,37
48266,18,34
48267,18,38
48268,18,34
48269,18,37
48270,18,37
48271,18,37
48272,18,36
48273,18,37
48274,18,36
48275,18,35
48276,18,37
48277,18,37
48278,18,37
48279,18,38
48280,18,37
48281,18,37
48282,18,36
48283,18,35
48284,18,36
48285,18,35
48286,18,39
48287,18,35
48288,18,37
48289,18,36
48290,18,34
48291,18,36
48292,18,36
48293,18,35
48294,18,35
48295,18,36
48296,18,37
48297,18,36
48298,18,38
48299,18,37
48300,18,36
48301,18,36
48302,18,35
48303,18,36
48304,18,37
48305,18,37
48306,18,34
48307,18,39
48308,18,36
48309,18,35
48310,18,36
48311,18,37
48312,18,36
48313,18,40
48314,18,35
48315,18,36
48316,18,37
48317,18,38
48318,18,39
48319,18,36
48320,18,38
48321,18,34
48322,18,34
48323,18,36
48324,18,37
48325,18,36
48326,18,35
48327,18,37
48328,18,35
48329,18,38
48330,18,37
48331,18,35
48332,18,36
48333,18,35
48334,18,38
48335,18,35
48336,18,37
48337,18,35
48338,18,36
48339,18,38
48340,18,36
48341,18,36
48342,18,35
48343,18,36
48344,18,37
48345,18,35
48346,18,37
48347,18,36
48348,18,35
48349,18,35
48350,18,36
48351,18,36
48352,18,36
48353,18,39
48354,18,36
48355,18,36
48356,18,35
48357,18,37
48358,18,37
48359,18,36
48360,18,37
48361,18,36
48362,18,39
48363,18,36
48364,18,34
48365,18,36
48366,18,36
48367,18,37
48368,18,35
48369,18,38
48370,18,36
48371,18,35
48372,18,35
48373,18,38
48374,18,36
48375,18,36
48376,18,37
48377,18,38
48378,18,37
48379,18,35
48380,18,37
48381,18,35
48382,18,34
48383,18,36
48384,18,35
48385,18,36
48386,18,37
48387,18,36
48388,18,37
48389,18,36
48390,18,36
48391,18,36
48392,18,36
48393,18,37
48394,18,35
48395,18,36
48396,18,37
48397,18,37
48398,18,35
48399,18,37
48400,18,35
48401,18,35
48402,18,36
48403,18,36
48404,18,36
48405,18,35
48406,18,37
48407,18,38
48408,18,37
48409,18,35
48410,18,38
48411,18,36
48412,18,35
48413,18,36
48414,18,36
48415,18,37
48416,18,36
48417,18,36
48418,18,34
48419,19,37
48420,18,35
48421,18,34
48422,18,34
48423,18,37
48424,18,35
48425,18,36
48426,18,35
48427,18,37
48428,18,35
48429,18,38
48430,18,35
48431,18,34
48432,18,37
48433,18,36
48434,18,34
48435,18,37
48436,18,38
48437,18,36
48438,18,36
48439,18,37
48440,18,35
48441,18,36
48442,18,38
48443,18,36
48444,18,36
48445,18,37
48446,18,38
48447,18,39
48448,18,36
48449,18,36
48450,18,36
48451,18,34
48452,18,36
48453,18,36
48454,18,37
48455,18,35
48456,18,35
48457,18,34
48458,18,35
48459,18,36
48460,18,36
48461,18,36
48462,18,36
48463,18,36
48464,18,37
48465,18,36
48466,18,36
48467,18,36
48468,18,37
48469,18,35
48470,18,38
48471,18,36
48472,18,35
48473,18,36
48474,18,37
48475,18,36
48476,18,36
48477,18,36
48478,18,38
48479,18,35
48480,18,35
48481,18,40
48482,18,37
48483,18,36
48484,18,38
48485,18,36
48486,18,37
48487,18,35
48488,18,37
48489,18,36
48490,18,36
48491,18,37
48492,18,38
48493,18,37
48494,18,35
48495,18,34
48496,18,37
48497,18,37
48498,18,38
48499,18,37
48500,18,37
48501,18,37
48502,18,36
48503,18,37
48504,18,35
48505,18,36
48506,18,36
48507,18,39
48508,18,38
48509,18,35
48510,18,36
48511,18,37
48512,18,35
48513,18,38
48514,18,39
48515,18,36
48516,18,36
48517,18,36
48518,18,36
48519,18,38
48520,18,34
48521,18,36
48522,18,36
48523,18,36
48524,18,38
48525,18,37
48526,18,35
48527,18,37
48528,18,37
48529,18,36
48530,18,35
48531,18,37
48532,18,36
48533,18,36
48534,18,36
48535,18,37
48536,18,35
48537,18,36
48538,18,34
48539,18,38
48540,18,36
48541,18,37
48542,18,37
48543,18,38
48544,18,36
48545,18,37
48546,18,38
48547,18,36
48548,18,36
48549,18,37
48550,18,36
48551,18,38
48552,18,36
48553,18,38
48554,18,35
48555,18,37
48556,18,38
48557,18,35
48558,18,36
48559,18,37
48560,18,35
48561,18,36
48562,18,36
48563,18,36
48564,18,36
48565,18,39
48566,18,35
48567,18,36
48568,18,37
48569,18,37
48570,18,38
48571,18,35
48572,18,38
48573,18,36
48574,18,37
48575,18,36
48576,18,36
48577,18,35
48578,18,35
48579,18,38
48580,18,39
48581,18,37
48582,18,35
48583,18,38
48584,18,37
48585,18,38
48586,18,36
48587,18,37
48588,18,37
48589,18,36
48590,18,37
48591,18,36
48592,18,37
48593,18,37
48594,18,36
48595,18,36
48596,18,36
48597,18,36
48598,18,38
48599,18,37
48600,18,37
48601,18,37
48602,18,35
48603,18,34
48604,18,35
48605,18,35
48606,18,36
48607,18,35
48608,18,35
48609,18,36
48610,18,36
48611,18,38
48612,18,38
48613,18,37
48614,18,36
48615,18,35
48616,18,36
48617,18,36
48618,18,37
48619,18,35
48620,18,36
48621,18,37
48622,18,37
48623,18,35
48624,18,37
48625,18,34
48626,18,38
48627,18,37
48628,18,37
48629,18,37
48630,18,36
48631,18,36
48632,18,35
48633,18,36
48634,18,37
48635,18,38
48636,18,35
48637,18,36
48638,18,35
48639,18,35
48640,18,39
48641,18,36
48642,18,36
48643,18,37
48644,18,37
48645,18,35
48646,18,36
48647,18,36
48648,18,35
48649,18,38
48650,18,37
48651,18,36
48652,18,36
48653,18,37
48654,18,34
48655,18,36
48656,18,37
48657,18,35
48658,18,36
48659,18,36
48660,18,37
48661,18,37
48662,18,36
48663,18,36
48664,18,35
48665,18,36
48666,18,36
48667,18,34
48668,18,37
48669,18,37
48670,18,36
48671,18,36
48672,18,36
48673,18,35
48674,18,36
48675,18,37
48676,18,35
48677,18,37
48678,18,36
48679,18,36
48680,18,37
48681,18,34
48682,18,38
48683,18,37
48684,18,35
48685,18,37
48686,18,35
48687,18,37
48688,18,38
48689,18,36
48690,18,37
48691,18,38
48692,18,35
48693,18,35
48694,18,34
48695,18,37
48696,18,35
48697,18,36
48698,18,38
48699,18,36
48700,18,36
48701,18,35
48702,18,36
48703,18,36
48704,18,36
48705,18,35
48706,18,36
48707,18,37
48708,18,35
48709,18,35
48710,18,36
48711,18,36
48712,18,38
48713,18,37
48714,18,36
48715,18,35
48716,18,36
48717,18,37
48718,18,37
48719,18,36
48720,18,36
48721,18,37
48722,18,34
48723,18,36
48724,18,35
48725,18,37
48726,18,36
48727,18,37
48728,18,35
48729,18,34
48730,18,37
48731,18,36
48732,18,36
48733,18,38
48734,18,34
48735,18,36
48736,18,38
48737,18,36
48738,18,38
48739,18,34
48740,18,35
48741,18,35
48742,18,35
48743,18,36
48744,18,36
48745,18,37
48746,18,37
48747,18,38
48748,18,39
48749,18,36
48750,18,35
48751,18,37
48752,18,37
48753,18,35
48754,18,35
48755,18,35
48756,18,37
48757,18,34
48758,18,36
48759,18,35
48760,18,36
48761,18,36
48762,18,38
48763,18,35
48764,18,38
48765,18,37
48766,18,35
48767,18,36
48768,18,37
48769,18,35
48770,18,38
48771,18,35
48772,18,37
48773,18,39
48774,18,36
48775,18,37
48776,18,36
48777,18,37
48778,18,36
48779,18,37
48780,18,38
48781,18,37
48782,18,35
48783,18,37
48784,18,37
48785,18,34
48786,18,38
48787,18,36
48788,18,37
48789,18,38
48790,18,38
48791,18,37
48792,18,37
48793,18,36
48794,18,36
48795,18,37
48796,18,36
48797,18,37
48798,18,38
48799,18,35
48800,18,36
48801,18,36
48802,18,36
48803,18,35
48804,18,37
48805,18,35
48806,18,36
48807,18,37
48808,18,37
48809,18,37
48810,18,36
48811,18,35
48812,18,34
48813,18,35
48814,18,37
48815,18,34
48816,18,36
48817,18,36
48818,18,37
48819,18,34
48820,18,38
48821,18,36
48822,18,38
48823,18,36
48824,18,34
48825,18,35
48826,18,37
48827,18,35
48828,18,34
48829,18,38
48830,18,38
48831,18,35
48832,18,38
48833,18,35
48834,18,34
48835,18,36
48836,18,35
48837,18,37
48838,18,37
48839,18,35
48840,18,35
48841,18,35
48842,18,34
48843,18,37
48844,18,37
48845,18,38
48846,18,38
48847,18,37
48848,18,35
48849,18,36
48850,18,37
48851,18,36
48852,18,38
48853,18,36
48854,18,37
48855,18,35
48856,18,36
48857,18,35
48858,18,37
48859,18,37
48860,18,35
48861,18,38
48862,18,35
48863,18,36
48864,18,35
48865,18,36
48866,18,37
48867,18,36
48868,18,36
48869,18,37
48870,18,35
48871,18,37
48872,18,36
48873,18,36
48874,18,38
48875,18,38
48876,18,38
48877,18,35
48878,18,36
48879,18,37
48880,18,38
48881,18,37
48882,18,36
48883,18,37
48884,18,36
48885,18,35
48886,18,36
48887,18,35
48888,18,35
48889,18,38
48890,18,35
48891,18,36
48892,18,37
48893,18,35
48894,18,35
48895,18,37
48896,18,36
48897,18,36
48898,18,39
48899,18,37
48900,18,37
48901,18,35
48902,18,35
48903,18,36
48904,18,38
48905,18,35
48906,18,36
48907,18,35
48908,18,36
48909,18,36
48910,18,34
48911,18,37
48912,18,37
48913,18,36
48914,18,36
48915,18,36
48916,18,35
48917,18,35
48918,18,38
48919,18,36
48920,18,36
48921,18,35
48922,18,36
48923,18,37
48924,18,35
48925,18,37
48926,18,38
48927,18,37
48928,18,34
48929,18,35
48930,18,37
48931,18,37
48932,18,37
48933,18,38
48934,18,36
48935,18,34
48936,18,36
48937,18,36
48938,18,37
48939,18,36
48940,18,38
48941,18,35
48942,18,36
48943,18,38
48944,18,38
48945,18,38
48946,18,35
48947,18,36
48948,18,35
48949,18,36
48950,18,37
48951,18,38
48952,18,38
48953,18,37
48954,18,37
48955,18,36
48956,18,36
48957,18,36
48958,18,37
48959,18,38
48960,18,37
48961,18,36
48962,18,35
48963,18,38
48964,18,37
48965,18,38
48966,18,37
48967,18,37
48968,18,37
48969,18,36
48970,18,36
48971,18,35
48972,18,37
48973,18,35
48974,18,37
48975,18,38
48976,18,36
48977,18,36
48978,18,37
48979,18,37
48980,18,34
48981,18,34
48982,18,35
48983,18,38
48984,18,36
48985,18,37
48986,18,34
48987,18,37
48988,18,38
48989,18,38
48990,18,36
48991,18,35
48992,18,37
48993,18,38
48994,18,39
48995,18,37
48996,18,37
48997,18,35
48998,18,35
48999,18,35
49000,18,36
49001,18,36
49002,18,39
49003,18,35
49004,18,38
49005,18,39
49006,18,38
49007,18,37
49008,18,39
49009,18,36
49010,18,38
49011,18,37
49012,18,35
49013,18,34
49014,18,38
49015,18,35
49016,18,35
49017,18,36
49018,18,36
49019,18,36
49020,18,37
49021,18,36
49022,18,36
49023,18,37
49024,18,36
49025,18,37
49026,18,36
49027,18,34
49028,18,35
49029,18,35
49030,18,42
49031,18,38
49032,18,35
49033,18,34
49034,18,36
49035,18,37
49036,18,36
49037,18,37
49038,18,40
49039,18,36
49040,18,36
49041,18,35
49042,18,36
49043,18,36
49044,18,36
49045,18,38
49046,18,36
49047,18,38
49048,18,38
49049,18,36
49050,18,36
49051,18,36
49052,18,36
49053,18,38
49054,18,37
49055,18,37
49056,18,35
49057,18,36
49058,18,38
49059,18,35
49060,18,37
49061,18,36
49062,18,37
49063,18,37
49064,18,36
49065,18,35
49066,18,38
49067,18,34
49068,18,36
49069,18,37
49070,18,35
49071,18,38
49072,18,36
49073,18,37
49074,18,36
49075,18,37
49076,18,39
49077,18,36
49078,18,36
49079,18,37
49080,18,37
49081,18,37
49082,18,38
49083,18,35
49084,18,36
49085,18,36
49086,18,36
49087,18,34
49088,18,35
49089,18,38
49090,18,37
49091,18,36
49092,18,37
49093,18,37
49094,18,38
49095,18,36
49096,18,37
49097,18,35
49098,18,37
49099,18,36
49100,18,35
49101,18,37
49102,18,38
49103,18,38
49104,18,35
49105,18,36
49106,18,37
49107,18,37
49108,18,39
49109,18,36
49110,18,37
49111,18,38
49112,18,36
49113,18,35
49114,18,35
49115,18,37
49116,18,36
49117,18,36
49118,18,36
49119,18,36
49120,18,36
49121,18,35
49122,18,36
49123,18,36
49124,18,39
49125,18,38
49126,18,37
49127,18,36
49128,18,36
49129,18,38
49130,18,35
49131,18,37
49132,18,36
49133,18,37
49134,18,37
49135,18,35
49136,18,35
49137,18,37
49138,18,36
49139,18,36
49140,18,38
49141,18,36
49142,18,37
49143,18,38
49144,18,37
49145,18,35
49146,18,36
49147,18,38
49148,18,37
49149,18,35
49150,18,36
49151,18,37
49152,18,37
49153,18,36
49154,18,37
49155,18,34
49156,18,36
49157,18,36
49158,18,35
49159,18,34
49160,18,35
49161,18,40
49162,18,35
49163,18,37
49164,18,37
49165,18,36
49166,18,36
49167,18,37
49168,18,37
49169,18,38
49170,18,37
49171,18,36
49172,18,34
49173,18,36
49174,18,35
49175,18,35
49176,18,36
49177,18,35
49178,18,38
49179,18,36
49180,18,34
49181,18,36
49182,18,36
49183,18,35
49184,18,37
49185,18,36
49186,18,34
49187,18,36
49188,18,36
49189,18,37
49190,18,37
49191,18,38
49192,18,35
49193,18,38
49194,18,35
49195,18,38
49196,18,39
49197,18,37
49198,18,36
49199,18,37
49200,18,36
49201,18,36
49202,18,39
49203,18,38
49204,18,36
49205,18,35
49206,18,36
49207,18,37
49208,18,37
49209,18,38
49210,18,39
49211,18,36
49212,18,37
49213,18,35
49214,18,38
49215,18,35
49216,18,37
49217,18,34
49218,18,37
49219,18,36
49220,18,36
49221,18,36
49222,18,37
49223,18,36
49224,18,38
49225,18,37
49226,18,38
49227,18,37
49228,18,36
49229,18,36
49230,18,38
49231,18,35
49232,18,36
49233,18,35
49234,18,35
49235,18,37
49236,18,35
49237,18,38
49238,18,36
49239,18,35
49240,18,36
49241,18,37
49242,18,36
49243,18,36
49244,18,38
49245,18,37
49246,18,36
49247,18,38
49248,18,35
49249,18,38
49250,18,38
49251,18,35
49252,18,37
49253,18,36
49254,18,36
49255,18,39
49256,18,37
49257,18,35
49258,18,38
49259,18,34
49260,18,34
49261,18,37
49262,18,36
49263,18,36
49264,18,37
49265,18,35
49266,18,34
49267,18,37
49268,18,37
49269,18,36
49270,18,36
49271,18,39
49272,18,35
49273,18,36
49274,18,36
49275,18,37
49276,18,37
49277,18,36
49278,18,35
49279,18,37
49280,18,36
49281,18,36
49282,18,34
49283,18,34
49284,18,36
49285,18,36
49286,18,34
49287,18,37
49288,18,35
49289,18,37
49290,18,37
49291,18,35
49292,18,36
49293,18,36
49294,18,35
49295,18,34
49296,18,35
49297,18,36
49298,18,36
49299,18,36
49300,18,37
49301,18,36
49302,18,37
49303,18,35
49304,18,37
49305,18,38
49306,18,36
49307,18,37
49308,19,35
49309,18,36
49310,18,35
49311,18,39
49312,18,37
49313,18,38
49314,18,37
49315,18,38
49316,18,34
49317,18,39
49318,18,36
49319,18,36
49320,18,38
49321,18,37
49322,18,37
49323,18,36
49324,18,37
49325,18,37
49326,18,35
49327,18,36
49328,18,35
49329,18,38
49330,18,36
49331,18,35
49332,18,35
49333,18,38
49334,18,36
49335,18,37
49336,18,37
49337,18,36
49338,18,36
49339,18,38
49340,18,37
49341,18,35
49342,18,38
49343,18,36
49344,18,38
49345,18,39
49346,18,37
49347,18,37
49348,18,37
49349,18,36
49350,18,38
49351,18,37
49352,18,37
49353,18,37
49354,18,37
49355,18,38
49356,18,35
49357,18,36
49358,18,35
49359,18,37
49360,18,35
49361,18,35
49362,18,38
49363,18,35
49364,18,35
49365,18,35
49366,18,35
49367,18,34
49368,18,37
49369,18,35
49370,18,37
49371,18,37
49372,18,35
49373,18,35
49374,18,38
49375,18,37
49376,18,36
49377,18,37
49378,18,36
49379,18,36
49380,18,38
49381,18,38
49382,18,35
49383,18,36
49384,18,37
49385,18,36
49386,18,37
49387,18,37
49388,18,38
49389,18,37
49390,18,35
49391,18,36
49392,18,36
49393,18,37
49394,18,37
49395,18,35
49396,18,36
49397,18,36
49398,18,35
49399,18,35
49400,18,39
49401,18,36
49402,18,37
49403,18,38
49404,18,35
49405,18,40
49406,18,37
49407,18,37
49408,18,37
49409,18,36
49410,18,36
49411,18,39
49412,18,37
49413,18,38
49414,18,36
49415,18,35
49416,18,37
49417,18,36
49418,18,36
49419,18,35
49420,18,35
49421,18,36
49422,18,37
49423,18,37
49424,18,36
49425,18,36
49426,18,36
49427,18,35
49428,18,37
49429,18,36
49430,18,37
49431,18,35
49432,18,39
49433,18,36
49434,18,39
49435,18,36
49436,18,35
49437,18,39
49438,18,36
49439,18,37
49440,18,36
49441,18,37
49442,18,36
49443,18,35
49444,18,35
49445,18,36
49446,18,36
49447,18,36
49448,18,37
49449,18,38
49450,18,35
49451,18,38
49452,18,37
49453,18,37
49454,18,35
49455,18,34
49456,18,35
49457,18,37
49458,18,37
49459,18,37
49460,18,35
49461,18,36
49462,18,37
49463,18,36
49464,18,36
49465,18,37
49466,18,35
49467,18,37
49468,18,37
49469,18,36
49470,18,35
49471,18,36
49472,18,36
49473,18,36
49474,18,36
49475,18,37
49476,18,36
49477,18,36
49478,18,34
49479,18,37
49480,18,36
49481,18,38
49482,18,36
49483,18,36
49484,18,38
49485,18,38
49486,18,36
49487,18,36
49488,18,37
49489,18,36
49490,18,36
49491,18,35
49492,18,36
49493,18,37
49494,18,35
49495,18,35
49496,18,36
49497,18,39
49498,18,38
49499,18,34
49500,18,37
49501,18,36
49502,18,37
49503,18,36
49504,18,37
49505,18,37
49506,18,36
49507,18,37
49508,18,38
49509,18,40
49510,18,36
49511,18,38
49512,18,36
49513,18,37
49514,18,35
49515,18,37
49516,18,37
49517,18,36
49518,18,37
49519,18,37
49520,18,36
49521,18,36
49522,18,36
49523,18,37
49524,18,36
49525,18,39
49526,18,35
49527,18,39
49528,18,35
49529,18,35
49530,18,37
49531,18,35
49532,18,37
49533,18,36
49534,18,36
49535,18,38
49536,18,36
49537,18,36
49538,18,36
49539,18,38
49540,18,37
49541,18,37
49542,18,36
49543,18,38
49544,18,34
49545,18,38
49546,18,35
49547,18,36
49548,18,35
49549,18,36
49550,18,35
49551,18,36
49552,18,36
49553,18,38
49554,18,39
49555,18,35
49556,18,36
49557,18,36
49558,18,35
49559,18,35
49560,18,34
49561,18,36
49562,18,38
49563,18,35
49564,18,36
49565,18,38
49566,18,37
49567,18,39
49568,18,36
49569,18,38
49570,18,35
49571,18,35
49572,18,36
49573,18,36
49574,18,39
49575,18,37
49576,18,36
49577,18,36
49578,18,36
49579,18,36
49580,18,36
49581,18,37
49582,18,38
49583,18,37
49584,18,38
49585,18,37
49586,18,36
49587,18,35
49588,18,38
49589,18,35
49590,18,36
49591,18,37
49592,18,37
49593,18,37
49594,18,36
49595,18,37
49596,18,36
49597,18,37
49598,18,36
49599,18,35
49600,18,36
49601,18,35
49602,18,35
49603,18,37
49604,18,38
49605,18,37
49606,18,37
49607,18,36
49608,18,35
49609,18,37
49610,18,36
49611,18,39
49612,18,35
49613,18,37
49614,18,38
49615,18,35
49616,18,36
49617,18,37
49618,18,36
49619,18,38
49620,18,38
49621,18,35
49622,18,36
49623,18,35
49624,18,35
49625,18,36
49626,18,35
49627,18,37
49628,18,35
49629,18,37
49630,18,36
49631,18,35
49632,18,35
49633,18,38
49634,18,35
49635,18,37
49636,18,37
49637,18,36
49638,18,36
49639,18,37
49640,18,39
49641,18,35
49642,18,36
49643,18,36
49644,18,38
49645,18,37
49646,18,36
49647,18,37
49648,18,36
49649,18,36
49650,18,37
49651,18,34
49652,18,35
49653,18,35
49654,18,36
49655,18,36
49656,18,35
49657,18,38
49658,18,36
49659,18,37
49660,18,35
49661,18,36
49662,18,36
49663,18,36
49664,18,36
49665,18,37
49666,18,39
49667,18,36
49668,18,37
49669,18,35
49670,18,37
49671,18,36
49672,18,35
49673,18,35
49674,18,39
49675,18,37
49676,18,35
49677,18,36
49678,18,37
49679,18,37
49680,18,35
49681,18,37
49682,18,36
49683,18,37
49684,18,35
49685,18,36
49686,18,39
49687,18,37
49688,18,38
49689,18,37
49690,18,35
49691,18,34
49692,19,37
49693,18,36
49694,18,36
49695,18,35
49696,18,38
49697,18,36
49698,18,35
49699,18,39
49700,18,35
49701,18,37
49702,18,36
49703,18,36
49704,18,37
49705,18,35
49706,18,36
49707,18,36
49708,18,36
49709,18,37
49710,18,38
49711,18,36
49712,18,36
49713,18,37
49714,18,37
49715,18,35
49716,18,35
49717,18,37
49718,18,38
49719,18,37
49720,18,35
49721,18,35
49722,18,36
49723,18,34
49724,18,37
49725,18,37
49726,18,35
49727,18,35
49728,18,36
49729,18,36
49730,18,38
49731,18,34
49732,18,37
49733,18,38
49734,18,38
49735,18,38
49736,18,36
49737,18,35
49738,18,35
49739,18,37
49740,18,38
49741,18,36
49742,18,40
49743,18,36
49744,18,35
49745,18,36
49746,18,36
49747,18,38
49748,18,39
49749,18,37
49750,18,35
49751,18,34
49752,18,36
49753,18,36
49754,18,35
49755,18,35
49756,18,34
49757,18,37
49758,18,37
49759,18,36
49760,18,36
49761,18,34
49762,18,37
49763,18,38
49764,18,36
49765,18,37
49766,18,35
49767,18,34
49768,18,37
49769,18,37
49770,18,41
49771,18,36
49772,18,36
49773,18,36
49774,18,36
49775,18,35
49776,18,36
49777,18,36
49778,18,37
49779,18,37
49780,18,38
49781,18,40
49782,18,36
49783,18,36
49784,18,37
49785,18,37
49786,18,38
49787,18,35
49788,18,37
49789,18,38
49790,18,37
49791,18,36
49792,18,36
49793,18,36
49794,18,36
49795,18,37
49796,18,37
49797,18,38
49798,18,37
49799,18,35
49800,18,37
49801,18,35
49802,18,37
49803,18,37
49804,18,35
49805,18,36
49806,18,36
49807,18,38
49808,18,36
49809,18,39
49810,18,37
49811,18,36
49812,18,37
49813,18,35
49814,18,35
49815,18,39
49816,18,37
49817,18,35
49818,18,36
49819,18,35
49820,18,36
49821,18,37
49822,18,37
49823,18,36
49824,18,36
49825,18,38
49826,18,35
49827,18,37
49828,18,37
49829,19,38
49830,18,37
49831,18,37
49832,18,36
49833,18,38
49834,18,38
49835,18,35
49836,18,37
49837,18,36
49838,18,36
49839,18,37
49840,18,36
49841,18,35
49842,18,37
49843,18,36
49844,18,36
49845,18,36
49846,18,35
49847,18,37
49848,18,37
49849,18,37
49850,18,38
49851,18,36
49852,18,37
49853,18,38
49854,18,35
49855,18,36
49856,18,36
49857,18,38
49858,18,36
49859,18,35
49860,18,36
49861,18,36
49862,18,38
49863,18,35
49864,18,35
49865,18,36
49866,18,37
49867,18,38
49868,18,39
49869,18,38
49870,18,35
49871,18,37
49872,18,35
49873,18,37
49874,18,36
49875,18,38
49876,18,37
49877,18,35
49878,18,35
49879,18,36
49880,18,36
49881,18,37
49882,18,36
49883,18,37
49884,18,37
49885,18,36
49886,18,36
49887,18,36
49888,18,36
49889,18,34
49890,18,36
49891,18,38
49892,18,37
49893,18,37
49894,18,36
49895,18,36
49896,18,36
49897,18,35
49898,18,37
49899,18,37
49900,18,35
49901,18,34
49902,18,37
49903,18,33
49904,18,36
49905,18,38
49906,18,35
49907,18,36
49908,18,38
49909,18,35
49910,18,37
49911,18,37
49912,18,36
49913,18,38
49914,18,34
49915,18,36
49916,18,37
49917,18,37
49918,18,38
49919,18,37
49920,18,36
49921,18,37
49922,18,37
49923,18,41
49924,18,35
49925,18,36
49926,18,39
49927,18,37
49928,18,36
49929,18,37
49930,18,36
49931,18,37
49932,18,35
49933,18,37
49934,18,37
49935,18,37
49936,18,36
49937,18,36
49938,18,38
49939,18,36
49940,18,39
49941,18,37
49942,18,36
49943,18,37
49944,18,37
49945,18,36
49946,18,34
49947,18,35
49948,18,36
49949,18,39
49950,18,37
49951,18,36
49952,18,36
49953,18,39
49954,18,35
49955,18,36
49956,18,39
49957,18,39
49958,18,37
49959,18,37
49960,18,37
49961,18,36
49962,18,37
49963,18,37
49964,18,38
49965,18,37
49966,18,35
49967,18,39
49968,18,36
49969,18,35
49970,18,39
49971,18,37
49972,18,35
49973,18,36
49974,18,34
49975,18,38
49976,18,36
49977,18,39
49978,18,37
49979,18,35
49980,18,36
49981,18,35
49982,18,33
49983,18,35
49984,18,37
49985,18,36
49986,18,36
49987,18,37
49988,18,34
49989,18,34
49990,18,35
49991,18,37
49992,18,37
49993,18,36
49994,18,38
49995,18,37
49996,18,36
49997,18,36
49998,18,35
49999,18,36
50000,18,37
50001,18,37
50002,18,36
50003,18,38
50004,18,37
50005,18,38
50006,18,36
50007,18,36
50008,18,37
50009,18,37
50010,18,35
50011,18,34
50012,18,38
50013,18,36
50014,18,38
50015,18,37
50016,18,37
50017,18,34
50018,18,36
50019,18,38
50020,18,36
50021,18,35
50022,18,36
50023,18,35
50024,18,36
50025,18,37
50026,18,36
50027,18,38
50028,18,37
50029,18,37
50030,18,36
50031,18,37
50032,18,37
50033,18,34
50034,18,36
50035,18,36
50036,18,38
50037,18,37
50038,18,39
50039,18,38
50040,18,36
50041,18,36
50042,18,36
50043,18,39
50044,18,36
50045,18,35
50046,18,37
50047,18,36
50048,18,38
50049,18,36
50050,18,37
50051,18,35
50052,18,38
50053,18,36
50054,18,37
50055,18,37
50056,18,36
50057,18,36
50058,18,39
50059,18,38
50060,18,37
50061,18,35
50062,18,38
50063,18,39
50064,18,36
50065,18,36
50066,18,36
50067,18,37
50068,18,36
50069,18,37
50070,18,35
50071,18,36
50072,18,35
50073,18,38
50074,18,38
50075,18,39
50076,18,37
50077,18,37
50078,18,38
50079,18,38
50080,18,38
50081,18,37
50082,18,36
50083,18,36
50084,18,37
50085,18,36
50086,18,34
50087,18,36
50088,18,35
50089,18,35
50090,18,36
50091,18,35
50092,18,34
50093,18,38
50094,18,37
50095,18,34
50096,18,36
50097,18,36
50098,18,37
50099,18,36
50100,18,37
50101,18,35
50102,18,36
50103,18,36
50104,18,36
50105,18,36
50106,18,38
50107,18,37
50108,18,36
50109,18,37
50110,18,37
50111,18,35
50112,18,36
50113,18,38
50114,18,39
50115,18,36
50116,18,36
50117,18,37
50118,18,37
50119,18,37
50120,18,37
50121,18,35
50122,18,35
50123,18,38
50124,18,35
50125,18,35
50126,18,35
50127,18,37
50128,18,36
50129,18,37
50130,18,37
50131,18,36
50132,18,37
50133,18,38
50134,19,37
50135,18,35
50136,18,38
50137,18,36
50138,18,37
50139,18,38
50140,18,36
50141,18,35
50142,18,35
50143,18,36
50144,18,38
50145,18,38
50146,18,37
50147,18,34
50148,18,37
50149,18,37
50150,18,37
50151,18,35
50152,18,35
50153,18,37
50154,18,35
50155,18,40
50156,18,34
50157,18,37
50158,18,35
50159,18,38
50160,18,36
50161,18,36
50162,18,36
50163,18,35
50164,18,37
50165,18,38
50166,18,34
50167,18,38
50168,18,35
50169,18,35
50170,18,36
50171,18,36
50172,18,37
50173,18,35
50174,18,35
50175,18,37
50176,18,37
50177,18,37
50178,18,35
50179,18,37
50180,18,37
50181,18,36
50182,18,36
50183,18,35
50184,18,37
50185,18,38
50186,18,36
50187,18,38
50188,18,35
50189,18,35
50190,18,37
50191,18,37
50192,18,36
50193,18,38
50194,18,36
50195,18,36
50196,18,34
50197,18,35
50198,18,37
50199,18,36
50200,18,35
50201,18,35
50202,18,36
50203,18,35
50204,18,36
50205,18,36
50206,18,37
50207,18,37
50208,18,37
50209,18,36
50210,18,35
50211,18,37
50212,18,37
50213,18,36
50214,18,35
50215,18,36
50216,18,38
50217,18,38
50218,18,37
50219,18,35
50220,18,37
50221,18,37
50222,18,37
50223,18,38
50224,18,35
50225,18,37
50226,18,36
50227,18,37
50228,18,35
50229,18,37
50230,18,34
50231,18,35
50232,18,38
50233,18,35
50234,18,36
50235,18,35
50236,18,37
50237,18,35
50238,18,35
50239,18,36
50240,18,36
50241,18,35
50242,18,36
50243,18,35
50244,18,36
50245,18,36
50246,18,38
50247,18,37
50248,18,37
50249,18,37
50250,18,35
50251,18,37
50252,18,35
50253,18,37
50254,18,35
50255,18,36
50256,18,37
50257,18,38
50258,18,36
50259,18,36
50260,18,36
50261,18,37
50262,18,35
50263,18,36
50264,18,35
50265,18,36
50266,18,39
50267,18,37
50268,18,36
50269,18,37
50270,18,35
50271,18,36
50272,18,37
50273,18,39
50274,18,37
50275,18,38
50276,18,36
50277,18,37
50278,18,36
50279,18,36
50280,18,36
50281,18,37
50282,18,36
50283,18,34
50284,18,37
50285,18,34
50286,18,36
50287,18,35
50288,18,36
50289,18,38
50290,18,35
50291,18,35
50292,19,36
50293,18,37
50294,18,35
50295,18,36
50296,18,37
50297,18,36
50298,18,36
50299,18,37
50300,18,37
50301,18,35
50302,18,37
50303,18,35
50304,18,37
50305,18,35
50306,18,36
50307,18,34
50308,18,38
50309,18,36
50310,18,40
50311,18,35
50312,18,37
50313,18,35
50314,18,39
50315,18,36
50316,18,34
50317,18,38
50318,18,36
50319,18,37
50320,18,35
50321,18,37
50322,18,37
50323,18,35
50324,18,35
50325,18,35
50326,18,40
50327,18,36
50328,18,37
50329,18,36
50330,18,37
50331,18,35
50332,18,38
50333,18,36
50334,18,36
50335,18,35
50336,19,35
50337,18,38
50338,18,37
50339,18,35
50340,18,35
50341,18,35
50342,18,36
50343,18,38
50344,18,35
50345,18,36
50346,18,39
50347,18,35
50348,18,38
50349,18,36
50350,18,36
50351,18,35
50352,18,36
50353,18,36
50354,18,35
50355,18,38
50356,18,36
50357,18,36
50358,18,36
50359,18,36
50360,18,36
50361,18,36
50362,18,37
50363,18,36
50364,18,37
50365,18,37
50366,18,37
50367,18,38
50368,18,37
50369,18,37
50370,18,36
50371,18,36
50372,18,36
50373,18,35
50374,18,36
50375,18,35
50376,18,37
50377,18,36
50378,18,35
50379,18,36
50380,18,37
50381,18,35
50382,18,36
50383,18,38
50384,18,37
50385,18,36
50386,18,38
50387,18,35
50388,18,38
50389,18,36
50390,18,36
50391,18,36
50392,18,37
50393,18,35
50394,18,36
50395,18,37
50396,18,37
50397,18,35
50398,18,36
50399,18,37
50400,18,37
50401,18,36
50402,18,40
50403,18,36
50404,18,36
50405,18,35
50406,18,37
50407,18,36
50408,18,38
50409,18,37
50410,18,35
50411,18,37
50412,18,36
50413,18,38
50414,18,35
50415,18,37
50416,18,38
50417,18,35
50418,18,37
50419,18,36
50420,18,36
50421,18,38
50422,18,36
50423,18,36
50424,19,37
50425,18,35
50426,18,40
50427,18,36
50428,18,37
50429,18,36
50430,18,35
50431,18,34
50432,18,38
50433,18,36
50434,18,37
50435,18,37
50436,18,37
50437,18,36
50438,18,36
50439,18,37
50440,18,35
50441,18,36
50442,18,37
50443,18,36
50444,18,37
50445,18,37
50446,18,39
50447,18,36
50448,18,38
50449,18,35
50450,18,36
50451,18,36
50452,18,36
50453,18,38
50454,18,35
50455,18,35
50456,18,36
50457,18,36
50458,18,37
50459,18,36
50460,18,38
50461,18,36
50462,18,37
50463,18,36
50464,18,39
50465,18,37
50466,18,37
50467,18,35
50468,18,37
50469,18,40
50470,18,36
50471,18,37
50472,18,37
50473,18,35
50474,18,37
50475,18,38
50476,18,37
50477,18,36
50478,18,36
50479,18,36
50480,18,37
50481,18,36
50482,18,40
50483,18,36
50484,18,37
50485,18,36
50486,18,35
50487,18,37
50488,19,36
50489,18,38
50490,18,36
50491,18,38
50492,18,36
50493,18,35
50494,18,36
50495,18,40
50496,18,36
50497,18,39
50498,18,36
50499,18,35
50500,18,37
50501,18,35
50502,18,38
50503,18,38
50504,18,39
50505,18,37
50506,18,39
50507,18,36
50508,18,36
50509,18,37
50510,18,37
50511,18,37
50512,18,37
50513,18,37
50514,18,37
50515,18,36
50516,18,36
50517,18,36
50518,18,36
50519,18,35
50520,18,38
50521,18,37
50522,18,35
50523,18,37
50524,18,38
50525,18,37
50526,18,36
50527,18,37
50528,18,36
50529,18,36
50530,18,38
50531,18,36
50532,18,37
50533,18,36
50534,18,33
50535,18,36
50536,18,36
50537,18,38
50538,18,35
50539,18,38
50540,18,36
50541,18,35
50542,18,38
50543,18,36
50544,18,37
50545,18,37
50546,19,36
50547,18,35
50548,18,36
50549,18,38
50550,18,37
50551,18,36
50552,18,37
50553,18,37
50554,18,35
50555,18,38
50556,18,36
50557,18,37
50558,18,36
50559,18,36
50560,18,36
50561,18,35
50562,18,35
50563,18,39
50564,18,37
50565,18,36
50566,18,37
50567,18,38
50568,18,36
50569,18,38
50570,18,35
50571,18,36
50572,18,35
50573,18,37
50574,18,35
50575,18,36
50576,18,35
50577,18,35
50578,18,37
50579,18,38
50580,18,38
50581,18,35
50582,18,37
50583,18,36
50584,18,37
50585,18,37
50586,18,38
50587,18,34
50588,18,35
50589,18,36
50590,18,36
50591,18,36
50592,18,36
50593,18,36
50594,18,36
50595,18,35
50596,18,37
50597,18,34
50598,18,36
50599,18,38
50600,18,36
50601,18,36
50602,18,35
50603,18,37
50604,18,37
50605,18,37
50606,18,38
50607,18,37
50608,18,37
50609,18,34
50610,18,36
50611,18,34
50612,18,36
50613,18,35
50614,18,37
50615,18,34
50616,18,37
50617,18,38
50618,18,35
50619,18,35
50620,18,37
50621,18,35
50622,18,36
50623,18,38
50624,18,39
50625,18,37
50626,18,38
50627,18,37
50628,18,36
50629,18,37
50630,18,36
50631,18,35
50632,18,36
50633,18,36
50634,18,38
50635,18,38
50636,18,34
50637,18,36
50638,18,39
50639,18,36
50640,18,35
50641,18,34
50642,18,36
50643,18,36
50644,18,38
50645,18,39
50646,18,39
50647,18,37
50648,18,37
50649,18,35
50650,18,39
50651,18,35
50652,18,37
50653,18,36
50654,18,36
50655,18,37
50656,18,37
50657,18,38
50658,18,35
50659,18,37
50660,19,37
50661,18,36
50662,18,37
50663,18,38
50664,18,36
50665,18,38
50666,18,38
50667,18,36
50668,18,39
50669,18,36
50670,18,36
50671,18,37
50672,18,38
50673,18,37
50674,18,38
50675,18,36
50676,19,36
50677,18,36
50678,18,38
50679,18,40
50680,18,35
50681,18,36
50682,18,37
50683,18,35
50684,18,35
50685,18,37
50686,18,35
50687,18,36
50688,18,36
50689,18,34
50690,18,38
50691,18,35
50692,18,37
50693,18,35
50694,18,37
50695,18,37
50696,19,39
50697,18,37
50698,18,36
50699,18,36
50700,18,34
50701,18,37
50702,18,35
50703,18,35
50704,18,37
50705,18,35
50706,18,35
50707,18,37
50708,18,36
50709,18,38
50710,18,36
50711,18,35
50712,18,36
50713,18,35
50714,18,35
50715,18,37
50716,18,36
50717,18,35
50718,18,36
50719,18,36
50720,18,38
50721,18,37
50722,18,35
50723,18,36
50724,18,39
50725,18,35
50726,18,37
50727,18,34
50728,18,38
50729,18,36
50730,18,36
50731,18,37
50732,18,36
50733,18,37
50734,18,35
50735,18,36
50736,18,36
50737,18,35
50738,18,39
50739,18,36
50740,18,36
50741,18,35
50742,18,37
50743,18,39
50744,18,36
50745,18,35
50746,18,38
50747,18,36
50748,18,37
50749,18,38
50750,18,36
50751,18,36
50752,18,36
50753,18,35
50754,18,36
50755,18,35
50756,18,35
50757,18,36
50758,18,38
50759,18,35
50760,18,37
50761,18,37
50762,18,35
50763,18,38
50764,18,36
50765,18,36
50766,18,36
50767,18,37
50768,18,36
50769,18,38
50770,18,35
50771,18,36
50772,18,37
50773,18,36
50774,18,38
50775,18,37
50776,18,36
50777,18,34
50778,18,35
50779,18,38
50780,18,36
50781,18,37
50782,18,38
50783,18,39
50784,18,35
50785,18,35
50786,18,40
50787,18,36
50788,18,35
50789,18,36
50790,18,36
50791,18,37
50792,18,39
50793,18,37
50794,18,36
50795,18,34
50796,18,37
50797,18,36
50798,18,38
50799,18,38
50800,18,37
50801,18,37
50802,18,35
50803,18,35
50804,18,37
50805,18,37
50806,18,37
50807,18,39
50808,18,36
50809,18,37
50810,18,35
50811,18,37
50812,18,36
50813,18,35
50814,18,36
50815,18,36
50816,18,36
50817,18,38
50818,18,34
50819,18,35
50820,18,35
50821,18,38
50822,18,38
50823,18,36
50824,18,34
50825,18,35
50826,18,35
50827,18,35
50828,18,36
50829,18,36
50830,18,38
50831,18,38
50832,18,36
50833,18,37
50834,18,35
50835,18,38
50836,18,36
50837,18,36
50838,18,36
50839,18,35
50840,18,35
50841,18,38
50842,18,36
50843,18,40
50844,18,39
50845,18,38
50846,18,37
50847,18,36
50848,18,36
50849,18,35
50850,18,35
50851,18,36
50852,18,37
50853,18,37
50854,18,39
50855,18,37
50856,18,35
50857,18,38
50858,18,38
50859,18,35
50860,18,36
50861,18,38
50862,18,35
50863,18,36
50864,18,36
50865,18,37
50866,18,37
50867,18,36
50868,18,38
50869,18,38
50870,18,35
50871,18,37
50872,18,37
50873,18,35
50874,18,34
50875,18,36
50876,18,36
50877,18,38
50878,18,38
50879,18,38
50880,19,37
50881,18,35
50882,18,36
50883,18,36
50884,18,36
50885,18,37
50886,18,35
50887,18,35
50888,18,36
50889,18,36
50890,18,35
50891,18,38
50892,18,37
50893,18,34
50894,18,37
50895,18,37
50896,18,37
50897,18,37
50898,18,36
50899,18,37
50900,18,36
50901,18,34
50902,18,37
50903,18,35
50904,18,37
50905,18,37
50906,18,35
50907,18,36
50908,18,37
50909,18,38
50910,18,35
50911,18,35
50912,18,35
50913,18,36
50914,18,38
50915,18,36
50916,18,36
50917,18,35
50918,18,37
50919,18,36
50920,18,37
50921,18,37
50922,18,34
50923,18,40
50924,18,37
50925,18,36
50926,18,38
50927,18,36
50928,18,37
50929,18,35
50930,18,36
50931,18,35
50932,18,38
50933,18,37
50934,18,34
50935,18,34
50936,18,37
50937,18,36
50938,18,36
50939,18,36
50940,18,38
50941,18,38
50942,18,35
50943,18,35
50944,18,37
50945,18,36
50946,18,35
50947,18,37
50948,18,35
50949,18,40
50950,18,36
50951,18,36
50952,18,36
50953,18,37
50954,18,35
50955,18,36
50956,18,36
50957,18,37
50958,18,35
50959,18,36
50960,18,38
50961,18,36
50962,18,38
50963,18,38
50964,18,37
50965,18,37
50966,18,36
50967,18,36
50968,18,36
50969,18,37
50970,18,34
50971,18,39
50972,18,36
50973,18,36
50974,18,36
50975,18,39
50976,18,38
50977,18,36
50978,18,36
50979,18,35
50980,18,37
50981,18,36
50982,18,35
50983,18,37
50984,18,37
50985,18,38
50986,18,38
50987,18,35
50988,18,34
50989,18,38
50990,18,38
50991,18,35
50992,18,38
50993,18,34
50994,18,36
50995,18,35
50996,18,37
50997,18,37
50998,18,37
50999,18,37
51000,18,36
51001,18,37
51002,18,36
51003,18,38
51004,18,38
51005,18,37
51006,18,38
51007,18,38
51008,18,37
51009,18,37
51010,18,35
51011,18,36
51012,18,37
51013,18,41
51014,18,34
51015,19,37
51016,18,38
51017,18,36
51018,18,36
51019,18,36
51020,18,35
51021,18,36
51022,18,37
51023,18,37
51024,18,38
51025,18,34
51026,18,37
51027,18,35
51028,18,38
51029,18,38
51030,18,39
51031,18,37
51032,18,36
51033,18,35
51034,18,36
51035,18,36
51036,18,38
51037,18,35
51038,18,38
51039,18,35
51040,18,38
51041,18,36
51042,18,35
51043,18,36
51044,18,38
51045,18,36
51046,18,35
51047,18,36
51048,18,37
51049,18,37
51050,18,36
51051,18,39
51052,18,36
51053,18,36
51054,18,37
51055,18,38
51056,18,38
51057,18,35
51058,18,36
51059,18,36
51060,18,37
51061,18,36
51062,18,38
51063,18,36
51064,18,35
51065,18,37
51066,18,36
51067,18,36
51068,18,36
51069,18,37
51070,18,35
51071,18,35
51072,18,37
51073,18,38
51074,18,35
51075,18,38
51076,18,37
51077,18,35
51078,18,38
51079,18,37
51080,18,36
51081,18,35
51082,18,34
51083,18,37
51084,18,35
51085,18,36
51086,18,39
51087,18,38
51088,18,36
51089,18,35
51090,18,36
51091,18,36
51092,18,35
51093,18,34
51094,18,37
51095,18,36
51096,18,37
51097,18,35
51098,18,38
51099,18,38
51100,18,38
51101,18,37
51102,18,36
51103,18,37
51104,18,35
51105,18,39
51106,18,37
51107,18,36
51108,18,35
51109,18,35
51110,19,36
51111,18,35
51112,18,37
51113,18,36
51114,18,36
51115,18,35
51116,18,36
51117,18,38
51118,18,35
51119,18,38
51120,18,36
51121,18,37
51122,18,38
51123,18,37
51124,18,36
51125,18,37
51126,18,35
51127,18,38
51128,18,36
51129,18,37
51130,18,37
51131,18,36
51132,18,36
51133,18,36
51134,18,37
51135,18,36
51136,18,38
51137,18,37
51138,18,35
51139,18,36
51140,18,36
51141,18,37
51142,18,37
51143,18,38
51144,18,37
51145,18,37
51146,18,38
51147,18,35
51148,18,36
51149,18,34
51150,18,37
51151,18,36
51152,18,35
51153,18,36
51154,18,36
51155,18,38
51156,18,36
51157,18,36
51158,18,35
51159,18,36
51160,18,37
51161,18,37
51162,18,37
51163,18,34
51164,18,36
51165,18,34
51166,18,36
51167,18,36
51168,18,36
51169,18,37
51170,18,36
51171,18,38
51172,18,37
51173,18,35
51174,18,38
51175,18,36
51176,18,37
51177,18,36
51178,18,35
51179,18,37
51180,18,38
51181,18,36
51182,18,37
51183,18,37
51184,18,37
51185,18,36
51186,18,36
51187,18,37
51188,18,37
51189,18,38
51190,18,34
51191,18,39
51192,18,37
51193,18,37
51194,18,35
51195,18,38
51196,18,37
51197,18,37
51198,18,36
51199,18,36
51200,18,36
51201,18,37
51202,18,37
51203,18,37
51204,18,38
51205,18,36
51206,18,37
51207,18,35
51208,18,37
51209,18,35
51210,18,37
51211,18,36
51212,18,37
51213,18,37
51214,18,38
51215,18,37
51216,18,37
51217,18,36
51218,18,35
51219,18,36
51220,18,38
51221,18,36
51222,18,36
51223,18,34
51224,18,37
51225,18,37
51226,18,37
51227,18,37
51228,18,38
51229,18,36
51230,18,37
51231,18,37
51232,18,36
51233,18,36
51234,18,37
51235,18,37
51236,18,39
51237,18,35
51238,18,37
51239,18,37
51240,18,37
51241,18,39
51242,18,36
51243,18,36
51244,18,35
51245,18,36
51246,18,36
51247,18,37
51248,18,38
51249,18,36
51250,18,37
51251,18,38
51252,18,35
51253,18,38
51254,18,38
51255,18,37
51256,18,36
51257,18,36
51258,18,37
51259,18,38
51260,18,36
51261,18,35
51262,18,37
51263,18,35
51264,18,39
51265,18,34
51266,18,38
51267,18,37
51268,18,35
51269,18,36
51270,18,35
51271,18,38
51272,18,36
51273,18,38
51274,18,36
51275,18,36
51276,18,36
51277,18,37
51278,18,36
51279,18,37
51280,18,37
51281,18,38
51282,18,36
51283,18,38
51284,18,35
51285,18,36
51286,18,37
51287,18,39
51288,18,36
51289,18,37
51290,18,37
51291,18,35
51292,18,36
51293,18,37
51294,18,39
51295,18,37
51296,18,36
51297,18,38
51298,18,37
51299,18,36
51300,18,36
51301,18,37
51302,18,36
51303,18,35
51304,18,35
51305,18,36
51306,18,37
51307,18,40
51308,18,36
51309,18,35
51310,18,37
51311,18,34
51312,18,38
51313,18,36
51314,18,38
51315,18,36
51316,18,37
51317,18,37
51318,18,39
51319,18,37
51320,18,36
51321,18,39
51322,18,36
51323,18,42
51324,18,36
51325,18,37
51326,18,37
51327,18,35
51328,18,38
51329,18,36
51330,18,36
51331,18,36
51332,18,35
51333,18,36
51334,18,37
51335,18,36
51336,18,36
51337,18,36
51338,18,38
51339,18,38
51340,18,37
51341,18,37
51342,18,37
51343,18,35
51344,18,36
51345,19,39
51346,18,37
51347,18,38
51348,18,36
51349,18,37
51350,18,37
51351,18,36
51352,18,37
51353,18,36
51354,18,36
51355,18,36
51356,18,38
51357,18,35
51358,18,36
51359,18,35
51360,18,37
51361,18,38
51362,18,35
51363,18,34
51364,19,37
51365,18,38
51366,18,35
51367,18,34
51368,18,36
51369,18,36
51370,18,36
51371,18,38
51372,18,37
51373,18,37
51374,18,35
51375,18,38
51376,18,40
51377,18,37
51378,18,39
51379,18,37
51380,18,37
51381,18,36
51382,18,36
51383,18,34
51384,18,37
51385,18,35
51386,18,35
51387,18,37
51388,18,38
51389,18,36
51390,18,37
51391,18,36
51392,18,37
51393,18,37
51394,18,36
51395,18,38
51396,18,37
51397,18,37
51398,18,36
51399,18,38
51400,18,37
51401,18,37
51402,18,34
51403,18,39
51404,18,35
51405,18,35
51406,18,36
51407,18,36
51408,18,34
51409,18,39
51410,18,39
51411,18,35
51412,18,37
51413,18,37
51414,18,35
51415,18,37
51416,18,36
51417,18,36
51418,18,35
51419,18,36
51420,18,38
51421,18,34
51422,18,37
51423,18,36
51424,18,40
51425,18,36
51426,18,36
51427,18,37
51428,18,37
51429,18,36
51430,18,36
51431,18,37
51432,18,36
51433,18,37
51434,18,38
51435,18,35
51436,18,37
51437,18,36
51438,18,37
51439,18,36
51440,18,38
51441,18,36
51442,18,37
51443,18,37
51444,18,35
51445,18,37
51446,18,37
51447,18,37
51448,18,37
51449,18,36
51450,18,37
51451,18,36
51452,18,36
51453,18,37
51454,18,36
51455,18,36
51456,18,38
51457,18,36
51458,18,39
51459,18,35
51460,18,35
51461,18,36
51462,18,37
51463,18,34
51464,18,37
51465,18,35
51466,18,39
51467,18,37
51468,18,36
51469,18,36
51470,18,37
51471,18,39
51472,18,35
51473,18,36
51474,18,36
51475,18,35
51476,18,36
51477,18,37
51478,18,35
51479,18,36
51480,18,36
51481,18,35
51482,18,35
51483,18,37
51484,18,36
51485,18,35
51486,18,37
51487,18,37
51488,18,36
51489,18,35
51490,18,36
51491,18,38
51492,18,36
51493,18,35
51494,18,35
51495,18,35
51496,18,36
51497,18,37
51498,18,38
51499,18,35
51500,18,36
51501,18,36
51502,18,35
51503,18,37
51504,18,36
51505,18,37
51506,18,37
51507,18,36
51508,18,37
51509,18,38
51510,18,37
51511,18,36
51512,18,37
51513,18,35
51514,18,36
51515,18,37
51516,18,36
51517,18,35
51518,18,37
51519,18,37
51520,18,36
51521,18,39
51522,18,36
51523,18,37
51524,18,37
51525,18,35
51526,18,36
51527,18,38
51528,18,36
51529,18,37
51530,18,38
51531,18,38
51532,18,34
51533,18,36
51534,18,35
51535,18,38
51536,18,33
51537,18,36
51538,18,38
51539,18,38
51540,18,38
51541,18,37
51542,18,35
51543,18,39
51544,18,36
51545,18,38
51546,18,34
51547,18,36
51548,18,39
51549,18,37
51550,19,36
51551,18,38
51552,18,35
51553,18,37
51554,18,36
51555,18,36
51556,18,36
51557,18,37
51558,18,37
51559,18,36
51560,18,38
51561,18,38
51562,18,38
51563,18,36
51564,18,36
51565,18,37
51566,18,36
51567,18,36
51568,18,36
51569,18,38
51570,18,37
51571,18,35
51572,18,37
51573,18,36
51574,18,39
51575,18,40
51576,18,34
51577,18,36
51578,18,36
51579,18,36
51580,18,36
51581,18,34
51582,18,36
51583,18,37
51584,18,37
51585,18,37
51586,18,38
51587,18,37
51588,18,35
51589,18,36
51590,18,34
51591,18,38
51592,18,37
51593,18,35
51594,18,37
51595,18,36
51596,18,37
51597,18,37
51598,18,36
51599,18,35
51600,18,34
51601,18,37
51602,18,37
51603,18,35
51604,18,37
51605,18,36
51606,18,37
51607,18,37
51608,18,37
51609,18,37
51610,18,37
51611,18,38
51612,18,36
51613,18,36
51614,18,36
51615,18,39
51616,18,37
51617,18,37
51618,18,37
51619,18,38
51620,18,39
51621,18,35
51622,19,35
51623,18,36
51624,18,38
51625,18,36
51626,18,37
51627,18,35
51628,18,38
51629,18,36
51630,18,37
51631,18,38
51632,18,35
51633,18,37
51634,18,36
51635,18,38
51636,18,36
51637,18,37
51638,18,37
51639,18,36
51640,18,35
51641,18,37
51642,18,36
51643,18,38
51644,18,39
51645,18,36
51646,18,38
51647,18,37
51648,18,35
51649,18,36
51650,18,36
51651,18,36
51652,18,35
51653,18,36
51654,18,35
51655,18,35
51656,18,37
51657,18,38
51658,18,36
51659,18,36
51660,18,37
51661,18,36
51662,18,36
51663,18,37
51664,18,38
51665,18,36
51666,18,38
51667,18,35
51668,18,37
51669,18,37
51670,18,36
51671,18,37
51672,19,38
51673,18,37
51674,18,35
51675,18,37
51676,18,35
51677,18,36
51678,18,35
51679,18,35
51680,18,36
51681,18,36
51682,18,35
51683,18,37
51684,18,35
51685,18,37
51686,18,39
51687,18,36
51688,18,34
51689,18,37
51690,18,35
51691,18,36
51692,18,34
51693,18,36
51694,18,37
51695,18,36
51696,18,37
51697,18,37
51698,18,38
51699,18,37
51700,18,38
51701,18,37
51702,18,35
51703,18,35
51704,18,36
51705,18,37
51706,18,39
51707,18,38
51708,18,36
51709,18,37
51710,18,37
51711,18,36
51712,18,38
51713,18,34
51714,18,38
51715,18,35
51716,18,35
51717,18,36
51718,18,35
51719,18,37
51720,19,38
51721,18,38
51722,18,35
51723,18,38
51724,18,36
51725,18,37
51726,18,36
51727,18,38
51728,18,36
51729,18,36
51730,18,37
51731,18,36
51732,18,38
51733,18,37
51734,18,37
51735,18,37
51736,18,36
51737,18,36
51738,18,36
51739,18,36
51740,18,36
51741,18,36
51742,18,37
51743,18,39
51744,18,39
51745,18,37
51746,18,38
51747,18,39
51748,18,36
51749,18,32
51750,18,36
51751,18,39
51752,18,38
51753,18,38
51754,18,37
51755,18,38
51756,18,37
51757,18,37
51758,18,34
51759,18,36
51760,18,36
51761,18,37
51762,18,36
51763,18,39
51764,18,36
51765,18,37
51766,18,38
51767,18,38
51768,18,39
51769,18,36
51770,18,36
51771,18,39
51772,18,36
51773,18,35
51774,18,36
51775,18,37
51776,18,37
51777,18,37
51778,18,36
51779,18,36
51780,18,39
51781,18,36
51782,18,35
51783,18,36
51784,18,37
51785,18,37
51786,18,35
51787,18,37
51788,18,36
51789,18,35
51790,18,36
51791,18,34
51792,18,37
51793,18,36
51794,18,37
51795,18,36
51796,18,37
51797,18,36
51798,18,37
51799,18,36
51800,18,36
51801,18,37
51802,18,36
51803,18,36
51804,18,36
51805,18,35
51806,18,36
51807,18,37
51808,18,36
51809,18,39
51810,18,38
51811,18,39
51812,18,36
51813,18,37
51814,18,38
51815,18,38
51816,18,37
51817,18,37
51818,18,38
51819,18,38
51820,18,38
51821,18,37
51822,18,39
51823,18,36
51824,18,35
51825,18,40
51826,18,36
51827,18,37
51828,18,39
51829,18,38
51830,18,39
51831,18,36
51832,18,39
51833,18,36
51834,18,38
51835,18,37
51836,18,37
51837,18,38
51838,18,39
51839,18,38
51840,18,36
51841,18,35
51842,18,37
51843,18,36
51844,18,37
51845,18,39
51846,18,36
51847,18,37
51848,18,38
51849,18,36
51850,19,35
51851,18,39
51852,18,38
51853,18,37
51854,18,36
51855,18,35
51856,18,35
51857,18,38
51858,18,36
51859,18,36
51860,18,36
51861,18,36
51862,19,35
51863,18,40
51864,18,37
51865,18,35
51866,18,36
51867,18,36
51868,18,38
51869,19,38
51870,18,36
51871,18,38
51872,19,36
51873,18,36
51874,18,37
51875,18,38
51876,19,37
51877,18,39
51878,18,38
51879,18,37
51880,18,37
51881,18,37
51882,18,38
51883,18,38
51884,18,37
51885,18,37
51886,18,37
51887,18,36
51888,18,38
51889,18,35
51890,18,35
51891,18,36
51892,18,37
51893,18,37
51894,19,37
51895,18,35
51896,18,40
51897,18,36
51898,18,37
51899,18,36
51900,18,35
51901,18,36
51902,18,38
51903,18,38
51904,18,37
51905,18,37
51906,18,37
51907,18,38
51908,19,38
51909,18,35
51910,18,37
51911,18,35
51912,18,35
51913,18,35
51914,18,37
51915,18,37
51916,18,36
51917,18,35
51918,18,36
51919,18,36
51920,18,37
51921,18,36
51922,18,34
51923,18,37
51924,18,38
51925,18,35
51926,18,37
51927,18,36
51928,18,38
51929,18,36
51930,18,36
51931,18,37
51932,18,36
51933,18,37
51934,18,39
51935,18,37
51936,18,37
51937,18,35
51938,18,36
51939,18,36
51940,18,36
51941,18,38
51942,18,36
51943,18,38
51944,18,36
51945,18,37
51946,18,38
51947,18,38
51948,18,36
51949,18,35
51950,18,38
51951,19,36
51952,18,38
51953,18,35
51954,18,37
51955,18,36
51956,18,37
51957,18,38
51958,18,37
51959,19,36
51960,18,38
51961,18,37
51962,18,35
51963,18,36
51964,18,37
51965,18,35
51966,18,38
51967,18,39
51968,18,36
51969,18,37
51970,18,38
51971,18,38
51972,18,36
51973,18,36
51974,19,35
51975,18,39
51976,18,36
51977,18,36
51978,18,37
51979,18,36
51980,18,35
51981,18,35
51982,18,36
51983,18,37
51984,18,36
51985,18,37
51986,18,37
51987,18,39
51988,18,37
51989,18,35
51990,18,39
51991,18,36
51992,18,35
51993,18,37
51994,18,39
51995,18,38
51996,18,37
51997,18,34
51998,18,36
51999,18,36
52000,18,38
52001,18,36
52002,18,35
52003,18,37
52004,18,37
52005,18,36
52006,18,36
52007,18,36
52008,18,35
52009,18,37
52010,18,37
52011,18,37
52012,18,38
52013,18,37
52014,18,35
52015,18,37
52016,18,37
52017,18,37
52018,18,38
52019,18,35
52020,18,37
52021,18,35
52022,18,34
52023,18,37
52024,18,36
52025,18,34
52026,18,38
52027,18,35
52028,18,35
52029,18,36
52030,18,38
52031,18,38
52032,18,38
52033,18,38
52034,19,36
52035,18,37
52036,18,38
52037,18,38
52038,18,38
52039,18,37
52040,18,36
52041,18,36
52042,18,35
52043,18,36
52044,18,34
52045,18,36
52046,18,35
52047,18,34
52048,18,38
52049,18,35
52050,18,38
52051,18,38
52052,18,37
52053,18,36
52054,18,35
52055,18,36
52056,18,37
52057,18,36
52058,18,36
52059,18,35
52060,18,35
52061,18,35
52062,18,37
52063,18,38
52064,18,35
52065,18,35
52066,18,38
52067,18,39
52068,18,38
52069,18,36
52070,18,35
52071,18,35
52072,18,34
52073,18,38
52074,18,38
52075,18,37
52076,18,35
52077,18,36
52078,18,37
52079,18,37
52080,18,38
52081,18,36
52082,18,35
52083,18,35
52084,18,36
52085,18,37
52086,18,36
52087,18,39
52088,18,35
52089,18,38
52090,18,38
52091,18,36
52092,18,37
52093,18,37
52094,18,36
52095,18,35
52096,18,39
52097,18,37
52098,18,36
52099,18,34
52100,18,37
52101,18,38
52102,18,37
52103,18,38
52104,18,36
52105,18,37
52106,18,37
52107,18,36
52108,18,39
52109,18,36
52110,18,36
52111,18,37
52112,18,36
52113,18,36
52114,18,37
52115,18,37
52116,18,37
52117,18,38
52118,18,36
52119,18,36
52120,18,36
52121,18,36
52122,18,37
52123,18,36
52124,18,35
52125,18,36
52126,18,38
52127,18,37
52128,18,35
52129,18,36
52130,18,35
52131,18,36
52132,18,39
52133,18,36
52134,18,36
52135,18,38
52136,18,37
52137,18,38
52138,18,37
52139,18,37
52140,18,35
52141,18,37
52142,18,37
52143,18,35
52144,18,37
52145,18,36
52146,18,36
52147,18,35
52148,18,37
52149,18,36
52150,18,39
52151,18,38
52152,18,38
52153,18,35
52154,18,39
52155,18,36
52156,18,38
52157,18,37
52158,18,34
52159,18,36
52160,18,38
52161,18,36
52162,18,36
52163,18,34
52164,18,38
52165,18,36
52166,18,36
52167,18,36
52168,18,37
52169,18,36
52170,18,36
52171,18,37
52172,18,37
52173,18,36
52174,19,36
52175,18,38
52176,18,35
52177,18,38
52178,18,38
52179,18,37
52180,18,36
52181,18,35
52182,18,36
52183,18,37
52184,18,36
52185,18,38
52186,18,39
52187,18,37
52188,18,37
52189,18,35
52190,18,36
52191,18,37
52192,18,37
52193,18,36
52194,18,36
52195,18,36
52196,18,36
52197,18,35
52198,18,37
52199,18,35
52200,18,35
52201,18,36
52202,18,36
52203,18,37
52204,18,39
52205,18,36
52206,18,36
52207,18,38
52208,18,36
52209,18,34
52210,18,40
52211,18,39
52212,18,39
52213,18,37
52214,18,37
52215,18,39
52216,19,36
52217,18,37
52218,18,37
52219,18,38
52220,18,36
52221,18,37
52222,18,39
52223,18,36
52224,18,37
52225,18,37
52226,18,34
52227,18,37
52228,18,37
52229,18,36
52230,18,36
52231,18,38
52232,18,37
52233,18,40
52234,18,35
52235,18,35
52236,18,38
52237,18,37
52238,18,39
52239,18,38
52240,18,39
52241,18,37
52242,18,35
52243,18,36
52244,18,38
52245,18,37
52246,18,37
52247,18,36
52248,18,39
52249,18,38
52250,18,35
52251,18,38
52252,18,38
52253,18,35
52254,18,37
52255,18,36
52256,18,37
52257,18,38
52258,18,36
52259,18,39
52260,18,36
52261,18,38
52262,18,36
52263,18,37
52264,18,37
52265,18,36
52266,18,35
52267,18,37
52268,18,38
52269,18,36
52270,18,37
52271,18,38
52272,18,38
52273,18,36
52274,18,38
52275,18,35
52276,18,36
52277,18,35
52278,18,37
52279,18,38
52280,18,38
52281,18,39
52282,18,35
52283,18,37
52284,18,35
52285,18,36
52286,18,38
52287,19,36
52288,18,36
52289,18,37
52290,18,37
52291,18,36
52292,18,38
52293,18,37
52294,18,35
52295,18,37
52296,18,35
52297,18,36
52298,19,35
52299,18,35
52300,18,36
52301,18,35
52302,18,37
52303,18,37
52304,18,34
52305,18,38
52306,18,37
52307,18,34
52308,18,39
52309,18,35
52310,18,36
52311,18,37
52312,18,37
52313,18,37
52314,18,38
52315,18,36
52316,18,39
52317,18,36
52318,18,39
52319,18,36
52320,18,39
52321,18,40
52322,18,35
52323,18,37
52324,18,35
52325,18,36
52326,18,35
52327,18,35
52328,18,37
52329,18,35
52330,18,35
52331,18,36
52332,18,36
52333,18,35
52334,18,35
52335,18,36
52336,18,37
52337,18,36
52338,18,34
52339,18,38
52340,18,36
52341,19,39
52342,18,37
52343,18,37
52344,18,35
52345,18,37
52346,18,37
52347,18,37
52348,18,36
52349,18,36
52350,18,35
52351,18,38
52352,18,38
52353,18,38
52354,18,36
52355,18,37
52356,18,34
52357,18,37
52358,19,38
52359,18,35
52360,18,36
52361,18,36
52362,18,36
52363,18,37
52364,18,36
52365,18,37
52366,18,37
52367,18,38
52368,18,38
52369,18,37
52370,18,37
52371,18,37
52372,18,36
52373,18,36
52374,18,38
52375,18,40
52376,18,37
52377,18,36
52378,18,36
52379,18,36
52380,18,36
52381,18,35
52382,18,37
52383,18,34
52384,18,36
52385,18,38
52386,18,38
52387,18,36
52388,18,36
52389,19,37
52390,18,38
52391,18,38
52392,18,37
52393,18,35
52394,18,39
52395,18,37
52396,18,36
52397,18,36
52398,18,36
52399,18,37
52400,18,36
52401,18,36
52402,18,36
52403,18,35
52404,18,37
52405,18,37
52406,18,38
52407,18,35
52408,18,37
52409,18,35
52410,18,37
52411,18,39
52412,18,35
52413,18,37
52414,18,34
52415,18,37
52416,18,35
52417,18,36
52418,18,36
52419,18,35
52420,18,38
52421,18,37
52422,18,38
52423,18,36
52424,18,35
52425,19,39
52426,18,35
52427,18,38
52428,18,37
52429,18,36
52430,18,37
52431,18,37
52432,18,36
52433,18,36
52434,18,38
52435,18,38
52436,18,34
52437,18,37
52438,18,36
52439,18,36
52440,18,36
52441,18,36
52442,18,37
52443,18,36
52444,18,35
52445,18,37
52446,18,37
52447,18,36
52448,18,37
52449,18,38
52450,18,40
52451,18,36
52452,18,38
52453,18,38
52454,18,36
52455,18,35
52456,18,37
52457,18,38
52458,18,35
52459,18,35
52460,18,37
52461,18,36
52462,18,35
52463,18,37
52464,18,34
52465,18,36
52466,18,35
52467,18,38
52468,18,37
52469,18,38
52470,18,37
52471,18,37
52472,18,37
52473,18,37
52474,18,37
52475,18,38
52476,18,35
52477,18,36
52478,18,36
52479,19,37
52480,18,36
52481,18,36
52482,18,37
52483,18,36
52484,18,34
52485,18,39
52486,18,38
52487,18,36
52488,18,37
52489,18,38
52490,18,38
52491,18,35
52492,18,36
52493,18,38
52494,18,35
52495,18,37
52496,18,38
52497,18,37
52498,18,38
52499,18,36
52500,18,34
52501,18,35
52502,18,37
52503,18,36
52504,18,36
52505,18,36
52506,18,37
52507,18,37
52508,19,36
52509,18,36
52510,19,38
52511,18,35
52512,18,37
52513,18,35
52514,18,38
52515,18,35
52516,18,35
52517,18,34
52518,18,37
52519,18,35
52520,18,38
52521,18,37
52522,18,39
52523,18,36
52524,18,37
52525,18,35
52526,18,36
52527,18,37
52528,18,35
52529,18,37
52530,18,36
52531,18,35
52532,18,37
52533,18,36
52534,18,37
52535,18,35
52536,18,36
52537,18,37
52538,18,35
52539,18,37
52540,18,36
52541,18,39
52542,18,36
52543,18,36
52544,18,37
52545,18,37
52546,18,37
52547,18,36
52548,18,37
52549,18,37
52550,18,36
52551,18,38
52552,18,38
52553,18,37
52554,18,36
52555,18,38
52556,18,39
52557,18,38
52558,18,38
52559,18,36
52560,18,37
52561,18,37
52562,18,37
52563,18,37
52564,18,38
52565,18,36
52566,18,36
52567,18,38
52568,19,35
52569,18,39
52570,18,36
52571,18,38
52572,18,35
52573,18,37
52574,18,37
52575,18,37
52576,18,36
52577,18,38
52578,18,35
52579,18,36
52580,18,39
52581,18,37
52582,18,37
52583,18,36
52584,18,35
52585,18,36
52586,18,38
52587,18,36
52588,18,37
52589,18,38
52590,18,39
52591,18,39
52592,18,37
52593,18,36
52594,18,39
52595,18,37
52596,18,37
52597,18,37
52598,18,37
52599,18,35
52600,18,38
52601,18,39
52602,18,35
52603,18,36
52604,18,37
52605,18,35
52606,18,41
52607,18,38
52608,18,36
52609,18,36
52610,19,37
52611,18,38
52612,19,37
52613,18,36
52614,18,39
52615,18,38
52616,18,37
52617,18,36
52618,18,37
52619,18,38
52620,18,38
52621,18,38
52622,18,36
52623,18,36
52624,18,39
52625,18,36
52626,18,37
52627,18,36
52628,18,40
52629,18,38
52630,18,37
52631,18,38
52632,18,36
52633,18,36
52634,18,35
52635,18,35
52636,18,36
52637,18,37
52638,18,37
52639,18,35
52640,18,37
52641,18,35
52642,18,36
52643,18,35
52644,18,37
52645,18,37
52646,18,36
52647,18,34
52648,18,37
52649,18,36
52650,18,39
52651,18,36
52652,18,37
52653,18,36
52654,18,36
52655,18,35
52656,19,37
52657,18,37
52658,18,37
52659,19,36
52660,18,37
52661,18,37
52662,18,36
52663,18,36
52664,18,35
52665,18,37
52666,18,37
52667,18,39
52668,18,37
52669,18,37
52670,18,35
52671,18,37
52672,18,36
52673,18,38
52674,18,36
52675,18,36
52676,18,39
52677,18,36
52678,18,35
52679,18,36
52680,18,37
52681,18,37
52682,18,37
52683,18,36
52684,18,37
52685,18,37
52686,18,38
52687,18,36
52688,18,39
52689,18,36
52690,18,36
52691,18,37
52692,18,39
52693,18,36
52694,18,37
52695,18,36
52696,18,37
52697,18,36
52698,18,35
52699,18,37
52700,18,35
52701,18,34
52702,18,37
52703,18,34
52704,18,37
52705,18,35
52706,18,36
52707,18,38
52708,18,36
52709,18,36
52710,18,34
52711,18,38
52712,18,37
52713,18,36
52714,18,38
52715,18,36
52716,18,37
52717,18,36
52718,18,37
52719,18,40
52720,18,36
52721,18,36
52722,18,35
52723,18,36
52724,18,35
52725,18,36
52726,18,37
52727,18,36
52728,18,36
52729,18,35
52730,18,35
52731,18,36
52732,18,36
52733,18,35
52734,18,35
52735,18,35
52736,18,38
52737,18,36
52738,18,36
52739,18,35
52740,18,37
52741,18,35
52742,18,37
52743,18,36
52744,18,39
52745,18,35
52746,18,40
52747,18,37
52748,18,36
52749,18,39
52750,18,37
52751,18,36
52752,18,38
52753,18,37
52754,18,36
52755,18,36
52756,18,38
52757,18,35
52758,18,37
52759,18,37
52760,18,36
52761,18,37
52762,18,38
52763,18,38
52764,18,35
52765,18,36
52766,18,34
52767,18,36
52768,18,37
52769,18,35
52770,18,36
52771,18,35
52772,18,36
52773,18,38
52774,18,38
52775,18,37
52776,18,37
52777,18,36
52778,18,36
52779,18,37
52780,18,36
52781,18,36
52782,18,37
52783,18,38
52784,18,36
52785,18,37
52786,18,37
52787,18,36
52788,18,36
52789,18,36
52790,18,38
52791,18,37
52792,18,40
52793,18,37
52794,18,35
52795,18,35
52796,18,38
52797,18,35
52798,18,36
52799,18,37
52800,18,36
52801,18,35
52802,18,36
52803,18,37
52804,19,35
52805,18,37
52806,18,37
52807,18,37
52808,19,36
52809,19,36
52810,18,38
52811,18,41
52812,18,36
52813,18,36
52814,18,37
52815,18,34
52816,18,37
52817,18,39
52818,18,36
52819,18,36
52820,18,37
52821,18,36
52822,18,34
52823,18,38
52824,18,35
52825,18,37
52826,18,36
52827,18,36
52828,18,36
52829,18,38
52830,18,38
52831,18,37
52832,18,37
52833,18,35
52834,18,37
52835,18,36
52836,18,38
52837,18,37
52838,18,38
52839,18,36
52840,18,35
52841,18,36
52842,18,36
52843,18,37
52844,18,37
52845,18,36
52846,18,35
52847,18,37
52848,18,36
52849,18,37
52850,18,36
52851,18,36
52852,18,37
52853,18,35
52854,18,36
52855,18,35
52856,18,36
52857,18,38
52858,18,36
52859,18,38
52860,18,37
52861,18,38
52862,18,38
52863,18,37
52864,19,38
52865,18,38
52866,18,36
52867,18,38
52868,18,36
52869,18,37
52870,18,36
52871,18,41
52872,18,35
52873,18,37
52874,18,38
52875,18,36
52876,18,35
52877,18,37
52878,18,36
52879,18,36
52880,18,37
52881,18,37
52882,18,34
52883,18,37
52884,18,37
52885,18,37
52886,18,35
52887,18,38
52888,18,37
52889,18,36
52890,18,38
52891,18,35
52892,18,35
52893,18,36
52894,18,38
52895,18,37
52896,18,35
52897,18,37
52898,18,36
52899,18,36
52900,18,36
52901,18,39
52902,19,39
52903,18,36
52904,18,37
52905,18,37
52906,18,36
52907,18,36
52908,18,36
52909,18,35
52910,18,36
52911,18,36
52912,18,36
52913,18,36
52914,18,37
52915,18,36
52916,18,37
52917,18,38
52918,18,36
52919,18,36
52920,18,36
52921,18,38
52922,19,37
52923,18,36
52924,18,37
52925,18,39
52926,18,38
52927,18,36
52928,18,36
52929,18,35
52930,18,36
52931,18,37
52932,18,35
52933,18,36
52934,18,37
52935,18,36
52936,18,38
52937,18,35
52938,18,37
52939,18,37
52940,19,37
52941,18,39
52942,18,37
52943,18,37
52944,18,38
52945,18,37
52946,18,39
52947,18,36
52948,18,35
52949,18,36
52950,18,36
52951,18,39
52952,18,35
52953,18,35
52954,18,37
52955,19,35
52956,18,35
52957,18,37
52958,18,35
52959,18,35
52960,18,37
52961,18,34
52962,18,34
52963,18,36
52964,18,37
52965,18,38
52966,18,35
52967,18,38
52968,18,37
52969,18,38
52970,18,39
52971,18,37
52972,18,38
52973,18,38
52974,18,36
52975,18,37
52976,19,37
52977,18,34
52978,19,35
52979,18,38
52980,18,36
52981,18,36
52982,18,37
52983,18,36
52984,18,37
52985,18,36
52986,18,36
52987,19,37
52988,18,36
52989,18,43
52990,19,35
52991,18,36
52992,18,36
52993,18,37
52994,18,38
52995,18,36
52996,18,37
52997,18,37
52998,18,36
52999,18,35
53000,18,37
53001,18,39
53002,18,39
53003,18,36
53004,18,38
53005,18,37
53006,18,36
53007,18,36
53008,18,37
53009,18,35
53010,18,37
53011,18,36
53012,18,37
53013,18,34
53014,18,37
53015,18,36
53016,18,37
53017,18,35
53018,18,37
53019,18,39
53020,18,36
53021,18,35
53022,18,37
53023,18,37
53024,18,37
53025,19,38
53026,18,37
53027,18,35
53028,18,37
53029,18,37
53030,18,37
53031,19,37
53032,18,38
53033,18,39
53034,18,36
53035,18,37
53036,18,37
53037,18,36
53038,18,36
53039,18,36
53040,18,37
53041,18,39
53042,18,38
53043,18,37
53044,18,34
53045,18,37
53046,18,38
53047,18,37
53048,18,36
53049,18,36
53050,18,37
53051,18,36
53052,18,35
53053,18,37
53054,18,37
53055,18,37
53056,18,36
53057,18,37
53058,18,35
53059,18,36
53060,18,35
53061,18,39
53062,18,37
53063,18,36
53064,18,34
53065,19,37
53066,18,36
53067,18,37
53068,18,38
53069,18,36
53070,18,37
53071,19,37
53072,18,38
53073,18,38
53074,18,36
53075,18,37
53076,18,35
53077,18,39
53078,18,36
53079,18,36
53080,18,37
53081,18,38
53082,18,36
53083,18,38
53084,18,39
53085,18,36
53086,18,35
53087,18,38
53088,18,36
53089,18,39
53090,18,37
53091,19,38
53092,18,35
53093,18,37
53094,18,38
53095,18,37
53096,18,38
53097,18,41
53098,18,40
53099,19,36
53100,19,36
53101,18,35
53102,18,35
53103,18,38
53104,18,38
53105,18,36
53106,18,38
53107,18,35
53108,19,37
53109,18,40
53110,18,35
53111,18,37
53112,18,39
53113,18,39
53114,18,35
53115,18,36
53116,18,39
53117,18,37
53118,18,36
53119,18,36
53120,18,34
53121,18,36
53122,18,36
53123,18,35
53124,18,35
53125,19,39
53126,18,37
53127,18,36
53128,18,37
53129,18,38
53130,18,36
53131,18,37
53132,18,36
53133,18,36
53134,18,37
53135,18,36
53136,18,36
53137,18,37
53138,18,34
53139,18,37
53140,18,38
53141,18,37
53142,18,36
53143,18,36
53144,18,36
53145,18,35
53146,18,38
53147,18,38
53148,18,40
53149,18,40
53150,18,38
53151,18,38
53152,18,35
53153,18,36
53154,18,37
53155,18,37
53156,18,37
53157,18,37
53158,18,37
53159,18,39
53160,18,37
53161,18,39
53162,18,35
53163,18,36
53164,18,38
53165,18,36
53166,18,37
53167,18,36
53168,19,35
53169,18,36
53170,18,39
53171,18,37
53172,18,38
53173,18,37
53174,18,36
53175,18,36
53176,18,35
53177,18,36
53178,18,35
53179,18,38
53180,18,37
53181,18,36
53182,18,36
53183,18,35
53184,18,38
53185,18,36
53186,18,39
53187,18,36
53188,18,36
53189,18,35
53190,18,34
53191,18,36
53192,18,35
53193,18,38
53194,18,36
53195,18,35
53196,18,36
53197,18,35
53198,18,36
53199,18,38
53200,18,37
53201,18,36
53202,18,38
53203,18,38
53204,18,35
53205,18,36
53206,18,36
53207,18,35
53208,18,37
53209,18,36
53210,18,38
53211,18,37
53212,18,36
53213,18,37
53214,18,38
53215,18,36
53216,18,36
53217,18,37
53218,18,39
53219,18,39
53220,18,38
53221,18,37
53222,18,35
53223,18,37
53224,18,37
53225,18,38
53226,18,36
53227,18,37
53228,18,36
53229,18,37
53230,18,36
53231,18,37
53232,18,35
53233,18,38
53234,18,35
53235,18,37
53236,18,37
53237,18,36
53238,18,38
53239,18,37
53240,18,36
53241,18,38
53242,18,35
53243,18,37
53244,18,36
53245,18,37
53246,18,37
53247,18,38
53248,18,40
53249,18,36
53250,18,38
53251,18,35
53252,18,35
53253,18,33
53254,18,37
53255,18,36
53256,18,37
53257,18,37
53258,18,38
53259,18,37
53260,18,39
53261,18,36
53262,18,36
53263,18,35
53264,18,35
53265,18,38
53266,18,38
53267,18,37
53268,18,37
53269,18,35
53270,18,37
53271,18,38
53272,18,35
53273,18,37
53274,18,38
53275,18,37
53276,18,37
53277,18,36
53278,18,37
53279,18,36
53280,18,37
53281,18,37
53282,18,36
53283,18,38
53284,18,36
53285,18,37
53286,18,35
53287,18,35
53288,18,36
53289,18,35
53290,18,37
53291,18,37
53292,18,35
53293,18,38
53294,18,37
53295,18,38
53296,18,35
53297,18,38
53298,18,38
53299,18,35
53300,18,35
53301,19,35
53302,18,41
53303,18,37
53304,18,39
53305,18,36
53306,18,36
53307,18,36
53308,18,35
53309,18,37
53310,18,37
53311,18,36
53312,19,37
53313,18,36
53314,18,37
53315,18,35
53316,18,38
53317,18,37
53318,18,37
53319,18,35
53320,18,36
53321,18,35
53322,18,35
53323,18,36
53324,18,38
53325,18,38
53326,18,37
53327,18,36
53328,18,37
53329,18,36
53330,18,37
53331,18,37
53332,18,37
53333,18,36
53334,18,39
53335,18,36
53336,18,36
53337,18,40
53338,18,36
53339,18,36
53340,18,38
53341,18,37
53342,18,38
53343,18,36
53344,18,38
53345,18,36
53346,18,37
53347,18,36
53348,18,35
53349,18,36
53350,18,37
53351,18,35
53352,18,38
53353,19,39
53354,19,38
53355,18,35
53356,18,38
53357,18,36
53358,18,35
53359,18,36
53360,18,36
53361,18,37
53362,18,37
53363,18,36
53364,18,38
53365,18,37
53366,18,35
53367,18,35
53368,18,37
53369,18,35
53370,18,37
53371,18,36
53372,18,39
53373,18,39
53374,18,36
53375,18,36
53376,18,36
53377,18,36
53378,18,37
53379,18,36
53380,18,35
53381,18,36
53382,18,37
53383,18,36
53384,18,37
53385,18,39
53386,18,37
53387,18,38
53388,18,35
53389,18,37
53390,18,38
53391,18,36
53392,18,35
53393,18,36
53394,18,39
53395,18,35
53396,18,37
53397,19,37
53398,18,36
53399,18,37
53400,18,39
53401,18,37
53402,18,36
53403,18,36
53404,18,37
53405,18,36
53406,18,37
53407,18,36
53408,18,37
53409,18,37
53410,18,38
53411,18,38
53412,18,37
53413,18,36
53414,18,36
53415,18,37
53416,18,38
53417,18,36
53418,18,39
53419,18,36
53420,18,37
53421,19,36
53422,18,37
53423,18,36
53424,18,35
53425,18,38
53426,18,37
53427,18,37
53428,18,37
53429,18,36
53430,18,36
53431,18,37
53432,18,36
53433,18,38
53434,18,37
53435,18,36
53436,18,39
53437,18,38
53438,19,38
53439,18,35
53440,18,37
53441,18,37
53442,18,39
53443,18,37
53444,18,36
53445,18,36
53446,18,35
53447,18,37
53448,18,39
53449,18,36
53450,18,35
53451,18,36
53452,18,35
53453,18,38
53454,18,35
53455,18,36
53456,18,38
53457,18,37
53458,18,38
53459,18,37
53460,18,35
53461,18,33
53462,18,36
53463,18,37
53464,18,39
53465,18,37
53466,18,38
53467,18,36
53468,18,38
53469,18,37
53470,18,39
53471,18,35
53472,18,37
53473,18,37
53474,18,37
53475,18,35
53476,18,37
53477,18,36
53478,18,37
53479,18,35
53480,18,36
53481,18,35
53482,18,37
53483,18,36
53484,18,36
53485,18,37
53486,18,36
53487,18,37
53488,18,36
53489,18,37
53490,18,36
53491,18,37
53492,18,35
53493,18,37
53494,18,37
53495,18,36
53496,18,38
53497,18,38
53498,18,38
53499,18,36
53500,18,34
53501,18,37
53502,18,41
53503,18,39
53504,18,35
53505,18,36
53506,18,36
53507,18,37
53508,18,37
53509,18,37
53510,18,37
53511,18,36
53512,18,37
53513,18,36
53514,18,38
53515,18,37
53516,18,38
53517,18,38
53518,18,38
53519,18,40
53520,18,37
53521,18,40
53522,18,36
53523,18,37
53524,18,38
53525,18,35
53526,18,36
53527,19,37
53528,18,37
53529,18,34
53530,18,39
53531,18,36
53532,18,37
53533,18,36
53534,19,37
53535,18,37
53536,18,36
53537,18,38
53538,18,37
53539,18,37
53540,18,37
53541,18,37
53542,18,39
53543,18,36
53544,18,37
53545,18,36
53546,18,38
53547,18,37
53548,18,37
53549,18,36
53550,18,35
53551,18,38
53552,18,37
53553,18,37
53554,18,37
53555,18,36
53556,18,36
53557,18,39
53558,19,36
53559,18,37
53560,18,37
53561,18,40
53562,18,36
53563,18,36
53564,18,37
53565,18,39
53566,18,37
53567,18,36
53568,18,38
53569,18,37
53570,18,35
53571,18,37
53572,18,36
53573,18,37
53574,18,38
53575,18,36
53576,18,35
53577,18,36
53578,18,37
53579,18,39
53580,18,37
53581,18,37
53582,19,38
53583,19,37
53584,18,38
53585,18,37
53586,18,36
53587,18,37
53588,18,38
53589,18,35
53590,18,35
53591,18,37
53592,18,37
53593,18,35
53594,18,37
53595,18,34
53596,18,36
53597,18,38
53598,18,36
53599,18,37
53600,18,34
53601,19,37
53602,18,38
53603,18,36
53604,18,39
53605,18,36
53606,18,37
53607,18,38
53608,18,38
53609,18,36
53610,18,37
53611,18,37
53612,18,39
53613,19,38
53614,18,38
53615,18,35
53616,18,38
53617,18,35
53618,18,35
53619,18,36
53620,18,36
53621,19,37
53622,18,37
53623,18,36
53624,18,37
53625,18,37
53626,18,36
53627,18,37
53628,18,37
53629,18,37
53630,19,38
53631,19,37
53632,19,36
53633,18,37
53634,19,37
53635,18,34
53636,18,37
53637,18,36
53638,18,36
53639,18,37
53640,18,36
53641,18,38
53642,18,36
53643,18,37
53644,18,37
53645,18,36
53646,18,38
53647,18,41
53648,18,35
53649,18,37
53650,18,38
53651,18,38
53652,18,36
53653,18,36
53654,18,36
53655,18,37
53656,18,37
53657,18,37
53658,18,38
53659,18,36
53660,18,39
53661,18,35
53662,18,37
53663,18,35
53664,18,36
53665,18,38
53666,18,38
53667,18,39
53668,18,35
53669,18,36
53670,18,38
53671,18,34
53672,18,37
53673,18,37
53674,18,38
53675,18,36
53676,18,36
53677,18,37
53678,18,35
53679,18,36
53680,18,35
53681,18,36
53682,18,36
53683,18,36
53684,18,39
53685,18,38
53686,18,37
53687,18,36
53688,18,39
53689,18,37
53690,18,37
53691,18,38
53692,19,39
53693,18,38
53694,18,38
53695,18,40
53696,18,38
53697,18,36
53698,19,39
53699,19,37
53700,18,36
53701,18,35
53702,18,37
53703,18,36
53704,18,36
53705,19,38
53706,18,38
53707,18,36
53708,18,36
53709,18,37
53710,18,35
53711,18,35
53712,18,38
53713,18,35
53714,18,36
53715,18,38
53716,18,37
53717,18,37
53718,18,38
53719,18,37
53720,18,36
53721,18,34
53722,18,38
53723,18,38
53724,18,35
53725,18,36
53726,18,38
53727,18,36
53728,18,36
53729,18,37
53730,18,35
53731,18,37
53732,18,36
53733,18,36
53734,18,36
53735,18,35
53736,18,36
53737,19,35
53738,18,37
53739,18,38
53740,18,37
53741,18,35
53742,18,36
53743,18,41
53744,18,39
53745,18,36
53746,18,37
53747,18,38
53748,18,35
53749,18,36
53750,18,36
53751,18,35
53752,18,36
53753,18,37
53754,18,36
53755,18,36
53756,18,37
53757,18,36
53758,18,38
53759,18,38
53760,18,36
53761,18,36
53762,18,35
53763,18,38
53764,18,37
53765,18,40
53766,18,38
53767,18,36
53768,18,35
53769,18,37
53770,18,35
53771,18,37
53772,18,36
53773,18,37
53774,18,37
53775,18,38
53776,18,36
53777,18,36
53778,18,39
53779,18,37
53780,18,36
53781,18,38
53782,18,38
53783,18,36
53784,18,38
53785,18,36
53786,18,35
53787,18,38
53788,18,38
53789,18,36
53790,18,39
53791,18,35
53792,18,37
53793,18,37
53794,18,37
53795,18,37
53796,18,37
53797,18,35
53798,18,35
53799,18,37
53800,18,35
53801,18,38
53802,18,37
53803,18,35
53804,18,36
53805,18,37
53806,18,38
53807,18,35
53808,18,39
53809,18,37
53810,18,35
53811,18,37
53812,18,36
53813,18,36
53814,18,37
53815,18,39
53816,18,38
53817,18,37
53818,18,36
53819,19,37
53820,18,38
53821,18,37
53822,18,36
53823,18,37
53824,18,36
53825,18,39
53826,18,36
53827,18,35
53828,18,38
53829,18,36
53830,18,34
53831,18,35
53832,18,39
53833,18,37
53834,18,37
53835,19,34
53836,18,36
53837,18,37
53838,18,38
53839,18,37
53840,18,36
53841,18,36
53842,18,36
53843,18,36
53844,18,37
53845,18,34
53846,18,36
53847,18,34
53848,18,36
53849,18,36
53850,18,36
53851,18,37
53852,18,35
53853,18,37
53854,18,36
53855,18,36
53856,18,35
53857,18,39
53858,18,37
53859,18,36
53860,18,39
53861,18,34
53862,18,36
53863,18,37
53864,18,39
53865,18,34
53866,18,39
53867,18,35
53868,18,38
53869,18,35
53870,18,37
53871,18,34
53872,18,36
53873,18,34
53874,18,37
53875,18,37
53876,18,36
53877,18,36
53878,18,38
53879,18,37
53880,18,36
53881,18,35
53882,18,39
53883,18,37
53884,18,35
53885,18,38
53886,18,37
53887,18,36
53888,18,34
53889,18,35
53890,18,38
53891,18,36
53892,18,35
53893,18,36
53894,18,38
53895,18,34
53896,18,35
53897,18,40
53898,18,35
53899,19,38
53900,18,37
53901,18,36
53902,18,36
53903,18,35
53904,18,39
53905,18,35
53906,18,36
53907,18,36
53908,18,39
53909,18,39
53910,18,38
53911,19,37
53912,18,38
53913,18,38
53914,18,38
53915,18,37
53916,18,36
53917,18,38
53918,18,37
53919,18,40
53920,18,35
53921,18,38
53922,18,36
53923,18,34
53924,18,37
53925,18,38
53926,18,38
53927,18,36
53928,18,35
53929,18,38
53930,18,37
53931,18,36
53932,18,36
53933,18,37
53934,18,36
53935,18,37
53936,18,39
53937,18,39
53938,18,36
53939,18,37
53940,18,35
53941,18,37
53942,18,38
53943,18,37
53944,19,37
53945,18,37
53946,19,36
53947,18,37
53948,18,37
53949,18,37
53950,18,35
53951,18,37
53952,18,36
53953,18,34
53954,18,39
53955,18,37
53956,18,36
53957,18,36
53958,18,37
53959,19,36
53960,18,40
53961,18,35
53962,18,37
53963,18,38
53964,18,38
53965,18,36
53966,18,37
53967,18,38
53968,18,36
53969,18,35
53970,18,37
53971,18,35
53972,18,36
53973,18,38
53974,18,38
53975,18,36
53976,18,36
53977,18,36
53978,18,37
53979,18,36
53980,18,37
53981,18,36
53982,18,37
53983,19,38
53984,18,36
53985,18,35
53986,18,37
53987,18,36
53988,18,36
53989,18,36
53990,18,36
53991,18,38
53992,18,35
53993,18,38
53994,18,38
53995,18,38
53996,19,37
53997,18,36
53998,18,39
53999,18,36
54000,18,35
54001,18,35
54002,18,40
54003,18,37
54004,18,36
54005,18,38
54006,18,36
54007,18,36
54008,19,36
54009,18,38
54010,19,37
54011,18,37
54012,18,37
54013,18,37
54014,18,37
54015,18,37
54016,18,37
54017,18,38
54018,18,34
54019,18,38
54020,19,37
54021,18,36
54022,18,40
54023,18,37
54024,18,37
54025,18,35
54026,18,36
54027,18,36
54028,18,35
54029,18,35
54030,18,37
54031,18,39
54032,18,35
54033,18,38
54034,18,37
54035,18,35
54036,18,37
54037,19,35
54038,19,37
54039,18,37
54040,18,36
54041,18,36
54042,18,37
54043,18,40
54044,18,37
54045,18,38
54046,18,41
54047,18,35
54048,18,36
54049,18,36
54050,18,36
54051,18,36
54052,18,38
54053,18,38
54054,19,36
54055,18,36
54056,18,35
54057,18,38
54058,18,35
54059,18,39
54060,18,37
54061,18,35
54062,18,36
54063,18,36
54064,18,37
54065,18,37
54066,18,36
54067,18,38
54068,18,38
54069,18,34
54070,18,39
54071,18,38
54072,18,40
54073,18,37
54074,19,36
54075,18,37
54076,18,36
54077,18,35
54078,18,36
54079,18,37
54080,18,36
54081,18,37
54082,18,36
54083,18,37
54084,18,37
54085,18,36
54086,18,38
54087,18,37
54088,18,38
54089,18,37
54090,18,35
54091,18,36
54092,18,37
54093,18,38
54094,18,38
54095,18,36
54096,18,36
54097,18,38
54098,18,37
54099,18,36
54100,18,38
54101,18,37
54102,18,37
54103,18,35
54104,18,38
54105,18,35
54106,18,37
54107,18,36
54108,18,35
54109,18,36
54110,18,36
54111,18,36
54112,18,36
54113,18,38
54114,18,35
54115,18,36
54116,18,37
54117,18,35
54118,18,35
54119,18,36
54120,18,36
54121,19,37
54122,18,37
54123,18,35
54124,19,35
54125,18,36
54126,18,38
54127,18,37
54128,18,38
54129,18,37
54130,18,35
54131,18,35
54132,18,36
54133,18,35
54134,18,36
54135,18,38
54136,18,38
54137,18,36
54138,18,38
54139,18,36
54140,18,39
54141,18,37
54142,18,36
54143,18,39
54144,18,38
54145,18,35
54146,18,34
54147,18,36
54148,18,40
54149,18,36
54150,18,36
54151,18,36
54152,18,36
54153,18,37
54154,18,36
54155,18,36
54156,18,34
54157,18,38
54158,18,36
54159,18,34
54160,18,37
54161,18,35
54162,18,36
54163,18,37
54164,19,35
54165,18,36
54166,18,37
54167,18,37
54168,18,38
54169,18,38
54170,18,39
54171,18,36
54172,19,38
54173,18,36
54174,18,36
54175,18,36
54176,19,37
54177,18,37
54178,18,37
54179,18,38
54180,18,37
54181,18,36
54182,18,38
54183,18,37
54184,18,37
54185,18,40
54186,18,37
54187,18,35
54188,18,37
54189,18,37
54190,18,36
54191,18,37
54192,18,38
54193,19,36
54194,18,38
54195,18,37
54196,18,37
54197,18,38
54198,18,38
54199,18,37
54200,18,36
54201,18,39
54202,18,35
54203,19,38
54204,18,37
54205,18,38
54206,18,36
54207,18,36
54208,18,36
54209,18,35
54210,18,35
54211,18,38
54212,18,37
54213,18,38
54214,18,35
54215,18,35
54216,18,39
54217,18,35
54218,18,37
54219,18,37
54220,18,36
54221,18,37
54222,18,35
54223,18,35
54224,18,38
54225,18,38
54226,18,39
54227,18,37
54228,18,37
54229,18,35
54230,18,37
54231,18,36
54232,18,37
54233,18,36
54234,18,38
54235,18,37
54236,18,38
54237,19,38
54238,18,37
54239,18,39
54240,18,37
54241,18,37
54242,18,37
54243,18,38
54244,18,37
54245,18,35
54246,18,38
54247,18,36
54248,18,38
54249,18,37
54250,18,38
54251,18,39
54252,18,36
54253,18,36
54254,19,38
54255,18,36
54256,18,38
54257,18,35
54258,18,35
54259,18,35
54260,18,36
54261,18,37
54262,18,38
54263,18,37
54264,18,36
54265,18,36
54266,18,39
54267,18,36
54268,18,39
54269,18,39
54270,18,38
54271,18,39
54272,19,36
54273,18,36
54274,18,39
54275,18,37
54276,19,36
54277,18,35
54278,18,37
54279,18,35
54280,18,37
54281,18,36
54282,18,37
54283,18,36
54284,18,37
54285,18,37
54286,18,37
54287,18,38
54288,19,36
54289,18,38
54290,18,37
54291,19,37
54292,18,37
54293,18,36
54294,18,37
54295,19,36
54296,18,38
54297,18,38
54298,18,35
54299,18,36
54300,18,36
54301,18,38
54302,18,36
54303,18,38
54304,18,37
54305,18,38
54306,18,40
54307,18,36
54308,18,35
54309,18,37
54310,18,39
54311,18,37
54312,18,39
54313,18,35
54314,19,37
54315,18,38
54316,18,35
54317,18,37
54318,18,36
54319,18,36
54320,18,37
54321,18,38
54322,18,37
54323,18,37
54324,18,39
54325,18,37
54326,18,37
54327,18,37
54328,18,38
54329,18,37
54330,18,36
54331,18,36
54332,18,40
54333,18,37
54334,18,40
54335,18,37
54336,18,36
54337,19,37
54338,19,38
54339,18,37
54340,18,37
54341,18,38
54342,19,36
54343,18,39
54344,18,37
54345,18,40
54346,18,36
54347,18,37
54348,18,38
54349,18,36
54350,18,38
54351,18,36
54352,18,36
54353,18,40
54354,18,36
54355,19,37
54356,18,37
54357,18,37
54358,18,36
54359,19,38
54360,18,37
54361,18,39
54362,18,35
54363,18,38
54364,18,37
54365,18,34
54366,18,36
54367,18,36
54368,18,38
54369,18,37
54370,18,36
54371,18,36
54372,18,36
54373,19,37
54374,18,39
54375,19,36
54376,18,36
54377,18,36
54378,18,36
54379,18,36
54380,18,36
54381,18,36
54382,18,35
54383,18,38
54384,18,38
54385,18,36
54386,18,36
54387,19,37
54388,18,38
54389,18,38
54390,18,35
54391,18,37
54392,18,36
54393,18,37
54394,19,36
54395,18,36
54396,18,36
54397,18,38
54398,18,38
54399,18,35
54400,18,36
54401,18,35
54402,18,36
54403,18,38
54404,18,39
54405,18,36
54406,18,37
54407,18,37
54408,18,37
54409,18,36
54410,18,38
54411,18,37
54412,18,36
54413,18,36
54414,19,36
54415,18,39
54416,18,35
54417,18,37
54418,18,36
54419,18,36
54420,18,37
54421,18,35
54422,18,38
54423,18,37
54424,18,38
54425,19,36
54426,18,37
54427,18,36
54428,18,39
54429,18,36
54430,18,39
54431,18,36
54432,18,38
54433,18,36
54434,18,35
54435,18,35
54436,18,36
54437,18,37
54438,18,36
54439,18,36
54440,18,35
54441,18,36
54442,18,39
54443,18,37
54444,18,37
54445,18,36
54446,18,36
54447,18,35
54448,18,34
54449,18,35
54450,18,37
54451,18,35
54452,18,36
54453,18,37
54454,18,38
54455,18,37
54456,18,36
54457,18,37
54458,18,38
54459,18,36
54460,19,38
54461,19,37
54462,18,36
54463,18,34
54464,18,37
54465,18,35
54466,18,37
54467,18,35
54468,18,36
54469,18,38
54470,18,38
54471,19,37
54472,18,36
54473,18,37
54474,18,39
54475,18,38
54476,18,37
54477,19,36
54478,18,37
54479,18,36
54480,19,35
54481,19,37
54482,18,36
54483,19,37
54484,18,35
54485,18,36
54486,19,37
54487,18,36
54488,18,38
54489,18,36
54490,18,35
54491,18,38
54492,18,38
54493,18,38
54494,18,37
54495,18,37
54496,18,36
54497,18,35
54498,18,38
54499,18,39
54500,18,37
54501,18,35
54502,18,38
54503,18,36
54504,18,36
54505,18,37
54506,18,36
54507,19,37
54508,18,36
54509,18,36
54510,18,37
54511,19,36
54512,18,38
54513,18,37
54514,18,36
54515,18,38
54516,18,36
54517,18,35
54518,18,36
54519,18,34
54520,18,37
54521,18,38
54522,18,38
54523,18,39
54524,18,38
54525,19,39
54526,19,37
54527,18,37
54528,18,35
54529,18,37
54530,18,37
54531,18,36
54532,18,37
54533,18,38
54534,18,38
54535,18,38
54536,18,37
54537,19,39
54538,18,34
54539,18,36
54540,18,36
54541,18,37
54542,18,38
54543,18,35
54544,18,38
54545,19,36
54546,18,37
54547,18,36
54548,18,38
54549,18,38
54550,18,36
54551,18,36
54552,18,35
54553,18,38
54554,18,37
54555,18,37
54556,18,37
54557,18,38
54558,18,35
54559,18,37
54560,18,36
54561,18,36
54562,18,38
54563,18,36
54564,19,37
54565,19,39
54566,18,39
54567,19,38
54568,18,36
54569,18,38
54570,18,37
54571,18,36
54572,18,36
54573,18,37
54574,19,36
54575,18,38
54576,18,38
54577,18,37
54578,18,38
54579,18,38
54580,18,40
54581,19,36
54582,18,37
54583,18,36
54584,19,37
54585,18,37
54586,18,37
54587,18,34
54588,18,37
54589,19,36
54590,18,39
54591,18,36
54592,19,39
54593,18,36
54594,18,37
54595,18,37
54596,18,35
54597,18,37
54598,18,35
54599,18,39
54600,18,38
54601,18,35
54602,18,37
54603,18,36
54604,18,36
54605,18,35
54606,18,38
54607,18,38
54608,18,38
54609,18,36
54610,18,37
54611,18,37
54612,18,38
54613,18,38
54614,18,36
54615,18,36
54616,18,37
54617,18,35
54618,18,36
54619,18,36
54620,18,38
54621,18,40
54622,19,38
54623,18,37
54624,18,37
54625,18,35
54626,18,37
54627,18,37
54628,18,36
54629,18,39
54630,18,37
54631,18,37
54632,18,40
54633,18,39
54634,18,37
54635,19,36
54636,18,36
54637,18,36
54638,18,37
54639,18,37
54640,18,38
54641,18,35
54642,18,38
54643,18,34
54644,18,38
54645,18,39
54646,18,38
54647,18,35
54648,18,37
54649,18,37
54650,18,36
54651,18,38
54652,18,36
54653,18,38
54654,18,38
54655,18,36
54656,18,37
54657,18,39
54658,18,37
54659,18,36
54660,18,37
54661,18,36
54662,18,37
54663,18,37
54664,19,38
54665,18,36
54666,18,37
54667,18,38
54668,18,38
54669,18,37
54670,18,35
54671,18,38
54672,18,39
54673,18,38
54674,18,36
54675,18,35
54676,18,36
54677,18,35
54678,18,36
54679,18,38
54680,18,36
54681,18,35
54682,18,38
54683,18,38
54684,18,35
54685,18,37
54686,18,37
54687,18,37
54688,18,35
54689,18,39
54690,18,39
54691,18,37
54692,18,37
54693,19,36
54694,18,37
54695,18,35
54696,18,37
54697,18,36
54698,18,39
54699,18,38
54700,19,36
54701,18,34
54702,18,36
54703,18,36
54704,18,38
54705,18,35
54706,18,34
54707,19,41
54708,18,39
54709,18,38
54710,19,35
54711,19,38
54712,18,36
54713,18,38
54714,18,39
54715,18,36
54716,18,35
54717,18,36
54718,19,37
54719,18,38
54720,18,36
54721,18,35
54722,18,38
54723,18,36
54724,18,38
54725,18,38
54726,18,37
54727,19,36
54728,18,37
54729,18,35
54730,18,37
54731,18,36
54732,18,38
54733,18,35
54734,18,36
54735,18,36
54736,18,38
54737,18,35
54738,18,38
54739,18,36
54740,18,37
54741,18,38
54742,18,38
54743,18,37
54744,18,35
54745,18,35
54746,18,36
54747,18,38
54748,18,37
54749,18,37
54750,18,36
54751,18,36
54752,18,37
54753,18,36
54754,18,36
54755,18,39
54756,18,34
54757,18,37
54758,18,38
54759,18,37
54760,18,35
54761,18,38
54762,18,38
54763,18,36
54764,18,38
54765,18,39
54766,18,38
54767,19,37
54768,18,37
54769,19,37
54770,18,37
54771,18,36
54772,19,36
54773,18,37
54774,18,36
54775,18,36
54776,19,38
54777,18,39
54778,18,37
54779,18,36
54780,18,36
54781,18,37
54782,18,36
54783,18,36
54784,18,38
54785,18,39
54786,18,36
54787,18,37
54788,18,35
54789,18,38
54790,18,37
54791,18,37
54792,18,36
54793,18,38
54794,18,36
54795,19,35
54796,18,36
54797,18,37
54798,18,37
54799,18,37
54800,19,36
54801,18,38
54802,18,35
54803,19,39
54804,18,37
54805,18,37
54806,18,36
54807,18,37
54808,18,37
54809,18,37
54810,18,35
54811,18,38
54812,18,37
54813,18,36
54814,18,38
54815,18,37
54816,18,35
54817,18,36
54818,18,36
54819,18,37
54820,18,37
54821,18,36
54822,18,37
54823,18,38
54824,18,37
54825,19,36
54826,19,37
54827,18,39
54828,18,35
54829,18,36
54830,18,38
54831,18,36
54832,18,39
54833,18,41
54834,18,38
54835,18,38
54836,18,38
54837,18,35
54838,18,37
54839,18,36
54840,18,36
54841,19,37
54842,18,37
54843,19,36
54844,18,37
54845,18,37
54846,18,37
54847,18,37
54848,18,38
54849,19,41
54850,18,40
54851,18,35
54852,18,38
54853,18,37
54854,18,37
54855,18,38
54856,18,37
54857,18,38
54858,19,38
54859,18,40
54860,18,35
54861,18,35
54862,18,35
54863,18,37
54864,18,36
54865,18,37
54866,19,37
54867,19,39
54868,18,35
54869,18,37
54870,19,38
54871,18,37
54872,18,38
54873,18,38
54874,18,38
54875,18,39
54876,18,37
54877,18,36
54878,18,37
54879,18,37
54880,18,38
54881,18,37
54882,18,38
54883,18,36
54884,18,40
54885,18,38
54886,18,36
54887,18,37
54888,18,36
54889,18,39
54890,18,34
54891,18,36
54892,18,36
54893,19,36
54894,18,36
54895,18,36
54896,18,37
54897,18,37
54898,18,38
54899,18,41
54900,18,37
54901,18,39
54902,18,35
54903,19,37
54904,18,38
54905,18,39
54906,18,36
54907,18,37
54908,18,37
54909,18,36
54910,18,37
54911,18,36
54912,18,36
54913,18,36
54914,19,39
54915,18,37
54916,18,37
54917,18,37
54918,18,37
54919,18,37
54920,18,38
54921,18,37
54922,19,38
54923,18,36
54924,19,35
54925,18,37
54926,18,36
54927,18,38
54928,18,35
54929,18,38
54930,19,38
54931,18,39
54932,18,36
54933,18,39
54934,18,37
54935,18,37
54936,18,38
54937,18,38
54938,18,35
54939,18,37
54940,18,37
54941,18,36
54942,18,36
54943,18,38
54944,18,37
54945,18,35
54946,18,37
54947,18,38
54948,18,36
54949,19,38
54950,18,37
54951,18,36
54952,18,37
54953,18,37
54954,18,40
54955,18,37
54956,18,36
54957,18,35
54958,18,37
54959,18,39
54960,18,37
54961,18,38
54962,19,36
54963,18,37
54964,18,38
54965,18,38
54966,19,36
54967,18,37
54968,18,36
54969,19,37
54970,18,35
54971,18,37
54972,18,35
54973,18,35
54974,18,36
54975,18,36
54976,19,36
54977,18,36
54978,18,36
54979,18,37
54980,18,37
54981,18,35
54982,18,36
54983,18,36
54984,18,39
54985,18,37
54986,18,36
54987,18,38
54988,18,39
54989,18,37
54990,18,36
54991,18,35
54992,18,35
54993,18,36
54994,18,37
54995,19,35
54996,19,37
54997,18,38
54998,18,37
54999,18,37
55000,19,37
55001,18,38
55002,18,38
55003,18,36
55004,18,36
55005,18,37
55006,18,39
55007,18,35
55008,19,35
55009,18,35
55010,18,36
55011,18,36
55012,18,38
55013,19,37
55014,18,38
55015,18,35
55016,18,37
55017,18,37
55018,18,36
55019,18,36
55020,18,35
55021,18,38
55022,18,37
55023,18,37
55024,18,38
55025,18,38
55026,18,37
55027,18,35
55028,18,39
55029,18,38
55030,18,37
55031,18,36
55032,18,37
55033,18,37
55034,18,38
55035,18,37
55036,18,39
55037,18,37
55038,18,39
55039,18,38
55040,18,37
55041,18,37
55042,18,36
55043,19,36
55044,19,37
55045,18,38
55046,18,36
55047,18,38
55048,18,38
55049,18,37
55050,18,37
55051,18,37
55052,18,39
55053,18,39
55054,18,38
55055,18,37
55056,18,35
55057,18,36
55058,18,37
55059,19,36
55060,18,37
55061,18,36
55062,18,36
55063,18,36
55064,18,37
55065,18,37
55066,18,38
55067,18,38
55068,18,37
55069,19,36
55070,18,37
55071,18,36
55072,18,37
55073,19,38
55074,18,36
55075,18,37
55076,18,36
55077,18,38
55078,18,37
55079,18,38
55080,18,36
55081,18,35
55082,18,38
55083,18,37
55084,18,39
55085,18,37
55086,18,39
55087,18,35
55088,18,37
55089,18,38
55090,18,36
55091,18,37
55092,18,35
55093,18,38
55094,18,36
55095,18,37
55096,19,37
55097,18,37
55098,18,36
55099,18,36
55100,18,37
55101,18,38
55102,18,37
55103,19,38
55104,18,36
55105,18,37
55106,18,41
55107,18,37
55108,18,36
55109,18,36
55110,18,37
55111,18,36
55112,19,35
55113,18,36
55114,18,37
55115,18,39
55116,18,37
55117,18,39
55118,18,37
55119,18,37
55120,18,38
55121,18,36
55122,18,37
55123,18,37
55124,18,37
55125,19,37
55126,18,37
55127,18,36
55128,18,38
55129,18,38
55130,18,36
55131,19,35
55132,18,35
55133,19,36
55134,18,38
55135,18,36
55136,18,37
55137,18,37
55138,18,38
55139,18,36
55140,18,38
55141,18,35
55142,19,37
55143,18,36
55144,18,37
55145,18,38
55146,19,37
55147,18,36
55148,18,36
55149,18,37
55150,18,38
55151,18,37
55152,18,40
55153,18,39
55154,18,36
55155,18,36
55156,18,40
55157,18,37
55158,18,36
55159,18,38
55160,18,35
55161,18,38
55162,18,36
55163,18,37
55164,18,37
55165,18,37
55166,18,36
55167,18,39
55168,18,36
55169,18,37
55170,18,37
55171,18,35
55172,18,40
55173,18,40
55174,18,36
55175,18,36
55176,18,37
55177,19,38
55178,19,37
55179,18,37
55180,18,37
55181,18,38
55182,18,36
55183,18,38
55184,18,37
55185,19,38
55186,18,37
55187,18,39
55188,19,37
55189,18,36
55190,18,37
55191,18,36
55192,18,38
55193,19,37
55194,19,36
55195,18,38
55196,18,36
55197,18,36
55198,18,38
55199,18,37
55200,18,38
55201,18,38
55202,18,36
55203,18,36
55204,19,36
55205,18,36
55206,18,38
55207,18,35
55208,18,38
55209,18,37
55210,18,36
55211,18,36
55212,18,37
55213,19,39
55214,18,38
55215,19,35
55216,18,36
55217,18,39
55218,18,36
55219,19,37
55220,19,35
55221,18,37
55222,18,35
55223,18,36
55224,19,37
55225,19,40
55226,18,37
55227,18,37
55228,18,36
55229,19,35
55230,18,38
55231,18,37
55232,18,35
55233,18,38
55234,19,36
55235,18,34
55236,18,38
55237,18,37
55238,18,36
55239,18,38
55240,18,36
55241,18,36
55242,18,38
55243,18,35
55244,18,36
55245,18,35
55246,18,35
55247,18,37
55248,18,39
55249,18,36
55250,18,38
55251,18,36
55252,18,37
55253,18,36
55254,18,35
55255,18,37
55256,18,38
55257,19,39
55258,18,37
55259,18,37
55260,18,38
55261,18,37
55262,18,34
55263,18,36
55264,19,35
55265,18,36
55266,18,39
55267,18,40
55268,18,35
55269,18,36
55270,18,38
55271,18,36
55272,18,37
55273,18,37
55274,18,39
55275,18,35
55276,18,36
55277,18,37
55278,18,36
55279,19,37
55280,18,35
55281,18,36
55282,18,37
55283,18,35
55284,18,36
55285,18,39
55286,18,35
55287,18,39
55288,18,37
55289,18,37
55290,18,39
55291,18,40
55292,18,37
55293,18,36
55294,19,39
55295,19,36
55296,19,36
55297,18,35
55298,18,37
55299,18,36
55300,18,37
55301,18,40
55302,19,37
55303,18,37
55304,18,38
55305,18,36
55306,18,36
55307,18,38
55308,18,36
55309,18,40
55310,18,36
55311,18,37
55312,18,36
55313,18,37
55314,18,36
55315,18,37
55316,18,36
55317,18,37
55318,18,36
55319,18,40
55320,18,38
55321,18,36
55322,18,37
55323,18,37
55324,18,36
55325,18,37
55326,18,39
55327,18,38
55328,18,38
55329,18,38
55330,18,36
55331,18,36
55332,18,38
55333,18,36
55334,18,37
55335,18,36
55336,18,37
55337,18,36
55338,18,38
55339,18,37
55340,18,40
55341,18,36
55342,18,39
55343,18,35
55344,18,38
55345,19,37
55346,18,37
55347,18,37
55348,18,38
55349,18,36
55350,18,37
55351,18,36
55352,18,37
55353,18,37
55354,18,39
55355,19,37
55356,18,36
55357,18,35
55358,18,35
55359,18,35
55360,18,37
55361,18,39
55362,18,36
55363,18,38
55364,18,36
55365,18,38
55366,18,38
55367,18,38
55368,18,36
55369,18,35
55370,18,37
55371,18,38
55372,18,35
55373,19,36
55374,19,38
55375,18,38
55376,18,38
55377,18,36
55378,18,36
55379,18,36
55380,18,36
55381,19,37
55382,18,36
55383,18,37
55384,18,35
55385,18,36
55386,18,38
55387,18,38
55388,18,36
55389,18,36
55390,18,36
55391,18,36
55392,18,36
55393,18,37
55394,18,39
55395,18,37
55396,18,38
55397,18,35
55398,18,36
55399,18,36
55400,19,36
55401,18,36
55402,18,37
55403,18,38
55404,18,37
55405,18,38
55406,18,36
55407,18,38
55408,18,37
55409,18,39
55410,18,38
55411,18,37
55412,18,35
55413,18,36
55414,18,37
55415,18,37
55416,18,36
55417,18,36
55418,18,36
55419,18,37
55420,18,37
55421,18,35
55422,18,39
55423,18,35
55424,18,35
55425,18,39
55426,18,35
55427,18,37
55428,18,37
55429,18,37
55430,18,36
55431,18,34
55432,18,37
55433,18,35
55434,18,36
55435,18,35
55436,18,38
55437,18,36
55438,18,37
55439,18,38
55440,18,36
55441,18,37
55442,18,38
55443,18,35
55444,18,37
55445,18,35
55446,18,37
55447,18,37
55448,18,38
55449,18,36
55450,19,35
55451,19,34
55452,18,35
55453,19,37
55454,18,38
55455,18,36
55456,18,37
55457,18,35
55458,18,35
55459,18,36
55460,18,37
55461,18,35
55462,18,35
55463,18,37
55464,18,36
55465,18,35
55466,18,37
55467,19,36
55468,18,38
55469,19,36
55470,19,38
55471,18,37
55472,18,37
55473,18,35
55474,18,38
55475,18,36
55476,18,38
55477,18,35
55478,18,36
55479,18,37
55480,18,36
55481,18,37
55482,18,36
55483,18,35
55484,18,38
55485,18,36
55486,18,36
55487,19,40
55488,18,35
55489,18,39
55490,18,37
55491,18,40
55492,18,35
55493,18,34
55494,18,37
55495,19,34
55496,18,35
55497,18,37
55498,18,36
55499,18,37
55500,18,35
55501,18,40
55502,18,38
55503,18,37
55504,18,37
55505,18,37
55506,18,36
55507,19,38
55508,18,36
55509,18,37
55510,18,39
55511,18,36
55512,18,36
55513,18,36
55514,18,36
55515,18,37
55516,18,35
55517,18,38
55518,18,36
55519,18,41
55520,18,35
55521,18,40
55522,18,37
55523,18,36
55524,18,39
55525,18,38
55526,18,36
55527,18,38
55528,18,36
55529,18,37
55530,18,37
55531,19,38
55532,18,38
55533,18,34
55534,18,37
55535,18,38
55536,19,38
55537,18,36
55538,18,35
55539,18,37
55540,18,37
55541,18,35
55542,18,36
55543,18,36
55544,18,38
55545,18,37
55546,18,36
55547,18,37
55548,18,36
55549,18,38
55550,18,36
55551,18,37
55552,18,39
55553,18,35
55554,18,38
55555,19,39
55556,18,37
55557,18,36
55558,18,37
55559,19,35
55560,18,37
55561,19,38
55562,18,38
55563,18,38
55564,18,35
55565,19,38
55566,18,37
55567,18,38
55568,18,36
55569,18,36
55570,18,37
55571,18,37
55572,18,36
55573,18,36
55574,18,37
55575,18,36
55576,18,34
55577,18,36
55578,19,37
55579,18,39
55580,18,38
55581,18,35
55582,18,40
55583,18,35
55584,18,37
55585,18,37
55586,18,38
55587,18,37
55588,18,37
55589,18,37
55590,18,36
55591,19,38
55592,18,36
55593,18,37
55594,19,37
55595,19,36
55596,18,36
55597,18,35
55598,18,35
55599,18,35
55600,18,38
55601,18,36
55602,18,35
55603,18,36
55604,18,38
55605,19,36
55606,19,35
55607,18,37
55608,18,39
55609,18,36
55610,18,37
55611,18,36
55612,18,38
55613,18,37
55614,19,36
55615,18,39
55616,18,36
55617,19,36
55618,19,38
55619,19,36
55620,18,36
55621,18,36
55622,18,38
55623,19,38
55624,18,36
55625,18,36
55626,18,35
55627,18,36
55628,18,36
55629,18,36
55630,18,36
55631,18,36
55632,18,38
55633,18,36
55634,18,36
55635,18,36
55636,18,36
55637,18,36
55638,18,37
55639,18,36
55640,18,36
55641,18,35
55642,18,37
55643,18,38
55644,19,36
55645,18,37
55646,18,37
55647,18,36
55648,18,40
55649,18,37
55650,18,36
55651,18,36
55652,18,37
55653,18,36
55654,18,38
55655,18,35
55656,18,38
55657,18,37
55658,19,38
55659,18,36
55660,18,38
55661,18,37
55662,18,36
55663,18,38
55664,18,38
55665,18,38
55666,18,37
55667,18,37
55668,18,36
55669,19,36
55670,18,39
55671,18,36
55672,18,37
55673,18,38
55674,18,37
55675,19,39
55676,18,36
55677,18,37
55678,18,36
55679,18,35
55680,18,37
55681,18,36
55682,18,39
55683,18,38
55684,18,39
55685,18,35
55686,18,36
55687,18,37
55688,18,36
55689,18,37
55690,18,37
55691,19,41
55692,19,36
55693,18,37
55694,18,37
55695,18,37
55696,19,37
55697,19,36
55698,18,37
55699,19,35
55700,19,40
55701,18,38
55702,18,36
55703,18,38
55704,18,36
55705,18,39
55706,19,37
55707,18,36
55708,18,35
55709,18,36
55710,18,36
55711,19,37
55712,18,37
55713,18,36
55714,18,37
55715,18,37
55716,18,37
55717,18,38
55718,18,37
55719,18,38
55720,19,39
55721,18,35
55722,18,37
55723,19,37
55724,18,38
55725,18,36
55726,18,36
55727,18,38
55728,18,37
55729,18,36
55730,18,38
55731,18,38
55732,18,36
55733,18,37
55734,18,38
55735,19,38
55736,19,36
55737,18,39
55738,18,36
55739,19,39
55740,18,36
55741,19,36
55742,18,38
55743,18,38
55744,18,36
55745,18,37
55746,18,35
55747,18,37
55748,18,37
55749,18,36
55750,18,37
55751,18,37
55752,18,37
55753,18,36
55754,18,36
55755,18,36
55756,18,36
55757,19,38
55758,18,36
55759,18,36
55760,18,37
55761,18,36
55762,19,37
55763,18,38
55764,18,36
55765,18,36
55766,18,35
55767,18,37
55768,18,37
55769,18,35
55770,18,40
55771,18,37
55772,18,37
55773,18,39
55774,18,36
55775,18,38
55776,18,38
55777,18,36
55778,18,35
55779,19,36
55780,19,35
55781,19,37
55782,18,37
55783,18,38
55784,18,36
55785,19,38
55786,18,38
55787,18,35
55788,18,38
55789,18,35
55790,18,38
55791,19,38
55792,19,37
55793,18,39
55794,18,39
55795,18,37
55796,18,38
55797,18,37
55798,18,35
55799,19,38
55800,18,38
55801,18,35
55802,18,37
55803,18,38
55804,19,38
55805,18,37
55806,18,36
55807,18,37
55808,18,37
55809,19,36
55810,18,38
55811,18,39
55812,18,37
55813,18,37
55814,18,38
55815,18,36
55816,18,37
55817,18,35
55818,19,39
55819,18,36
55820,18,38
55821,18,34
55822,18,38
55823,18,37
55824,18,37
55825,18,38
55826,18,38
55827,18,37
55828,18,37
55829,18,37
55830,18,38
55831,19,36
55832,19,39
55833,19,36
55834,18,39
55835,18,38
55836,18,36
55837,18,40
55838,19,37
55839,18,36
55840,18,36
55841,18,38
55842,18,36
55843,18,35
55844,18,37
55845,18,39
55846,18,37
55847,18,38
55848,19,37
55849,18,40
55850,18,36
55851,19,37
55852,18,37
55853,18,35
55854,19,37
55855,18,35
55856,18,35
55857,18,36
55858,18,38
55859,18,39
55860,18,36
55861,18,38
55862,18,38
55863,18,36
55864,18,39
55865,18,36
55866,18,36
55867,19,38
55868,18,36
55869,18,35
55870,18,38
55871,18,36
55872,18,39
55873,18,36
55874,18,37
55875,18,37
55876,18,37
55877,18,36
55878,18,37
55879,18,35
55880,18,37
55881,18,37
55882,18,36
55883,18,36
55884,18,37
55885,18,36
55886,18,36
55887,18,40
55888,19,35
55889,18,36
55890,18,38
55891,18,35
55892,18,35
55893,19,36
55894,18,36
55895,18,35
55896,19,36
55897,18,37
55898,18,35
55899,18,37
55900,18,39
55901,18,37
55902,18,38
55903,18,35
55904,18,37
55905,18,35
55906,18,37
55907,19,37
55908,18,37
55909,18,36
55910,18,37
55911,18,38
55912,18,38
55913,18,37
55914,18,37
55915,18,37
55916,19,37
55917,18,36
55918,18,36
55919,18,39
55920,18,36
55921,18,38
55922,19,37
55923,18,39
55924,18,37
55925,18,37
55926,18,37
55927,18,36
55928,18,40
55929,18,37
55930,19,36
55931,19,34
55932,18,37
55933,19,38
55934,18,37
55935,18,34
55936,18,36
55937,19,36
55938,18,35
55939,18,37
55940,18,35
55941,18,38
55942,18,37
55943,19,37
55944,18,36
55945,19,36
55946,18,38
55947,18,37
55948,18,36
55949,18,36
55950,18,38
55951,18,39
55952,18,37
55953,18,39
55954,18,38
55955,18,35
55956,18,36
55957,18,38
55958,19,37
55959,18,37
55960,18,34
55961,18,36
55962,18,37
55963,18,35
55964,18,36
55965,18,36
55966,18,39
55967,18,37
55968,19,36
55969,18,36
55970,18,34
55971,18,38
55972,18,36
55973,18,38
55974,18,37
55975,18,38
55976,18,37
55977,18,38
55978,18,39
55979,18,36
55980,18,40
55981,19,39
55982,18,38
55983,19,36
55984,18,36
55985,18,37
55986,18,37
55987,18,38
55988,18,38
55989,18,39
55990,18,35
55991,18,36
55992,18,36
55993,18,39
55994,18,37
55995,18,37
55996,18,36
55997,18,36
55998,18,36
55999,18,38
56000,19,36
56001,18,39
56002,18,36
56003,19,37
56004,19,40
56005,18,38
56006,18,37
56007,18,37
56008,19,38
56009,18,39
56010,18,37
56011,18,37
56012,18,38
56013,18,38
56014,18,37
56015,18,36
56016,19,38
56017,18,38
56018,18,35
56019,18,37
56020,18,38
56021,18,37
56022,18,38
56023,18,34
56024,18,38
56025,18,36
56026,18,38
56027,19,36
56028,18,36
56029,18,38
56030,18,38
56031,18,36
56032,19,38
56033,18,38
56034,18,37
56035,18,38
56036,18,39
56037,18,36
56038,19,36
56039,18,38
56040,18,36
56041,19,37
56042,18,35
56043,18,37
56044,18,38
56045,19,35
56046,18,38
56047,18,37
56048,18,39
56049,18,35
56050,18,35
56051,18,37
56052,18,37
56053,18,35
56054,18,39
56055,18,36
56056,18,38
56057,18,34
56058,18,37
56059,18,39
56060,18,36
56061,18,37
56062,18,37
56063,18,37
56064,18,37
56065,18,36
56066,19,35
56067,18,36
56068,18,37
56069,18,37
56070,18,35
56071,18,37
56072,18,39
56073,18,36
56074,18,37
56075,18,39
56076,18,40
56077,18,37
56078,18,39
56079,18,36
56080,19,38
56081,18,35
56082,18,36
56083,18,37
56084,19,35
56085,18,36
56086,18,37
56087,18,36
56088,18,36
56089,18,35
56090,18,37
56091,18,36
56092,18,37
56093,18,36
56094,18,36
56095,18,39
56096,18,34
56097,18,37
56098,18,37
56099,18,37
56100,18,38
56101,18,36
56102,18,36
56103,19,39
56104,18,36
56105,19,35
56106,18,37
56107,18,38
56108,18,37
56109,18,38
56110,19,36
56111,19,35
56112,19,39
56113,18,37
56114,18,39
56115,18,38
56116,18,36
56117,19,36
56118,18,38
56119,19,37
56120,18,36
56121,18,35
56122,18,37
56123,18,35
56124,18,37
56125,18,38
56126,19,36
56127,18,37
56128,18,36
56129,18,36
56130,19,36
56131,18,38
56132,18,37
56133,18,36
56134,18,36
56135,18,37
56136,18,38
56137,18,36
56138,18,38
56139,19,38
56140,18,37
56141,18,38
56142,18,36
56143,18,37
56144,18,37
56145,18,37
56146,18,35
56147,18,38
56148,18,37
56149,18,39
56150,18,39
56151,18,37
56152,19,36
56153,19,38
56154,18,36
56155,18,36
56156,19,35
56157,18,37
56158,18,37
56159,18,35
56160,18,36
56161,18,36
56162,18,37
56163,18,35
56164,18,37
56165,18,39
56166,18,34
56167,18,35
56168,19,36
56169,18,38
56170,18,36
56171,18,36
56172,18,37
56173,18,39
56174,18,35
56175,18,35
56176,18,35
56177,19,36
56178,18,35
56179,18,36
56180,18,40
56181,18,38
56182,18,38
56183,18,36
56184,19,34
56185,18,36
56186,18,37
56187,18,36
56188,18,36
56189,19,37
56190,18,38
56191,18,37
56192,18,37
56193,18,36
56194,18,37
56195,18,36
56196,19,38
56197,18,38
56198,18,35
56199,18,38
56200,18,40
56201,18,36
56202,18,40
56203,19,37
56204,18,35
56205,18,35
56206,18,39
56207,18,37
56208,19,37
56209,18,36
56210,18,37
56211,18,41
56212,18,36
56213,18,38
56214,18,38
56215,18,36
56216,18,38
56217,18,38
56218,19,36
56219,18,38
56220,18,39
56221,18,40
56222,18,35
56223,18,37
56224,18,36
56225,18,40
56226,18,36
56227,18,37
56228,18,39
56229,19,36
56230,18,35
56231,18,39
56232,18,38
56233,18,37
56234,18,36
56235,18,37
56236,18,38
56237,18,36
56238,18,36
56239,18,35
56240,18,36
56241,18,37
56242,18,36
56243,18,37
56244,18,34
56245,18,36
56246,18,37
56247,19,39
56248,19,37
56249,19,36
56250,18,37
56251,18,36
56252,18,37
56253,18,38
56254,18,38
56255,18,38
56256,18,35
56257,19,38
56258,19,39
56259,18,36
56260,18,39
56261,18,36
56262,18,38
56263,18,39
56264,18,36
56265,18,36
56266,18,36
56267,18,38
56268,18,37
56269,18,38
56270,18,38
56271,18,37
56272,18,38
56273,18,35
56274,18,38
56275,18,38
56276,18,38
56277,18,38
56278,18,35
56279,18,36
56280,19,37
56281,18,39
56282,18,38
56283,18,37
56284,18,37
56285,18,39
56286,18,37
56287,18,41
56288,18,39
56289,18,38
56290,19,39
56291,18,37
56292,18,36
56293,19,37
56294,19,35
56295,18,40
56296,19,37
56297,19,39
56298,18,36
56299,18,36
56300,18,37
56301,18,35
56302,19,35
56303,18,41
56304,18,40
56305,18,37
56306,18,34
56307,18,37
56308,18,40
56309,18,37
56310,18,35
56311,18,37
56312,18,36
56313,18,38
56314,19,35
56315,19,37
56316,18,39
56317,18,35
56318,18,36
56319,18,38
56320,18,36
56321,18,35
56322,18,38
56323,18,37
56324,18,36
56325,18,37
56326,18,38
56327,19,39
56328,19,36
56329,18,40
56330,18,37
56331,18,37
56332,19,37
56333,18,37
56334,18,38
56335,18,36
56336,19,37
56337,18,36
56338,18,36
56339,19,36
56340,19,35
56341,18,40
56342,18,38
56343,18,37
56344,18,36
56345,18,37
56346,18,39
56347,18,37
56348,18,37
56349,18,37
56350,19,37
56351,18,38
56352,18,37
56353,19,38
56354,18,35
56355,18,37
56356,18,37
56357,18,36
56358,18,35
56359,18,39
56360,18,36
56361,18,36
56362,18,37
56363,18,36
56364,18,38
56365,18,36
56366,19,36
56367,18,38
56368,18,37
56369,18,38
56370,18,34
56371,18,36
56372,18,37
56373,18,37
56374,18,37
56375,18,37
56376,18,37
56377,18,36
56378,18,37
56379,19,38
56380,18,38
56381,19,39
56382,18,36
56383,18,37
56384,18,38
56385,18,36
56386,18,38
56387,18,36
56388,19,39
56389,18,36
56390,18,37
56391,18,38
56392,18,36
56393,18,39
56394,18,36
56395,18,36
56396,18,36
56397,19,37
56398,18,39
56399,18,38
56400,18,38
56401,18,39
56402,18,37
56403,18,36
56404,19,35
56405,18,37
56406,18,35
56407,19,41
56408,18,36
56409,18,36
56410,18,38
56411,18,36
56412,18,37
56413,18,37
56414,19,38
56415,18,36
56416,19,36
56417,19,36
56418,18,37
56419,18,37
56420,18,39
56421,19,38
56422,19,36
56423,18,38
56424,19,37
56425,18,36
56426,18,37
56427,18,36
56428,19,39
56429,18,38
56430,19,38
56431,18,38
56432,19,37
56433,18,37
56434,18,34
56435,18,38
56436,19,38
56437,19,38
56438,18,37
56439,18,36
56440,18,36
56441,18,35
56442,18,37
56443,18,35
56444,18,36
56445,18,35
56446,18,36
56447,18,38
56448,18,36
56449,18,37
56450,18,38
56451,18,37
56452,18,36
56453,19,37
56454,18,38
56455,18,36
56456,18,37
56457,18,35
56458,18,36
56459,18,35
56460,18,36
56461,19,36
56462,18,37
56463,18,40
56464,18,38
56465,18,37
56466,18,38
56467,18,37
56468,18,38
56469,18,37
56470,18,36
56471,18,38
56472,19,36
56473,19,37
56474,18,36
56475,18,35
56476,18,37
56477,18,38
56478,18,37
56479,18,36
56480,18,37
56481,19,37
56482,19,38
56483,18,35
56484,18,37
56485,18,37
56486,18,34
56487,18,36
56488,19,39
56489,18,37
56490,18,37
56491,19,38
56492,19,37
56493,18,35
56494,19,37
56495,19,36
56496,19,36
56497,18,39
56498,18,37
56499,18,38
56500,19,38
56501,18,36
56502,18,38
56503,18,36
56504,18,39
56505,18,37
56506,19,37
56507,18,38
56508,18,38
56509,18,38
56510,19,36
56511,19,37
56512,18,39
56513,18,36
56514,19,36
56515,18,35
56516,18,35
56517,18,37
56518,19,36
56519,18,38
56520,18,36
56521,18,39
56522,19,36
56523,18,38
56524,18,35
56525,18,39
56526,18,36
56527,18,37
56528,18,36
56529,18,36
56530,18,38
56531,18,37
56532,18,40
56533,19,38
56534,18,38
56535,18,37
56536,19,37
56537,18,37
56538,19,39
56539,19,35
56540,18,34
56541,19,37
56542,18,36
56543,18,37
56544,18,39
56545,18,37
56546,18,36
56547,19,35
56548,18,37
56549,18,36
56550,18,37
56551,18,38
56552,18,38
56553,18,37
56554,19,38
56555,18,38
56556,18,37
56557,18,37
56558,18,36
56559,18,36
56560,18,38
56561,18,37
56562,18,36
56563,18,36
56564,18,37
56565,18,38
56566,18,36
56567,18,38
56568,18,36
56569,19,37
56570,19,35
56571,19,38
56572,18,37
56573,18,38
56574,18,37
56575,18,38
56576,18,37
56577,18,35
56578,18,37
56579,18,37
56580,19,35
56581,18,38
56582,18,38
56583,18,38
56584,19,35
56585,18,37
56586,18,37
56587,18,37
56588,18,38
56589,18,38
56590,19,36
56591,18,39
56592,19,39
56593,19,37
56594,19,36
56595,18,37
56596,18,36
56597,18,38
56598,18,39
56599,19,37
56600,18,37
56601,18,38
56602,18,38
56603,18,36
56604,18,37
56605,18,37
56606,19,36
56607,18,37
56608,18,37
56609,18,37
56610,18,37
56611,18,36
56612,18,35
56613,18,39
56614,18,37
56615,18,36
56616,19,36
56617,18,38
56618,18,36
56619,18,36
56620,18,35
56621,18,37
56622,18,36
56623,18,35
56624,18,34
56625,18,37
56626,18,36
56627,18,37
56628,18,38
56629,18,40
56630,18,38
56631,18,37
56632,18,35
56633,19,39
56634,18,35
56635,18,36
56636,18,38
56637,18,35
56638,18,37
56639,18,38
56640,18,35
56641,18,36
56642,18,36
56643,18,37
56644,19,37
56645,18,36
56646,18,37
56647,18,38
56648,18,36
56649,18,36
56650,18,38
56651,18,36
56652,18,40
56653,18,38
56654,18,38
56655,18,38
56656,19,36
56657,18,39
56658,18,36
56659,18,36
56660,18,38
56661,19,37
56662,18,40
56663,18,37
56664,18,37
56665,18,39
56666,19,37
56667,18,40
56668,18,36
56669,18,37
56670,18,36
56671,18,35
56672,19,37
56673,18,35
56674,18,39
56675,18,35
56676,18,37
56677,19,36
56678,18,36
56679,18,38
56680,18,37
56681,18,37
56682,18,36
56683,18,38
56684,18,37
56685,18,36
56686,18,38
56687,18,36
56688,18,37
56689,18,35
56690,18,37
56691,18,37
56692,18,37
56693,18,38
56694,18,38
56695,19,36
56696,19,36
56697,18,37
56698,18,38
56699,18,37
56700,18,36
56701,18,38
56702,18,38
56703,18,37
56704,18,35
56705,18,38
56706,18,38
56707,19,36
56708,19,36
56709,18,37
56710,19,36
56711,18,37
56712,18,36
56713,18,37
56714,18,35
56715,18,36
56716,18,36
56717,19,37
56718,18,35
56719,18,38
56720,18,38
56721,18,37
56722,18,39
56723,18,39
56724,18,38
56725,18,40
56726,18,35
56727,18,36
56728,18,37
56729,18,36
56730,18,36
56731,18,36
56732,18,37
56733,19,39
56734,18,37
56735,19,37
56736,18,37
56737,18,38
56738,18,35
56739,18,38
56740,18,36
56741,19,38
56742,18,37
56743,18,36
56744,18,40
56745,18,36
56746,18,38
56747,18,37
56748,18,38
56749,18,37
56750,18,36
56751,18,37
56752,18,37
56753,18,38
56754,18,36
56755,18,38
56756,19,38
56757,18,37
56758,18,35
56759,19,38
56760,18,38
56761,19,36
56762,18,37
56763,18,37
56764,18,37
56765,18,35
56766,18,37
56767,18,39
56768,18,37
56769,18,37
56770,18,37
56771,18,37
56772,18,37
56773,18,35
56774,18,36
56775,19,36
56776,18,37
56777,18,39
56778,19,36
56779,18,36
56780,18,35
56781,18,39
56782,18,36
56783,18,37
56784,18,36
56785,18,36
56786,18,38
56787,19,36
56788,18,37
56789,18,37
56790,18,38
56791,18,37
56792,18,39
56793,18,38
56794,19,36
56795,18,35
56796,19,36
56797,19,34
56798,18,35
56799,18,36
56800,19,37
56801,18,36
56802,18,37
56803,18,36
56804,18,37
56805,19,36
56806,18,39
56807,18,38
56808,18,38
56809,18,37
56810,18,37
56811,18,37
56812,18,40
56813,18,37
56814,18,36
56815,18,37
56816,18,38
56817,19,38
56818,18,36
56819,18,36
56820,18,36
56821,18,37
56822,19,38
56823,18,35
56824,19,38
56825,18,37
56826,18,38
56827,18,36
56828,19,36
56829,18,39
56830,18,37
56831,18,37
56832,18,37
56833,19,39
56834,18,36
56835,18,38
56836,18,36
56837,19,34
56838,18,38
56839,19,40
56840,18,37
56841,18,38
56842,18,38
56843,18,36
56844,18,37
56845,18,38
56846,19,37
56847,18,37
56848,18,38
56849,19,40
56850,18,38
56851,18,37
56852,18,35
56853,18,37
56854,18,35
56855,18,36
56856,19,36
56857,18,37
56858,18,36
56859,18,36
56860,19,37
56861,18,36
56862,18,41
56863,19,35
56864,18,35
56865,18,36
56866,18,36
56867,18,37
56868,18,38
56869,18,38
56870,18,39
56871,18,37
56872,18,37
56873,18,36
56874,19,38
56875,18,35
56876,19,39
56877,18,35
56878,18,39
56879,19,38
56880,19,36
56881,18,37
56882,18,37
56883,18,38
56884,19,37
56885,18,39
56886,19,36
56887,18,36
56888,18,38
56889,18,37
56890,18,35
56891,18,35
56892,18,39
56893,18,36
56894,18,37
56895,18,37
56896,18,36
56897,18,37
56898,18,37
56899,19,37
56900,18,37
56901,18,40
56902,18,36
56903,19,38
56904,18,38
56905,18,36
56906,18,36
56907,18,39
56908,18,37
56909,18,37
56910,18,36
56911,18,36
56912,18,36
56913,18,35
56914,18,38
56915,19,38
56916,18,36
56917,18,39
56918,18,39
56919,18,35
56920,18,36
56921,18,36
56922,18,38
56923,18,37
56924,19,37
56925,18,35
56926,19,35
56927,18,39
56928,18,38
56929,19,38
56930,18,36
56931,18,37
56932,18,39
56933,18,36
56934,18,37
56935,18,37
56936,18,40
56937,18,36
56938,19,39
56939,18,36
56940,19,40
56941,18,39
56942,18,36
56943,18,39
56944,18,36
56945,18,36
56946,18,37
56947,18,38
56948,18,36
56949,18,40
56950,19,38
56951,18,37
56952,18,33
56953,18,38
56954,19,36
56955,18,36
56956,18,37
56957,18,38
56958,18,38
56959,18,35
56960,18,35
56961,18,37
56962,18,37
56963,18,38
56964,18,39
56965,18,38
56966,18,38
56967,18,37
56968,18,38
56969,19,37
56970,18,39
56971,18,37
56972,18,37
56973,18,38
56974,18,39
56975,18,35
56976,18,37
56977,18,36
56978,18,37
56979,18,38
56980,18,36
56981,18,37
56982,18,36
56983,18,37
56984,18,38
56985,18,37
56986,19,37
56987,18,37
56988,18,37
56989,18,37
56990,18,37
56991,18,36
56992,18,36
56993,18,39
56994,18,35
56995,18,37
56996,18,38
56997,18,36
56998,18,36
56999,18,35
57000,18,37
57001,18,35
57002,18,37
57003,18,36
57004,18,37
57005,18,39
57006,18,37
57007,18,34
57008,18,37
57009,18,36
57010,18,36
57011,18,35
57012,18,36
57013,19,39
57014,18,38
57015,18,37
57016,18,37
57017,18,37
57018,19,36
57019,18,36
57020,18,38
57021,18,37
57022,18,38
57023,18,35
57024,18,37
57025,19,37
57026,19,38
57027,18,37
57028,18,37
57029,19,37
57030,19,38
57031,18,38
57032,19,37
57033,18,38
57034,18,36
57035,18,36
57036,18,37
57037,18,36
57038,18,36
57039,18,36
57040,19,37
57041,18,36
57042,18,37
57043,18,39
57044,19,36
57045,18,37
57046,18,38
57047,18,38
57048,18,37
57049,18,37
57050,18,39
57051,19,37
57052,18,37
57053,18,36
57054,18,37
57055,18,37
57056,19,39
57057,18,35
57058,18,37
57059,18,36
57060,18,37
57061,18,37
57062,18,40
57063,18,37
57064,18,38
57065,18,39
57066,18,38
57067,19,37
57068,18,37
57069,18,35
57070,18,37
57071,19,37
57072,19,37
57073,18,36
57074,18,38
57075,18,35
57076,19,39
57077,18,37
57078,18,37
57079,18,39
57080,19,36
57081,18,36
57082,18,38
57083,19,35
57084,18,36
57085,18,36
57086,19,38
57087,18,36
57088,18,35
57089,18,37
57090,19,35
57091,18,37
57092,18,36
57093,19,38
57094,18,36
57095,18,36
57096,18,35
57097,18,37
57098,18,38
57099,19,36
57100,19,38
57101,19,37
57102,18,37
57103,19,37
57104,18,35
57105,18,38
57106,19,38
57107,18,39
57108,19,37
57109,18,37
57110,18,38
57111,19,37
57112,18,36
57113,18,36
57114,18,37
57115,19,34
57116,18,35
57117,18,37
57118,18,35
57119,18,35
57120,18,38
57121,18,36
57122,18,36
57123,18,36
57124,18,38
57125,19,37
57126,18,37
57127,18,36
57128,18,37
57129,18,37
57130,18,36
57131,19,36
57132,18,38
57133,19,39
57134,18,35
57135,18,37
57136,18,36
57137,18,37
57138,18,37
57139,18,36
57140,18,37
57141,18,39
57142,18,37
57143,18,38
57144,18,35
57145,19,38
57146,18,37
57147,18,36
57148,18,40
57149,18,36
57150,18,38
57151,18,36
57152,18,36
57153,18,38
57154,18,38
57155,18,36
57156,18,40
57157,18,38
57158,18,36
57159,18,35
57160,18,38
57161,18,38
57162,18,38
57163,18,37
57164,18,36
57165,19,35
57166,18,36
57167,18,37
57168,18,35
57169,18,37
57170,19,35
57171,18,39
57172,19,36
57173,19,37
57174,19,38
57175,18,35
57176,19,37
57177,18,35
57178,18,37
57179,19,35
57180,18,37
57181,18,36
57182,18,38
57183,18,36
57184,18,36
57185,18,36
57186,18,35
57187,18,38
57188,18,39
57189,19,37
57190,18,37
57191,18,36
57192,19,37
57193,18,38
57194,19,38
57195,18,37
57196,18,37
57197,18,36
57198,18,37
57199,19,38
57200,19,37
57201,18,38
57202,18,37
57203,18,38
57204,18,38
57205,18,39
57206,18,38
57207,18,37
57208,18,39
57209,18,35
57210,18,37
57211,19,37
57212,19,36
57213,18,37
57214,18,37
57215,18,35
57216,18,37
57217,18,35
57218,18,38
57219,18,38
57220,18,35
57221,19,37
57222,18,36
57223,18,36
57224,18,38
57225,19,40
57226,18,35
57227,18,37
57228,18,39
57229,19,38
57230,18,38
57231,18,38
57232,19,37
57233,18,38
57234,18,36
57235,18,40
57236,18,38
57237,18,37
57238,18,37
57239,18,37
57240,18,37
57241,19,37
57242,18,37
57243,19,36
57244,19,40
57245,19,38
57246,18,37
57247,18,38
57248,18,36
57249,18,37
57250,18,37
57251,19,34
57252,18,37
57253,18,36
57254,19,37
57255,18,38
57256,18,38
57257,18,37
57258,18,37
57259,18,37
57260,18,36
57261,18,36
57262,18,35
57263,18,37
57264,18,36
57265,18,38
57266,19,37
57267,19,40
57268,19,34
57269,18,36
57270,18,37
57271,18,35
57272,18,38
57273,19,36
57274,18,37
57275,18,36
57276,19,36
57277,18,38
57278,18,39
57279,19,36
57280,18,36
57281,19,38
57282,19,39
57283,18,39
57284,19,38
57285,18,36
57286,18,38
57287,19,37
57288,18,40
57289,18,35
57290,18,36
57291,18,36
57292,18,38
57293,18,36
57294,18,37
57295,18,38
57296,18,36
57297,19,35
57298,19,38
57299,18,36
57300,18,36
57301,18,37
57302,18,38
57303,19,37
57304,18,42
57305,18,37
57306,18,37
57307,18,39
57308,18,38
57309,19,38
57310,18,36
57311,18,37
57312,18,35
57313,19,36
57314,18,38
57315,18,35
57316,18,35
57317,19,38
57318,18,38
57319,18,37
57320,18,38
57321,18,37
57322,18,35
57323,18,39
57324,18,36
57325,19,37
57326,18,35
57327,19,38
57328,18,39
57329,18,38
57330,18,36
57331,18,38
57332,18,36
57333,18,37
57334,18,38
57335,19,37
57336,19,37
57337,19,37
57338,19,39
57339,18,39
57340,18,38
57341,18,38
57342,18,37
57343,18,36
57344,18,37
57345,18,37
57346,18,36
57347,18,38
57348,18,39
57349,18,40
57350,18,37
57351,18,38
57352,18,37
57353,18,38
57354,18,38
57355,19,36
57356,18,37
57357,18,37
57358,18,39
57359,18,36
57360,18,37
57361,18,37
57362,18,38
57363,18,36
57364,18,36
57365,18,39
57366,18,36
57367,18,38
57368,18,37
57369,18,36
57370,18,37
57371,18,36
57372,18,37
57373,18,36
57374,18,38
57375,18,40
57376,18,37
57377,19,35
57378,18,39
57379,18,38
57380,18,38
57381,19,38
57382,18,39
57383,18,35
57384,18,37
57385,18,37
57386,18,38
57387,18,35
57388,18,37
57389,18,37
57390,19,37
57391,18,36
57392,18,37
57393,19,37
57394,18,36
57395,19,36
57396,18,37
57397,19,38
57398,18,36
57399,18,38
57400,18,36
57401,18,39
57402,18,37
57403,18,40
57404,19,36
57405,18,38
57406,18,35
57407,19,36
57408,18,35
57409,18,39
57410,18,38
57411,19,38
57412,18,37
57413,18,38
57414,18,38
57415,18,37
57416,18,38
57417,18,36
57418,18,36
57419,19,40
57420,18,36
57421,19,38
57422,19,36
57423,19,35
57424,18,36
57425,18,36
57426,18,36
57427,18,40
57428,19,38
57429,18,37
57430,18,36
57431,19,37
57432,18,36
57433,19,36
57434,18,36
57435,18,38
57436,18,37
57437,18,36
57438,18,37
57439,18,35
57440,18,37
57441,18,36
57442,18,37
57443,18,37
57444,18,37
57445,18,36
57446,18,38
57447,18,38
57448,18,37
57449,18,36
57450,18,35
57451,18,38
57452,18,37
57453,19,38
57454,18,37
57455,18,37
57456,18,36
57457,18,37
57458,18,37
57459,19,36
57460,19,36
57461,19,40
57462,18,39
57463,18,38
57464,18,36
57465,18,35
57466,18,37
57467,18,37
57468,19,38
57469,18,35
57470,19,39
57471,19,36
57472,18,37
57473,18,38
57474,18,37
57475,18,35
57476,18,38
57477,18,37
57478,18,36
57479,18,37
57480,18,35
57481,18,38
57482,18,37
57483,19,37
57484,18,38
57485,18,38
57486,19,36
57487,18,37
57488,18,37
57489,18,37
57490,18,37
57491,18,35
57492,19,37
57493,19,37
57494,18,39
57495,18,36
57496,18,36
57497,18,36
57498,18,38
57499,18,38
57500,19,35
57501,18,38
57502,19,36
57503,19,38
57504,18,38
57505,18,38
57506,18,36
57507,18,37
57508,18,38
57509,19,37
57510,19,38
57511,18,36
57512,18,37
57513,18,38
57514,19,38
57515,18,37
57516,18,36
57517,19,37
57518,19,36
57519,18,36
57520,18,36
57521,19,39
57522,18,36
57523,18,37
57524,18,38
57525,18,39
57526,18,34
57527,18,39
57528,18,38
57529,18,37
57530,18,37
57531,18,35
57532,18,35
57533,18,35
57534,18,36
57535,18,36
57536,18,36
57537,18,37
57538,19,37
57539,18,37
57540,18,37
57541,18,36
57542,18,36
57543,18,37
57544,19,36
57545,18,38
57546,19,37
57547,18,37
57548,19,38
57549,19,36
57550,18,37
57551,18,38
57552,18,38
57553,19,37
57554,18,37
57555,18,37
57556,18,36
57557,18,37
57558,18,37
57559,18,38
57560,19,39
57561,18,36
57562,18,38
57563,19,36
57564,18,39
57565,18,37
57566,18,36
57567,19,40
57568,18,38
57569,18,36
57570,19,37
57571,19,39
57572,18,37
57573,18,35
57574,19,37
57575,18,37
57576,18,36
57577,18,37
57578,18,36
57579,19,39
57580,18,40
57581,18,36
57582,18,36
57583,18,35
57584,19,37
57585,18,36
57586,19,36
57587,18,36
57588,18,37
57589,19,39
57590,18,36
57591,18,36
57592,19,37
57593,18,38
57594,18,38
57595,18,36
57596,19,36
57597,18,39
57598,19,36
57599,18,37
57600,19,38
57601,18,37
57602,18,37
57603,18,39
57604,19,40
57605,18,36
57606,18,36
57607,19,37
57608,18,36
57609,18,39
57610,18,35
57611,18,37
57612,18,37
57613,18,37
57614,18,38
57615,18,38
57616,18,35
57617,18,39
57618,18,36
57619,18,38
57620,19,37
57621,18,38
57622,18,37
57623,18,37
57624,18,36
57625,18,36
57626,19,35
57627,18,37
57628,18,38
57629,18,38
57630,18,35
57631,18,36
57632,18,40
57633,18,37
57634,19,37
57635,18,37
57636,19,37
57637,19,37
57638,18,39
57639,18,39
57640,18,37
57641,18,38
57642,18,39
57643,18,37
57644,18,36
57645,18,36
57646,18,38
57647,19,36
57648,19,39
57649,18,35
57650,18,37
57651,19,38
57652,19,36
57653,18,34
57654,18,36
57655,18,38
57656,18,38
57657,18,36
57658,18,35
57659,18,36
57660,18,37
57661,18,39
57662,18,36
57663,18,37
57664,19,37
57665,18,37
57666,18,36
57667,18,38
57668,19,36
57669,19,38
57670,19,39
57671,19,39
57672,18,38
57673,18,35
57674,18,36
57675,18,37
57676,18,38
57677,18,39
57678,18,36
57679,19,38
57680,18,37
57681,18,36
57682,18,36
57683,19,36
57684,18,38
57685,18,37
57686,19,37
57687,18,37
57688,19,39
57689,19,37
57690,18,35
57691,18,35
57692,19,37
57693,19,37
57694,18,35
57695,18,35
57696,18,36
57697,18,36
57698,18,37
57699,19,38
57700,18,37
57701,18,36
57702,19,37
57703,18,37
57704,18,36
57705,18,36
57706,19,37
57707,18,38
57708,18,41
57709,18,35
57710,18,38
57711,18,38
57712,19,36
57713,19,39
57714,18,37
57715,19,37
57716,18,35
57717,18,39
57718,18,38
57719,19,36
57720,18,36
57721,18,40
57722,18,37
57723,18,38
57724,18,36
57725,18,37
57726,19,38
57727,19,36
57728,19,35
57729,18,36
57730,18,38
57731,18,36
57732,18,36
57733,18,36
57734,19,37
57735,19,35
57736,18,36
57737,18,37
57738,19,37
57739,18,38
57740,19,38
57741,19,37
57742,19,36
57743,18,39
57744,19,36
57745,18,35
57746,18,37
57747,19,39
57748,18,41
57749,18,38
57750,18,38
57751,18,36
57752,18,38
57753,19,38
57754,18,39
57755,18,36
57756,19,39
57757,18,36
57758,18,35
57759,18,38
57760,19,39
57761,18,38
57762,18,37
57763,19,37
57764,18,38
57765,19,38
57766,18,37
57767,18,38
57768,18,36
57769,18,39
57770,18,37
57771,19,38
57772,18,38
57773,18,39
57774,19,37
57775,18,38
57776,18,40
57777,18,35
57778,18,35
57779,18,38
57780,18,39
57781,18,36
57782,18,38
57783,18,35
57784,18,37
57785,18,39
57786,19,37
57787,18,36
57788,19,38
57789,19,36
57790,18,35
57791,18,36
57792,18,36
57793,19,37
57794,18,36
57795,18,35
57796,18,37
57797,19,38
57798,18,38
57799,19,35
57800,19,35
57801,18,36
57802,18,39
57803,18,36
57804,18,36
57805,18,36
57806,18,38
57807,18,38
57808,18,39
57809,18,37
57810,18,35
57811,18,36
57812,18,38
57813,19,39
57814,19,36
57815,19,37
57816,19,36
57817,18,36
57818,18,37
57819,19,37
57820,18,38
57821,19,37
57822,18,36
57823,18,37
57824,18,36
57825,18,38
57826,19,38
57827,18,38
57828,18,36
57829,19,36
57830,18,37
57831,18,35
57832,19,38
57833,19,38
57834,18,37
57835,18,37
57836,19,39
57837,19,38
57838,19,35
57839,19,41
57840,19,37
57841,19,40
57842,18,36
57843,19,39
57844,19,37
57845,18,36
57846,18,39
57847,18,35
57848,19,36
57849,19,37
57850,18,36
57851,18,39
57852,19,37
57853,18,40
57854,19,38
57855,19,36
57856,18,36
57857,18,38
57858,18,38
57859,19,35
57860,18,37
57861,18,36
57862,18,37
57863,18,36
57864,18,40
57865,19,35
57866,18,36
57867,18,36
57868,18,36
57869,19,39
57870,18,38
57871,18,36
57872,18,37
57873,19,39
57874,18,36
57875,19,36
57876,18,38
57877,18,40
57878,19,37
57879,18,36
57880,18,37
57881,18,36
57882,18,37
57883,18,37
57884,19,40
57885,18,35
57886,18,37
57887,18,38
57888,18,37
57889,18,39
57890,18,36
57891,18,36
57892,18,40
57893,18,37
57894,18,39
57895,18,39
57896,18,37
57897,18,37
57898,18,35
57899,18,37
57900,18,38
57901,18,37
57902,18,36
57903,19,35
57904,18,38
57905,18,37
57906,19,37
57907,18,38
57908,18,37
57909,18,38
57910,19,38
57911,19,37
57912,18,37
57913,19,37
57914,18,35
57915,18,36
57916,19,39
57917,19,38
57918,18,36
57919,19,38
57920,18,38
57921,19,36
57922,19,36
57923,19,35
57924,18,37
57925,18,37
57926,18,40
57927,18,38
57928,18,39
57929,18,37
57930,18,36
57931,18,37
57932,18,36
57933,18,35
57934,18,37
57935,18,36
57936,18,37
57937,18,37
57938,19,39
57939,18,37
57940,18,38
57941,19,39
57942,18,37
57943,18,38
57944,18,37
57945,18,38
57946,19,38
57947,19,36
57948,18,38
57949,18,36
57950,18,37
57951,19,38
57952,18,38
57953,19,40
57954,18,36
57955,18,38
57956,19,36
57957,19,36
57958,18,36
57959,19,37
57960,18,39
57961,19,35
57962,19,38
57963,18,38
57964,18,40
57965,18,38
57966,18,35
57967,19,37
57968,19,38
57969,18,36
57970,18,37
57971,18,37
57972,18,36
57973,18,37
57974,18,41
57975,18,37
57976,18,39
57977,18,37
57978,19,37
57979,18,37
57980,18,37
57981,18,36
57982,18,37
57983,18,36
57984,18,36
57985,19,39
57986,19,36
57987,18,37
57988,18,35
57989,18,39
57990,18,36
57991,19,37
57992,18,38
57993,19,38
57994,19,41
57995,18,36
57996,18,35
57997,18,38
57998,19,37
57999,18,36
58000,19,37
58001,19,36
58002,19,35
58003,19,37
58004,18,37
58005,18,35
58006,18,38
58007,18,38
58008,18,37
58009,19,36
58010,19,37
58011,18,37
58012,18,38
58013,18,37
58014,19,37
58015,18,38
58016,19,35
58017,19,37
58018,18,39
58019,19,36
58020,19,35
58021,19,38
58022,19,38
58023,18,37
58024,18,37
58025,18,37
58026,19,37
58027,18,35
58028,18,36
58029,18,38
58030,18,36
58031,18,38
58032,19,38
58033,19,37
58034,18,37
58035,19,37
58036,19,36
58037,19,34
58038,18,39
58039,18,38
58040,18,38
58041,18,38
58042,18,37
58043,18,36
58044,19,36
58045,18,38
58046,19,36
58047,18,38
58048,18,38
58049,18,38
58050,18,37
58051,18,37
58052,18,38
58053,18,37
58054,18,39
58055,18,40
58056,18,35
58057,18,40
58058,18,36
58059,18,37
58060,19,39
58061,18,37
58062,18,37
58063,18,38
58064,19,38
58065,18,37
58066,18,36
58067,18,40
58068,19,37
58069,18,37
58070,18,36
58071,19,36
58072,19,36
58073,19,37
58074,18,36
58075,18,36
58076,18,36
58077,18,36
58078,19,35
58079,18,36
58080,18,36
58081,18,38
58082,18,39
58083,19,35
58084,18,35
58085,19,36
58086,18,36
58087,18,40
58088,19,36
58089,19,36
58090,18,35
58091,18,37
58092,19,38
58093,18,36
58094,18,35
58095,18,35
58096,19,35
58097,18,36
58098,19,37
58099,18,37
58100,18,37
58101,18,36
58102,18,35
58103,18,36
58104,18,38
58105,18,39
58106,18,37
58107,18,35
58108,19,37
58109,18,38
58110,19,36
58111,18,42
58112,19,36
58113,18,38
58114,18,36
58115,18,41
58116,19,35
58117,18,37
58118,19,37
58119,18,36
58120,18,37
58121,19,37
58122,18,37
58123,18,38
58124,18,37
58125,19,40
58126,18,37
58127,19,36
58128,18,36
58129,18,38
58130,18,36
58131,18,39
58132,18,37
58133,18,37
58134,18,39
58135,19,37
58136,18,36
58137,19,38
58138,18,36
58139,18,38
58140,19,36
58141,18,36
58142,18,38
58143,18,37
58144,18,37
58145,19,37
58146,18,38
58147,18,37
58148,18,37
58149,19,38
58150,19,36
58151,18,39
58152,18,38
58153,18,38
58154,18,37
58155,19,38
58156,19,36
58157,18,35
58158,18,36
58159,18,37
58160,18,36
58161,18,36
58162,18,37
58163,18,36
58164,18,38
58165,18,37
58166,19,38
58167,18,35
58168,18,36
58169,19,37
58170,18,37
58171,19,36
58172,19,36
58173,18,37
58174,18,38
58175,19,38
58176,18,36
58177,19,38
58178,18,36
58179,18,40
58180,19,37
58181,18,35
58182,18,38
58183,19,37
58184,19,38
58185,18,38
58186,18,37
58187,19,38
58188,18,36
58189,18,35
58190,19,34
58191,18,37
58192,18,39
58193,18,34
58194,19,37
58195,19,36
58196,18,36
58197,18,38
58198,19,36
58199,18,38
58200,18,37
58201,18,36
58202,18,37
58203,19,36
58204,18,36
58205,19,36
58206,18,37
58207,18,38
58208,18,35
58209,18,38
58210,19,38
58211,18,41
58212,18,36
58213,18,38
58214,18,37
58215,18,37
58216,18,37
58217,18,36
58218,18,37
58219,19,37
58220,19,39
58221,19,38
58222,18,36
58223,19,34
58224,18,36
58225,18,36
58226,18,38
58227,18,35
58228,18,36
58229,19,39
58230,19,38
58231,18,37
58232,18,39
58233,18,35
58234,18,36
58235,19,36
58236,19,37
58237,18,37
58238,18,38
58239,19,36
58240,19,38
58241,18,41
58242,19,36
58243,19,38
58244,18,38
58245,18,36
58246,19,37
58247,18,35
58248,18,39
58249,19,36
58250,19,37
58251,19,38
58252,19,37
58253,18,37
58254,19,39
58255,18,35
58256,18,36
58257,19,37
58258,18,39
58259,18,37
58260,18,38
58261,18,38
58262,19,39
58263,19,39
58264,18,37
58265,18,35
58266,18,39
58267,18,36
58268,18,38
58269,18,37
58270,18,37
58271,18,35
58272,18,35
58273,18,37
58274,18,38
58275,18,37
58276,19,39
58277,18,37
58278,19,38
58279,19,37
58280,19,37
58281,18,37
58282,18,36
58283,18,36
58284,18,34
58285,18,38
58286,18,39
58287,18,37
58288,18,37
58289,18,38
58290,18,36
58291,18,38
58292,19,37
58293,18,38
58294,18,37
58295,18,36
58296,18,36
58297,18,35
58298,18,37
58299,18,35
58300,19,36
58301,18,35
58302,19,44
58303,19,38
58304,18,36
58305,18,40
58306,19,36
58307,18,36
58308,18,38
58309,18,39
58310,19,36
58311,18,39
58312,18,38
58313,18,38
58314,18,39
58315,18,38
58316,18,37
58317,18,37
58318,18,36
58319,18,36
58320,19,38
58321,19,36
58322,18,36
58323,19,36
58324,18,37
58325,18,35
58326,19,37
58327,18,36
58328,18,36
58329,18,38
58330,18,36
58331,19,38
58332,18,37
58333,18,39
58334,18,37
58335,18,38
58336,19,41
58337,18,37
58338,18,37
58339,18,38
58340,18,36
58341,18,37
58342,19,36
58343,18,38
58344,18,37
58345,18,37
58346,18,35
58347,18,38
58348,19,38
58349,18,37
58350,19,38
58351,18,37
58352,18,38
58353,18,37
58354,18,39
58355,19,38
58356,18,37
58357,18,35
58358,18,39
58359,18,37
58360,19,36
58361,18,37
58362,19,36
58363,18,38
58364,19,37
58365,18,38
58366,18,38
58367,18,39
58368,18,37
58369,18,39
58370,19,41
58371,19,40
58372,18,36
58373,18,35
58374,18,38
58375,18,37
58376,18,37
58377,18,36
58378,18,38
58379,18,36
58380,18,37
58381,18,38
58382,19,37
58383,19,37
58384,19,38
58385,19,36
58386,18,36
58387,18,37
58388,19,37
58389,18,36
58390,19,36
58391,18,37
58392,18,38
58393,18,36
58394,19,36
58395,18,37
58396,18,36
58397,18,36
58398,18,35
58399,19,40
58400,19,39
58401,18,37
58402,19,37
58403,19,39
58404,18,36
58405,19,35
58406,18,36
58407,18,36
58408,19,38
58409,18,38
58410,18,35
58411,18,35
58412,18,37
58413,19,38
58414,19,38
58415,18,38
58416,19,37
58417,19,37
58418,18,37
58419,19,36
58420,19,35
58421,19,36
58422,19,38
58423,19,37
58424,18,35
58425,18,39
58426,19,38
58427,18,36
58428,18,38
58429,18,38
58430,19,39
58431,18,37
58432,18,37
58433,18,36
58434,18,36
58435,19,37
58436,18,37
58437,18,38
58438,18,38
58439,18,36
58440,18,36
58441,18,38
58442,19,37
58443,19,35
58444,19,38
58445,18,36
58446,18,36
58447,18,37
58448,18,38
58449,18,36
58450,18,36
58451,18,38
58452,19,37
58453,19,37
58454,19,37
58455,18,37
58456,18,37
58457,18,37
58458,18,39
58459,18,38
58460,19,37
58461,18,38
58462,18,35
58463,18,35
58464,18,37
58465,18,36
58466,18,37
58467,19,37
58468,18,37
58469,19,36
58470,19,37
58471,19,36
58472,18,37
58473,18,38
58474,18,37
58475,18,40
58476,19,37
58477,18,35
58478,18,37
58479,19,38
58480,18,40
58481,18,36
58482,19,37
58483,18,35
58484,18,35
58485,19,37
58486,18,38
58487,19,37
58488,18,35
58489,18,37
58490,18,38
58491,18,36
58492,18,34
58493,19,36
58494,19,37
58495,18,38
58496,18,38
58497,18,37
58498,18,36
58499,19,37
58500,18,38
58501,18,38
58502,18,38
58503,18,37
58504,19,38
58505,18,36
58506,19,39
58507,18,39
58508,19,36
58509,18,38
58510,19,37
58511,18,38
58512,18,37
58513,18,37
58514,18,37
58515,18,35
58516,18,36
58517,18,38
58518,19,36
58519,19,39
58520,19,38
58521,18,36
58522,19,36
58523,18,38
58524,18,34
58525,18,36
58526,19,39
58527,18,37
58528,18,39
58529,18,35
58530,18,37
58531,19,37
58532,19,37
58533,18,36
58534,18,36
58535,19,40
58536,18,38
58537,18,37
58538,18,37
58539,18,37
58540,18,38
58541,19,37
58542,18,38
58543,18,40
58544,18,38
58545,18,37
58546,18,36
58547,18,37
58548,18,36
58549,18,35
58550,18,38
58551,19,38
58552,18,37
58553,18,37
58554,19,36
58555,18,36
58556,18,38
58557,19,34
58558,18,37
58559,19,35
58560,19,38
58561,18,35
58562,18,36
58563,18,37
58564,18,37
58565,18,37
58566,19,36
58567,18,38
58568,18,38
58569,18,39
58570,18,38
58571,19,38
58572,19,36
58573,18,39
58574,18,37
58575,18,37
58576,18,35
58577,18,37
58578,18,37
58579,18,37
58580,18,41
58581,18,36
58582,19,38
58583,18,37
58584,19,38
58585,18,36
58586,18,38
58587,18,36
58588,18,39
58589,19,37
58590,19,37
58591,18,40
58592,19,36
58593,19,36
58594,19,37
58595,19,36
58596,18,36
58597,18,37
58598,18,36
58599,18,35
58600,18,36
58601,18,35
58602,18,37
58603,18,38
58604,18,38
58605,19,37
58606,18,36
58607,18,38
58608,18,38
58609,18,37
58610,18,34
58611,18,37
58612,18,37
58613,18,36
58614,18,39
58615,18,37
58616,19,37
58617,19,37
58618,18,38
58619,18,37
58620,19,38
58621,18,37
58622,18,35
58623,19,38
58624,18,34
58625,18,38
58626,18,35
58627,19,38
58628,18,37
58629,18,36
58630,18,39
58631,18,37
58632,18,40
58633,18,37
58634,18,39
58635,18,40
58636,18,38
58637,18,38
58638,18,35
58639,18,39
58640,18,36
58641,18,38
58642,19,36
58643,19,36
58644,19,36
58645,18,38
58646,19,39
58647,18,37
58648,19,38
58649,18,36
58650,18,38
58651,18,38
58652,19,36
58653,18,37
58654,19,36
58655,19,36
58656,18,37
58657,18,36
58658,19,36
58659,18,36
58660,18,37
58661,18,35
58662,19,36
58663,18,35
58664,19,38
58665,18,36
58666,18,39
58667,18,36
58668,18,37
58669,18,38
58670,18,37
58671,18,36
58672,18,36
58673,19,36
58674,19,39
58675,18,37
58676,19,38
58677,18,36
58678,18,41
58679,18,38
58680,18,36
58681,18,37
58682,19,37
58683,18,36
58684,18,41
58685,18,37
58686,18,37
58687,18,37
58688,19,37
58689,19,38
58690,18,38
58691,18,36
58692,19,39
58693,19,36
58694,19,37
58695,18,38
58696,18,35
58697,18,37
58698,19,39
58699,18,36
58700,19,37
58701,18,37
58702,19,38
58703,19,37
58704,18,37
58705,19,38
58706,18,37
58707,18,38
58708,18,38
58709,18,37
58710,19,37
58711,18,39
58712,19,37
58713,18,36
58714,19,39
58715,18,37
58716,18,38
58717,19,35
58718,18,41
58719,18,37
58720,19,38
58721,18,37
58722,18,37
58723,18,40
58724,18,37
58725,19,37
58726,19,37
58727,18,38
58728,18,39
58729,19,36
58730,18,39
58731,18,35
58732,18,38
58733,18,38
58734,18,37
58735,19,36
58736,18,37
58737,19,36
58738,18,36
58739,18,35
58740,19,37
58741,19,37
58742,19,36
58743,19,37
58744,19,38
58745,18,37
58746,19,36
58747,18,38
58748,18,39
58749,18,37
58750,18,36
58751,18,40
58752,18,36
58753,18,37
58754,18,37
58755,19,36
58756,18,39
58757,18,38
58758,18,36
58759,18,37
58760,19,37
58761,19,38
58762,18,36
58763,19,38
58764,19,36
58765,19,37
58766,19,37
58767,18,38
58768,19,36
58769,18,37
58770,18,37
58771,19,40
58772,18,37
58773,19,36
58774,18,38
58775,19,35
58776,18,39
58777,19,35
58778,19,38
58779,18,38
58780,18,38
58781,19,38
58782,18,38
58783,18,36
58784,19,38
58785,19,35
58786,18,38
58787,18,37
58788,18,38
58789,18,37
58790,18,37
58791,18,37
58792,18,37
58793,19,37
58794,18,37
58795,18,36
58796,18,35
58797,18,37
58798,18,38
58799,18,36
58800,18,36
58801,18,36
58802,19,35
58803,19,40
58804,18,39
58805,19,38
58806,18,36
58807,18,37
58808,18,37
58809,19,38
58810,18,37
58811,19,36
58812,19,38
58813,18,37
58814,19,37
58815,19,37
58816,19,38
58817,19,37
58818,18,38
58819,19,35
58820,19,36
58821,19,38
58822,19,38
58823,18,37
58824,18,38
58825,19,38
58826,18,39
58827,18,35
58828,19,37
58829,18,36
58830,18,37
58831,18,38
58832,18,37
58833,19,37
58834,18,36
58835,18,36
58836,18,37
58837,19,38
58838,18,37
58839,19,38
58840,18,39
58841,18,37
58842,18,37
58843,18,37
58844,19,37
58845,18,36
58846,19,38
58847,18,36
58848,19,37
58849,18,37
58850,19,37
58851,18,38
58852,18,37
58853,18,37
58854,19,36
58855,19,38
58856,18,37
58857,18,37
58858,19,36
58859,19,37
58860,18,36
58861,19,39
58862,18,39
58863,18,34
58864,18,37
58865,19,36
58866,18,36
58867,19,37
58868,19,37
58869,19,37
58870,18,37
58871,19,37
58872,18,41
58873,19,36
58874,19,38
58875,19,37
58876,18,39
58877,19,37
58878,18,36
58879,19,39
58880,18,38
58881,19,40
58882,19,36
58883,19,38
58884,18,38
58885,18,36
58886,18,38
58887,19,38
58888,19,38
58889,18,38
58890,18,38
58891,18,38
58892,18,36
58893,18,36
58894,18,36
58895,19,38
58896,18,37
58897,19,36
58898,18,38
58899,18,39
58900,18,40
58901,19,36
58902,18,37
58903,19,36
58904,18,38
58905,18,36
58906,19,36
58907,18,35
58908,18,40
58909,19,38
58910,18,35
58911,18,38
58912,18,38
58913,19,36
58914,18,39
58915,19,38
58916,19,36
58917,19,37
58918,18,38
58919,18,38
58920,18,39
58921,19,35
58922,18,36
58923,19,38
58924,18,37
58925,19,36
58926,18,38
58927,19,36
58928,19,37
58929,18,38
58930,19,37
58931,18,36
58932,19,37
58933,18,39
58934,19,38
58935,18,35
58936,18,37
58937,19,37
58938,19,36
58939,18,34
58940,18,37
58941,19,37
58942,19,39
58943,18,35
58944,19,36
58945,18,39
58946,18,37
58947,18,37
58948,18,36
58949,18,40
58950,19,38
58951,19,35
58952,19,39
58953,18,40
58954,19,39
58955,19,39
58956,18,37
58957,18,36
58958,19,38
58959,18,36
58960,18,37
58961,19,38
58962,19,37
58963,18,38
58964,18,38
58965,18,38
58966,19,37
58967,19,36
58968,18,37
58969,18,38
58970,18,37
58971,18,37
58972,18,37
58973,19,37
58974,18,38
58975,18,38
58976,19,36
58977,18,36
58978,18,39
58979,19,38
58980,18,38
58981,18,37
58982,18,36
58983,19,37
58984,19,36
58985,19,39
58986,19,37
58987,18,39
58988,18,38
58989,18,39
58990,18,39
58991,19,37
58992,18,37
58993,18,39
58994,18,37
58995,19,38
58996,18,37
58997,18,35
58998,19,35
58999,19,37
59000,19,37
59001,18,39
59002,18,38
59003,18,38
59004,18,37
59005,18,36
59006,18,36
59007,19,38
59008,18,37
59009,19,36
59010,18,40
59011,18,37
59012,18,37
59013,19,37
59014,19,36
59015,18,38
59016,18,35
59017,18,37
59018,19,38
59019,19,38
59020,18,37
59021,19,38
59022,18,37
59023,18,38
59024,19,38
59025,19,39
59026,19,37
59027,18,36
59028,18,35
59029,18,36
59030,18,36
59031,19,36
59032,19,37
59033,19,35
59034,18,38
59035,18,37
59036,19,36
59037,19,37
59038,18,36
59039,18,37
59040,19,37
59041,19,36
59042,18,36
59043,18,36
59044,18,38
59045,18,39
59046,19,37
59047,19,36
59048,18,40
59049,18,38
59050,18,39
59051,19,38
59052,18,37
59053,19,37
59054,19,38
59055,19,38
59056,18,36
59057,18,38
59058,19,37
59059,18,38
59060,18,36
59061,18,38
59062,18,36
59063,18,37
59064,18,35
59065,19,34
59066,18,39
59067,19,41
59068,18,38
59069,18,36
59070,18,39
59071,18,38
59072,19,35
59073,18,37
59074,18,35
59075,18,37
59076,19,37
59077,18,36
59078,19,35
59079,19,36
59080,19,39
59081,19,35
59082,19,36
59083,19,38
59084,19,37
59085,18,38
59086,18,40
59087,18,37
59088,18,38
59089,18,36
59090,18,38
59091,18,37
59092,19,37
59093,18,38
59094,18,38
59095,18,36
59096,18,37
59097,18,37
59098,19,37
59099,18,35
59100,18,36
59101,18,38
59102,18,37
59103,18,38
59104,18,37
59105,18,38
59106,18,37
59107,18,39
59108,19,36
59109,19,39
59110,19,38
59111,19,38
59112,19,37
59113,19,37
59114,18,37
59115,19,39
59116,19,37
59117,18,37
59118,19,36
59119,18,38
59120,18,36
59121,18,38
59122,19,36
59123,19,37
59124,18,36
59125,18,39
59126,19,37
59127,18,39
59128,19,38
59129,19,38
59130,19,35
59131,18,36
59132,19,39
59133,18,36
59134,19,37
59135,18,35
59136,18,38
59137,19,38
59138,19,36
59139,18,38
59140,18,38
59141,18,37
59142,18,39
59143,19,37
59144,18,35
59145,18,38
59146,18,38
59147,18,38
59148,18,39
59149,18,36
59150,18,37
59151,19,36
59152,19,39
59153,18,35
59154,18,35
59155,19,38
59156,18,37
59157,18,39
59158,18,37
59159,19,34
59160,18,37
59161,18,38
59162,18,39
59163,19,36
59164,18,37
59165,18,38
59166,18,36
59167,19,38
59168,18,37
59169,18,38
59170,18,35
59171,18,35
59172,19,38
59173,18,35
59174,18,37
59175,18,38
59176,19,36
59177,18,35
59178,18,38
59179,18,37
59180,18,37
59181,18,39
59182,18,39
59183,18,41
59184,19,37
59185,18,36
59186,18,36
59187,19,36
59188,19,37
59189,18,37
59190,18,36
59191,18,37
59192,18,36
59193,19,39
59194,19,35
59195,18,37
59196,18,37
59197,18,35
59198,18,35
59199,19,36
59200,19,38
59201,18,36
59202,18,37
59203,19,37
59204,18,38
59205,18,39
59206,19,36
59207,19,36
59208,19,38
59209,19,37
59210,18,39
59211,18,38
59212,19,38
59213,18,37
59214,18,41
59215,18,38
59216,19,40
59217,19,35
59218,18,37
59219,18,39
59220,19,35
59221,18,37
59222,18,40
59223,18,38
59224,18,36
59225,18,36
59226,18,36
59227,18,36
59228,19,38
59229,18,37
59230,19,38
59231,18,37
59232,19,39
59233,19,37
59234,18,37
59235,19,36
59236,19,36
59237,18,37
59238,18,35
59239,18,37
59240,19,38
59241,18,38
59242,18,36
59243,19,38
59244,18,35
59245,18,35
59246,18,37
59247,18,37
59248,18,38
59249,19,36
59250,18,38
59251,19,38
59252,18,36
59253,18,35
59254,19,39
59255,18,39
59256,19,37
59257,19,38
59258,18,36
59259,18,36
59260,19,35
59261,18,39
59262,18,36
59263,18,36
59264,19,39
59265,19,37
59266,19,37
59267,18,37
59268,19,37
59269,19,39
59270,19,37
59271,19,38
59272,18,37
59273,18,35
59274,18,39
59275,19,38
59276,18,34
59277,18,36
59278,18,37
59279,19,36
59280,18,36
59281,19,36
59282,19,37
59283,18,40
59284,18,37
59285,18,36
59286,19,35
59287,19,36
59288,18,37
59289,18,36
59290,19,38
59291,19,37
59292,19,37
59293,19,36
59294,18,39
59295,19,36
59296,19,37
59297,18,34
59298,18,38
59299,18,36
59300,19,35
59301,18,35
59302,19,35
59303,19,39
59304,19,41
59305,18,36
59306,18,35
59307,18,37
59308,19,40
59309,19,36
59310,18,37
59311,18,35
59312,19,40
59313,19,38
59314,19,36
59315,19,36
59316,19,37
59317,19,37
59318,18,38
59319,18,38
59320,19,37
59321,18,38
59322,18,37
59323,19,37
59324,18,38
59325,18,40
59326,19,36
59327,19,37
59328,18,36
59329,19,37
59330,18,37
59331,19,39
59332,18,36
59333,19,38
59334,19,36
59335,19,37
59336,18,39
59337,18,35
59338,18,39
59339,19,38
59340,19,37
59341,18,40
59342,18,38
59343,18,35
59344,19,37
59345,19,36
59346,18,36
59347,18,41
59348,19,38
59349,18,37
59350,19,38
59351,18,37
59352,19,36
59353,18,39
59354,19,38
59355,18,37
59356,18,36
59357,18,37
59358,19,39
59359,18,37
59360,18,37
59361,18,37
59362,19,39
59363,19,36
59364,18,37
59365,18,36
59366,19,36
59367,18,35
59368,19,38
59369,18,37
59370,19,36
59371,19,38
59372,18,39
59373,18,37
59374,18,37
59375,19,38
59376,19,38
59377,18,36
59378,19,38
59379,18,37
59380,18,37
59381,18,37
59382,18,37
59383,18,39
59384,19,36
59385,18,35
59386,19,38
59387,18,37
59388,18,37
59389,19,37
59390,18,37
59391,18,37
59392,18,36
59393,18,36
59394,19,39
59395,19,37
59396,18,36
59397,18,38
59398,18,38
59399,19,36
59400,18,39
59401,18,37
59402,18,36
59403,18,40
59404,18,37
59405,19,38
59406,19,37
59407,18,37
59408,18,38
59409,19,36
59410,19,39
59411,18,38
59412,18,36
59413,18,40
59414,18,36
59415,19,37
59416,19,35
59417,19,38
59418,18,36
59419,18,36
59420,18,37
59421,18,39
59422,18,38
59423,18,39
59424,18,37
59425,19,41
59426,18,36
59427,19,35
59428,18,38
59429,19,38
59430,18,35
59431,18,37
59432,19,38
59433,19,35
59434,18,38
59435,18,39
59436,19,36
59437,18,37
59438,18,38
59439,18,37
59440,18,36
59441,18,36
59442,19,37
59443,18,36
59444,18,36
59445,19,37
59446,19,37
59447,19,38
59448,19,37
59449,19,38
59450,19,37
59451,18,38
59452,18,38
59453,18,36
59454,18,40
59455,19,37
59456,18,39
59457,19,37
59458,19,35
59459,18,38
59460,18,38
59461,19,36
59462,18,36
59463,18,36
59464,19,36
59465,18,37
59466,19,37
59467,19,36
59468,18,38
59469,18,37
59470,18,37
59471,18,35
59472,18,38
59473,18,37
59474,18,38
59475,18,38
59476,18,39
59477,19,38
59478,18,37
59479,18,36
59480,18,36
59481,18,35
59482,18,37
59483,19,37
59484,18,36
59485,18,40
59486,19,36
59487,18,37
59488,18,39
59489,19,39
59490,19,36
59491,18,37
59492,18,37
59493,19,37
59494,18,37
59495,18,37
59496,19,36
59497,19,36
59498,18,36
59499,19,37
59500,18,36
59501,18,38
59502,18,37
59503,18,37
59504,19,36
59505,18,37
59506,19,37
59507,19,39
59508,18,37
59509,18,38
59510,18,37
59511,18,38
59512,18,35
59513,18,38
59514,18,39
59515,19,37
59516,19,36
59517,18,38
59518,19,36
59519,19,37
59520,18,36
59521,19,38
59522,19,37
59523,18,38
59524,18,36
59525,18,36
59526,18,38
59527,18,37
59528,18,37
59529,18,36
59530,19,36
59531,19,36
59532,19,40
59533,19,38
59534,19,37
59535,18,37
59536,19,37
59537,19,36
59538,18,38
59539,19,39
59540,19,39
59541,18,37
59542,18,36
59543,19,38
59544,19,38
59545,19,35
59546,19,38
59547,18,38
59548,18,37
59549,18,36
59550,19,38
59551,18,39
59552,18,41
59553,19,38
59554,18,37
59555,19,38
59556,18,37
59557,19,37
59558,18,36
59559,19,39
59560,19,41
59561,19,36
59562,18,36
59563,18,36
59564,19,36
59565,19,39
59566,18,36
59567,19,38
59568,18,36
59569,19,37
59570,19,36
59571,18,37
59572,18,39
59573,18,36
59574,19,39
59575,18,37
59576,18,37
59577,19,38
59578,19,37
59579,18,39
59580,18,37
59581,19,37
59582,19,37
59583,18,37
59584,18,36
59585,19,38
59586,18,38
59587,18,37
59588,18,36
59589,18,36
59590,18,36
59591,19,37
59592,18,36
59593,18,37
59594,18,38
59595,18,35
59596,18,39
59597,19,38
59598,19,38
59599,18,37
59600,19,39
59601,18,36
59602,19,35
59603,19,37
59604,19,37
59605,18,37
59606,18,37
59607,18,38
59608,18,38
59609,19,38
59610,18,38
59611,19,36
59612,19,35
59613,18,38
59614,18,40
59615,18,39
59616,18,37
59617,19,36
59618,19,39
59619,18,36
59620,18,38
59621,18,35
59622,18,36
59623,19,36
59624,18,36
59625,18,38
59626,18,38
59627,18,39
59628,19,36
59629,19,37
59630,18,35
59631,18,37
59632,19,37
59633,18,37
59634,18,36
59635,18,36
59636,18,38
59637,18,36
59638,18,36
59639,19,38
59640,18,37
59641,18,40
59642,19,37
59643,19,40
59644,18,38
59645,19,37
59646,19,34
59647,18,37
59648,19,38
59649,18,38
59650,18,38
59651,19,39
59652,18,37
59653,19,39
59654,19,37
59655,18,37
59656,18,35
59657,18,36
59658,18,37
59659,18,35
59660,18,38
59661,18,37
59662,19,36
59663,18,38
59664,19,37
59665,19,35
59666,18,36
59667,18,38
59668,18,38
59669,18,37
59670,19,36
59671,18,37
59672,18,36
59673,18,35
59674,19,37
59675,18,38
59676,19,37
59677,18,39
59678,19,37
59679,18,38
59680,19,38
59681,19,39
59682,18,38
59683,19,37
59684,18,35
59685,18,38
59686,18,38
59687,19,39
59688,19,39
59689,19,38
59690,18,36
59691,19,36
59692,18,37
59693,18,35
59694,19,39
59695,18,38
59696,19,38
59697,18,37
59698,19,37
59699,19,36
59700,18,38
59701,18,38
59702,18,36
59703,19,38
59704,19,38
59705,19,36
59706,18,39
59707,18,35
59708,18,37
59709,18,38
59710,19,37
59711,18,36
59712,19,37
59713,19,38
59714,18,38
59715,18,41
59716,19,36
59717,19,36
59718,18,38
59719,18,38
59720,19,39
59721,19,38
59722,19,35
59723,19,36
59724,19,35
59725,18,36
59726,18,37
59727,19,36
59728,18,37
59729,18,38
59730,18,36
59731,19,38
59732,18,37
59733,18,36
59734,19,37
59735,18,39
59736,19,38
59737,18,38
59738,18,39
59739,19,37
59740,19,37
59741,18,35
59742,19,38
59743,19,36
59744,19,35
59745,19,36
59746,18,36
59747,18,35
59748,18,36
59749,18,36
59750,18,36
59751,18,39
59752,18,36
59753,18,39
59754,19,39
59755,19,36
59756,19,39
59757,18,35
59758,19,37
59759,18,36
59760,18,38
59761,18,37
59762,19,37
59763,18,36
59764,19,38
59765,18,35
59766,19,37
59767,18,38
59768,19,39
59769,19,38
59770,18,36
59771,19,38
59772,19,40
59773,19,37
59774,18,36
59775,18,37
59776,18,37
59777,18,37
59778,18,37
59779,19,36
59780,18,37
59781,19,38
59782,19,38
59783,18,38
59784,19,36
59785,19,37
59786,19,36
59787,18,37
59788,18,37
59789,18,36
59790,18,37
59791,19,35
59792,18,37
59793,19,38
59794,18,36
59795,19,37
59796,18,39
59797,19,40
59798,18,38
59799,18,37
59800,18,37
59801,18,36
59802,18,38
59803,19,38
59804,19,37
59805,18,36
59806,19,36
59807,19,36
59808,18,38
59809,18,36
59810,18,38
59811,18,36
59812,18,36
59813,19,38
59814,19,35
59815,18,40
59816,19,36
59817,19,39
59818,18,36
59819,18,38
59820,18,40
59821,19,38
59822,18,39
59823,18,37
59824,18,38
59825,19,37
59826,19,39
59827,19,36
59828,19,38
59829,18,37
59830,18,39
59831,19,36
59832,18,36
59833,18,37
59834,19,37
59835,18,35
59836,19,38
59837,18,37
59838,19,35
59839,18,37
59840,19,38
59841,18,37
59842,19,37
59843,18,38
59844,18,37
59845,18,35
59846,18,37
59847,18,36
59848,19,37
59849,18,37
59850,18,36
59851,19,36
59852,19,37
59853,19,37
59854,19,38
59855,18,38
59856,19,36
59857,19,35
59858,19,36
59859,19,37
59860,19,37
59861,18,37
59862,18,37
59863,19,36
59864,18,37
59865,18,36
59866,18,37
59867,18,38
59868,18,39
59869,18,37
59870,19,36
59871,19,39
59872,19,38
59873,19,37
59874,19,36
59875,19,35
59876,18,35
59877,18,40
59878,18,36
59879,18,40
59880,18,36
59881,19,37
59882,18,38
59883,19,38
59884,18,38
59885,19,35
59886,19,37
59887,18,38
59888,19,37
59889,18,38
59890,18,35
59891,18,39
59892,18,37
59893,18,38
59894,19,36
59895,19,39
59896,19,36
59897,18,39
59898,18,37
59899,18,36
59900,19,38
59901,19,39
59902,19,38
59903,18,35
59904,18,38
59905,18,38
59906,19,37
59907,18,37
59908,18,37
59909,19,37
59910,18,41
59911,18,37
59912,19,35
59913,18,37
59914,18,38
59915,19,37
59916,19,36
59917,19,37
59918,19,37
59919,18,36
59920,18,36
59921,19,40
59922,19,37
59923,18,36
59924,19,35
59925,18,38
59926,18,36
59927,19,37
59928,19,38
59929,19,40
59930,19,38
59931,18,39
59932,19,36
59933,19,36
59934,19,37
59935,19,35
59936,18,39
59937,18,38
59938,19,35
59939,19,36
59940,19,35
59941,19,37
59942,18,39
59943,18,38
59944,18,35
59945,19,38
59946,19,39
59947,18,35
59948,18,37
59949,18,38
59950,19,38
59951,19,36
59952,18,38
59953,18,38
59954,18,38
59955,18,37
59956,19,38
59957,18,37
59958,18,37
59959,18,35
59960,18,37
59961,18,38
59962,18,37
59963,18,36
59964,19,38
59965,19,38
59966,19,39
59967,18,37
59968,19,37
59969,18,38
59970,19,38
59971,19,35
59972,19,37
59973,18,40
59974,18,36
59975,18,36
59976,19,37
59977,18,36
59978,18,35
59979,18,36
59980,18,38
59981,18,38
59982,19,35
59983,19,38
59984,18,39
59985,19,37
59986,18,35
59987,19,37
59988,18,36
59989,19,35
59990,19,37
59991,18,36
59992,19,37
59993,18,35
59994,18,40
59995,19,38
59996,19,37
59997,19,36
59998,19,36
59999,18,36
60000,19,38
60001,18,36
60002,19,37
60003,18,37
60004,19,36
60005,19,35
60006,18,36
60007,18,39
60008,19,37
60009,19,36
60010,18,37
60011,19,38
60012,18,37
60013,18,37
60014,19,38
60015,18,38
60016,19,36
60017,18,37
60018,18,38
60019,19,39
60020,19,36
60021,19,36
60022,18,34
60023,18,36
60024,18,36
60025,18,36
60026,19,38
60027,18,39
60028,18,36
60029,18,38
60030,18,38
60031,19,37
60032,18,39
60033,19,36
60034,19,42
60035,18,38
60036,18,37
60037,19,36
60038,18,38
60039,19,36
60040,19,38
60041,18,35
60042,18,37
60043,18,38
60044,18,37
60045,19,37
60046,19,37
60047,19,35
60048,19,36
60049,19,36
60050,19,35
60051,18,38
60052,18,36
60053,18,37
60054,18,36
60055,18,38
60056,18,37
60057,19,39
60058,19,39
60059,19,40
60060,19,37
60061,18,39
60062,19,36
60063,18,36
60064,19,38
60065,19,36
60066,18,38
60067,18,37
60068,19,37
60069,18,41
60070,19,37
60071,18,40
60072,18,35
60073,19,38
60074,18,36
60075,19,36
60076,18,35
60077,18,37
60078,19,39
60079,19,36
60080,19,38
60081,19,39
60082,18,37
60083,19,38
60084,18,39
60085,18,39
60086,18,38
60087,19,37
60088,18,36
60089,19,37
60090,19,36
60091,19,38
60092,19,37
60093,18,39
60094,19,36
60095,18,38
60096,19,38
60097,18,35
60098,19,36
60099,18,36
60100,19,38
60101,19,36
60102,19,36
60103,18,39
60104,19,36
60105,19,38
60106,19,37
60107,19,36
60108,19,36
60109,18,35
60110,18,37
60111,18,37
60112,19,37
60113,18,37
60114,19,36
60115,18,40
60116,19,37
60117,19,38
60118,19,37
60119,19,35
60120,19,36
60121,18,40
60122,18,38
60123,19,35
60124,18,38
60125,18,37
60126,19,37
60127,18,36
60128,19,36
60129,18,38
60130,18,37
60131,18,37
60132,18,36
60133,18,39
60134,18,36
60135,18,37
60136,18,37
60137,19,38
60138,18,36
60139,18,38
60140,19,39
60141,18,37
60142,18,37
60143,18,38
60144,18,38
60145,18,38
60146,19,37
60147,18,38
60148,18,37
60149,18,37
60150,18,37
60151,18,38
60152,19,38
60153,19,38
60154,18,36
60155,18,38
60156,18,37
60157,18,39
60158,19,36
60159,18,37
60160,19,36
60161,19,34
60162,19,35
60163,18,38
60164,19,37
60165,18,37
60166,19,37
60167,18,37
60168,18,36
60169,18,37
60170,18,37
60171,18,37
60172,18,36
60173,18,38
60174,18,38
60175,19,37
60176,19,36
60177,19,37
60178,19,36
60179,18,37
60180,18,37
60181,19,36
60182,18,37
60183,18,36
60184,19,36
60185,18,36
60186,19,39
60187,19,35
60188,19,37
60189,19,38
60190,19,38
60191,18,35
60192,18,37
60193,18,36
60194,19,36
60195,19,37
60196,18,37
60197,18,37
60198,19,37
60199,19,36
60200,18,35
60201,19,38
60202,18,35
60203,18,36
60204,18,39
60205,18,38
60206,18,38
60207,18,38
60208,19,36
60209,18,39
60210,19,38
60211,18,37
60212,19,38
60213,18,37
60214,19,35
60215,19,36
60216,18,35
60217,18,35
60218,18,38
60219,18,35
60220,18,38
60221,18,36
60222,19,40
60223,19,35
60224,18,39
60225,18,38
60226,19,36
60227,18,35
60228,18,36
60229,18,39
60230,18,38
60231,19,37
60232,18,38
60233,19,37
60234,19,36
60235,19,35
60236,18,36
60237,19,36
60238,18,36
60239,18,36
60240,18,38
60241,19,40
60242,19,38
60243,19,38
60244,19,37
60245,19,38
60246,18,37
60247,19,37
60248,18,36
60249,18,38
60250,19,37
60251,19,38
60252,19,36
60253,18,36
60254,19,37
60255,19,37
60256,18,38
60257,19,37
60258,18,37
60259,19,40
60260,19,37
60261,19,37
60262,19,37
60263,19,38
60264,19,39
60265,19,39
60266,18,36
60267,19,40
60268,18,37
60269,19,38
60270,19,38
60271,18,38
60272,19,38
60273,18,38
60274,19,38
60275,19,36
60276,19,37
60277,19,38
60278,19,37
60279,19,36
60280,19,38
60281,19,39
60282,18,37
60283,18,35
60284,19,37
60285,18,36
60286,18,37
60287,18,39
60288,18,37
60289,19,37
60290,19,37
60291,18,39
60292,19,36
60293,19,37
60294,19,36
60295,18,39
60296,19,36
60297,19,37
60298,19,36
60299,19,39
60300,18,36
60301,18,36
60302,19,36
60303,18,37
60304,19,39
60305,19,34
60306,18,38
60307,19,35
60308,18,38
60309,18,37
60310,18,37
60311,18,36
60312,18,35
60313,18,38
60314,19,37
60315,19,35
60316,18,41
60317,19,37
60318,18,36
60319,18,38
60320,19,37
60321,19,37
60322,19,36
60323,18,36
60324,19,38
60325,18,37
60326,19,38
60327,19,37
60328,19,36
60329,18,37
60330,19,36
60331,18,36
60332,18,40
60333,18,40
60334,19,39
60335,19,38
60336,19,37
60337,19,37
60338,19,39
60339,19,38
60340,19,38
60341,18,37
60342,19,37
60343,18,39
60344,19,39
60345,19,38
60346,18,37
60347,18,36
60348,19,36
60349,19,37
60350,19,38
60351,18,37
60352,19,37
60353,18,36
60354,19,35
60355,19,37
60356,19,36
60357,19,39
60358,18,38
60359,18,42
60360,18,36
60361,18,39
60362,19,39
60363,18,36
60364,19,35
60365,19,37
60366,18,37
60367,18,37
60368,18,37
60369,18,40
60370,18,37
60371,18,38
60372,19,37
60373,18,37
60374,19,36
60375,19,37
60376,18,35
60377,19,38
60378,19,37
60379,18,36
60380,19,36
60381,19,37
60382,18,36
60383,19,37
60384,18,38
60385,19,38
60386,19,36
60387,19,36
60388,19,35
60389,18,36
60390,18,38
60391,19,39
60392,19,35
60393,19,37
60394,19,39
60395,18,38
60396,19,38
60397,18,38
60398,18,36
60399,18,39
60400,18,36
60401,18,37
60402,19,36
60403,18,36
60404,18,39
60405,19,36
60406,19,37
60407,19,39
60408,19,37
60409,18,38
60410,18,38
60411,18,36
60412,18,37
60413,19,37
60414,19,38
60415,19,37
60416,19,36
60417,19,35
60418,18,38
60419,18,39
60420,19,38
60421,19,39
60422,18,36
60423,18,37
60424,19,39
60425,18,38
60426,18,40
60427,18,36
60428,18,38
60429,18,36
60430,18,36
60431,18,37
60432,19,36
60433,18,38
60434,19,36
60435,19,37
60436,19,36
60437,19,40
60438,19,37
60439,18,35
60440,18,35
60441,19,36
60442,19,36
60443,19,37
60444,19,35
60445,18,41
60446,18,39
60447,18,40
60448,18,37
60449,18,36
60450,19,36
60451,19,39
60452,19,36
60453,19,38
60454,19,37
60455,18,38
60456,19,37
60457,19,37
60458,19,36
60459,19,35
60460,19,35
60461,18,36
60462,19,37
60463,19,38
60464,19,38
60465,19,37
60466,18,38
60467,18,37
60468,18,38
60469,19,37
60470,18,36
60471,19,38
60472,18,38
60473,18,38
60474,18,38
60475,18,37
60476,18,36
60477,19,36
60478,18,39
60479,19,37
60480,18,36
60481,19,38
60482,19,38
60483,18,38
60484,19,39
60485,19,37
60486,18,39
60487,18,39
60488,19,39
60489,18,35
60490,19,37
60491,19,38
60492,18,36
60493,19,36
60494,19,37
60495,18,36
60496,19,38
60497,19,38
60498,19,36
60499,19,36
60500,18,36
60501,19,36
60502,19,36
60503,19,37
60504,19,38
60505,19,40
60506,18,36
60507,19,38
60508,18,37
60509,19,37
60510,19,37
60511,19,37
60512,19,35
60513,19,37
60514,19,38
60515,18,37
60516,19,38
60517,18,38
60518,19,37
60519,18,38
60520,18,36
60521,19,37
60522,18,38
60523,18,37
60524,18,35
60525,19,38
60526,19,35
60527,18,36
60528,18,38
60529,18,37
60530,19,38
60531,18,38
60532,19,37
60533,18,37
60534,18,36
60535,18,37
60536,18,37
60537,18,37
60538,19,36
60539,18,39
60540,18,39
60541,19,39
60542,18,34
60543,19,35
60544,18,37
60545,18,36
60546,19,36
60547,18,37
60548,18,37
60549,18,39
60550,18,35
60551,19,37
60552,18,37
60553,18,37
60554,19,37
60555,19,38
60556,19,37
60557,19,37
60558,18,38
60559,19,36
60560,19,38
60561,19,36
60562,18,35
60563,18,37
60564,18,40
60565,19,37
60566,19,37
60567,19,37
60568,19,39
60569,19,38
60570,18,36
60571,18,39
60572,19,37
60573,19,38
60574,19,37
60575,19,38
60576,18,39
60577,18,37
60578,18,37
60579,19,38
60580,18,38
60581,18,36
60582,18,38
60583,18,40
60584,19,37
60585,19,39
60586,18,35
60587,18,36
60588,18,36
60589,18,36
60590,18,37
60591,18,36
60592,19,38
60593,18,36
60594,19,37
60595,19,36
60596,18,37
60597,18,37
60598,18,39
60599,19,38
60600,19,37
60601,19,40
60602,19,39
60603,19,38
60604,19,37
60605,18,37
60606,19,38
60607,19,38
60608,19,36
60609,19,37
60610,18,38
60611,19,39
60612,19,38
60613,19,36
60614,18,38
60615,19,38
60616,19,36
60617,18,42
60618,18,39
60619,18,36
60620,18,37
60621,19,39
60622,18,36
60623,18,37
60624,19,40
60625,18,37
60626,19,37
60627,19,36
60628,19,36
60629,19,36
60630,18,36
60631,18,37
60632,18,38
60633,18,38
60634,19,38
60635,19,40
60636,18,36
60637,19,39
60638,18,37
60639,19,37
60640,19,37
60641,18,39
60642,19,36
60643,19,36
60644,18,39
60645,19,37
60646,19,37
60647,19,39
60648,19,38
60649,18,36
60650,19,35
60651,18,39
60652,18,37
60653,19,37
60654,19,37
60655,18,37
60656,18,38
60657,19,38
60658,18,38
60659,19,40
60660,18,37
60661,19,39
60662,18,38
60663,19,39
60664,19,37
60665,18,37
60666,18,37
60667,18,39
60668,19,36
60669,19,36
60670,18,38
60671,19,37
60672,18,36
60673,19,37
60674,19,38
60675,19,36
60676,18,37
60677,19,36
60678,19,38
60679,18,36
60680,19,38
60681,18,39
60682,19,37
60683,19,39
60684,18,37
60685,18,35
60686,18,36
60687,18,38
60688,18,38
60689,19,36
60690,19,38
60691,19,38
60692,19,37
60693,18,38
60694,18,38
60695,19,38
60696,19,36
60697,19,37
60698,19,36
60699,18,38
60700,18,37
60701,18,38
60702,19,35
60703,19,37
60704,19,36
60705,19,38
60706,19,37
60707,19,38
60708,19,38
60709,19,36
60710,18,37
60711,19,37
60712,19,37
60713,18,38
60714,18,36
60715,19,35
60716,19,37
60717,18,37
60718,18,35
60719,18,37
60720,19,35
60721,18,36
60722,19,37
60723,19,37
60724,18,39
60725,19,39
60726,19,37
60727,19,37
60728,19,37
60729,18,36
60730,19,38
60731,19,38
60732,19,38
60733,18,37
60734,19,37
60735,19,36
60736,19,38
60737,19,37
60738,19,36
60739,18,39
60740,18,40
60741,18,39
60742,19,37
60743,18,37
60744,18,37
60745,18,37
60746,19,38
60747,19,37
60748,19,37
60749,18,37
60750,19,37
60751,19,36
60752,19,36
60753,19,35
60754,19,38
60755,19,38
60756,18,36
60757,19,36
60758,19,37
60759,18,37
60760,19,37
60761,18,36
60762,18,37
60763,19,39
60764,19,38
60765,18,39
60766,19,36
60767,19,37
60768,18,37
60769,18,37
60770,18,37
60771,18,37
60772,19,36
60773,18,38
60774,19,36
60775,19,40
60776,19,37
60777,18,37
60778,19,39
60779,19,37
60780,19,36
60781,18,36
60782,18,36
60783,18,37
60784,19,36
60785,18,38
60786,19,38
60787,18,37
60788,18,37
60789,18,38
60790,19,35
60791,19,39
60792,19,36
60793,19,36
60794,19,37
60795,18,39
60796,19,39
60797,18,36
60798,18,39
60799,19,39
60800,19,37
60801,19,38
60802,18,37
60803,19,34
60804,19,35
60805,19,37
60806,18,38
60807,19,39
60808,19,36
60809,19,39
60810,19,37
60811,18,36
60812,19,39
60813,19,36
60814,18,36
60815,18,38
60816,19,38
60817,18,37
60818,18,40
60819,19,38
60820,18,39
60821,18,37
60822,19,37
60823,18,40
60824,18,37
60825,18,37
60826,18,37
60827,19,37
60828,19,39
60829,19,38
60830,18,37
60831,19,36
60832,18,37
60833,18,37
60834,18,35
60835,19,38
60836,19,36
60837,19,36
60838,18,36
60839,19,37
60840,18,36
60841,18,37
60842,18,39
60843,18,38
60844,18,39
60845,19,37
60846,19,37
60847,19,36
60848,19,36
60849,18,37
60850,19,37
60851,18,35
60852,19,37
60853,18,38
60854,18,39
60855,18,37
60856,18,39
60857,18,38
60858,19,37
60859,18,37
60860,18,38
60861,18,39
60862,19,37
60863,18,37
60864,18,37
60865,18,40
60866,18,36
60867,18,35
60868,19,39
60869,18,39
60870,19,36
60871,19,36
60872,18,38
60873,19,37
60874,18,38
60875,19,35
60876,18,34
60877,19,37
60878,18,37
60879,19,37
60880,18,35
60881,19,35
60882,19,38
60883,19,39
60884,18,37
60885,18,36
60886,18,36
60887,18,37
60888,18,36
60889,18,36
60890,18,35
60891,18,35
60892,18,38
60893,19,37
60894,19,40
60895,19,39
60896,18,37
60897,18,37
60898,19,39
60899,18,36
60900,19,39
60901,18,38
60902,19,37
60903,18,37
60904,19,37
60905,18,35
60906,18,38
60907,19,37
60908,18,37
60909,19,37
60910,18,37
60911,18,35
60912,19,38
60913,19,37
60914,18,37
60915,18,37
60916,18,39
60917,18,34
60918,19,40
60919,18,37
60920,19,36
60921,18,37
60922,19,39
60923,19,38
60924,19,35
60925,18,38
60926,18,36
60927,18,38
60928,19,38
60929,19,37
60930,18,38
60931,19,38
60932,19,39
60933,19,39
60934,18,37
60935,19,38
60936,18,36
60937,18,36
60938,19,37
60939,19,37
60940,18,35
60941,18,38
60942,19,38
60943,19,39
60944,19,38
60945,18,38
60946,19,40
60947,19,37
60948,18,38
60949,18,36
60950,18,36
60951,19,37
60952,19,38
60953,19,39
60954,18,37
60955,18,36
60956,18,39
60957,19,38
60958,18,35
60959,18,39
60960,18,36
60961,19,35
60962,18,37
60963,19,37
60964,18,38
60965,18,39
60966,18,35
60967,19,37
60968,18,37
60969,19,41
60970,19,39
60971,18,35
60972,19,36
60973,19,36
60974,18,39
60975,18,37
60976,18,37
60977,19,38
60978,18,39
60979,18,37
60980,19,37
60981,19,37
60982,18,36
60983,18,36
60984,18,36
60985,19,38
60986,19,39
60987,18,37
60988,19,36
60989,18,37
60990,19,35
60991,18,36
60992,19,38
60993,19,38
60994,18,38
60995,19,37
60996,18,37
60997,18,36
60998,19,40
60999,18,36
61000,18,37
61001,19,37
61002,19,39
61003,19,37
61004,18,37
61005,18,39
61006,19,39
61007,19,37
61008,19,37
61009,19,38
61010,18,36
61011,18,36
61012,19,38
61013,19,35
61014,18,38
61015,18,39
61016,19,38
61017,19,39
61018,19,37
61019,19,38
61020,19,35
61021,19,35
61022,18,36
61023,18,38
61024,18,36
61025,19,37
61026,18,35
61027,18,37
61028,19,36
61029,19,35
61030,18,36
61031,19,36
61032,18,37
61033,18,37
61034,18,37
61035,19,36
61036,18,38
61037,18,36
61038,18,36
61039,19,38
61040,19,38
61041,19,38
61042,18,35
61043,19,36
61044,18,36
61045,19,39
61046,18,36
61047,19,38
61048,18,36
61049,19,37
61050,19,38
61051,19,40
61052,18,37
61053,18,36
61054,19,37
61055,19,36
61056,19,38
61057,19,38
61058,18,36
61059,18,36
61060,18,38
61061,18,36
61062,18,36
61063,18,37
61064,19,38
61065,18,37
61066,18,37
61067,19,38
61068,19,38
61069,19,36
61070,19,36
61071,18,38
61072,19,39
61073,19,36
61074,19,37
61075,19,37
61076,18,37
61077,19,37
61078,18,37
61079,19,35
61080,19,37
61081,18,37
61082,18,36
61083,19,37
61084,18,37
61085,19,37
61086,18,36
61087,19,38
61088,18,36
61089,18,36
61090,19,37
61091,18,38
61092,19,37
61093,18,41
61094,18,39
61095,19,35
61096,19,36
61097,19,41
61098,19,36
61099,18,38
61100,18,36
61101,19,35
61102,19,37
61103,18,38
61104,18,37
61105,19,37
61106,18,39
61107,19,37
61108,19,38
61109,18,38
61110,19,36
61111,19,37
61112,19,36
61113,18,38
61114,19,36
61115,19,35
61116,18,38
61117,19,37
61118,19,37
61119,19,37
61120,18,37
61121,19,39
61122,19,40
61123,18,37
61124,18,36
61125,19,37
61126,19,39
61127,19,37
61128,18,37
61129,19,37
61130,18,38
61131,18,40
61132,19,36
61133,18,36
61134,19,36
61135,18,36
61136,18,39
61137,19,38
61138,18,36
61139,19,36
61140,18,37
61141,19,35
61142,19,38
61143,19,37
61144,19,38
61145,18,37
61146,19,39
61147,19,37
61148,19,36
61149,18,37
61150,18,37
61151,19,38
61152,18,38
61153,19,36
61154,19,38
61155,19,39
61156,19,37
61157,18,35
61158,18,39
61159,19,38
61160,19,38
61161,18,37
61162,18,36
61163,19,36
61164,19,38
61165,19,37
61166,19,35
61167,18,39
61168,18,39
61169,19,37
61170,19,37
61171,18,38
61172,18,36
61173,19,36
61174,19,38
61175,19,37
61176,18,37
61177,19,37
61178,19,38
61179,18,37
61180,19,37
61181,18,37
61182,19,38
61183,19,37
61184,18,35
61185,19,38
61186,18,36
61187,19,37
61188,19,37
61189,19,38
61190,18,37
61191,19,35
61192,18,38
61193,19,38
61194,19,36
61195,19,36
61196,19,37
61197,18,37
61198,18,38
61199,18,36
61200,19,35
61201,18,39
61202,18,37
61203,19,37
61204,18,36
61205,19,39
61206,19,37
61207,18,36
61208,19,35
61209,18,38
61210,18,36
61211,19,36
61212,18,37
61213,18,38
61214,19,36
61215,18,35
61216,19,37
61217,19,38
61218,18,37
61219,19,40
61220,19,36
61221,18,37
61222,19,40
61223,19,38
61224,18,35
61225,18,37
61226,19,35
61227,19,37
61228,19,38
61229,18,36
61230,19,38
61231,19,38
61232,19,35
61233,19,40
61234,19,37
61235,19,36
61236,18,35
61237,18,36
61238,19,37
61239,19,35
61240,19,39
61241,18,35
61242,18,34
61243,18,38
61244,18,38
61245,19,37
61246,19,40
61247,19,38
61248,18,37
61249,18,36
61250,18,37
61251,18,37
61252,19,39
61253,19,36
61254,19,38
61255,19,37
61256,18,37
61257,18,36
61258,19,36
61259,18,36
61260,18,35
61261,18,38
61262,19,37
61263,18,37
61264,18,37
61265,19,37
61266,19,37
61267,18,39
61268,19,37
61269,18,36
61270,19,40
61271,18,40
61272,18,38
61273,18,40
61274,19,37
61275,19,37
61276,19,35
61277,19,37
61278,18,36
61279,18,38
61280,19,39
61281,19,37
61282,18,36
61283,18,36
61284,18,38
61285,19,35
61286,19,37
61287,19,36
61288,19,37
61289,18,37
61290,19,36
61291,19,38
61292,19,39
61293,18,39
61294,19,40
61295,18,37
61296,19,35
61297,19,37
61298,18,37
61299,19,37
61300,19,38
61301,19,38
61302,19,38
61303,19,38
61304,19,38
61305,18,39
61306,18,37
61307,18,37
61308,18,38
61309,18,37
61310,18,36
61311,19,37
61312,18,37
61313,19,39
61314,19,37
61315,19,36
61316,19,37
61317,18,36
61318,19,38
61319,18,36
61320,19,38
61321,18,37
61322,19,38
61323,18,36
61324,19,38
61325,19,38
61326,18,36
61327,18,36
61328,18,39
61329,19,36
61330,19,36
61331,19,38
61332,19,38
61333,19,36
61334,19,38
61335,19,38
61336,19,37
61337,19,38
61338,18,36
61339,18,37
61340,19,37
61341,19,40
61342,19,37
61343,19,37
61344,18,36
61345,18,37
61346,18,38
61347,19,37
61348,18,38
61349,19,36
61350,18,37
61351,19,40
61352,18,39
61353,18,37
61354,19,37
61355,18,41
61356,18,39
61357,19,36
61358,19,36
61359,18,39
61360,19,38
61361,18,39
61362,19,40
61363,19,36
61364,19,36
61365,19,40
61366,18,38
61367,19,38
61368,18,37
61369,19,37
61370,19,36
61371,18,38
61372,18,38
61373,18,36
61374,18,38
61375,19,39
61376,18,37
61377,18,40
61378,19,36
61379,18,36
61380,18,39
61381,18,38
61382,18,37
61383,18,38
61384,19,37
61385,19,38
61386,19,35
61387,19,37
61388,18,36
61389,18,37
61390,18,36
61391,19,38
61392,19,35
61393,18,40
61394,18,37
61395,19,36
61396,19,36
61397,18,36
61398,19,38
61399,19,37
61400,18,36
61401,18,37
61402,18,35
61403,19,40
61404,19,37
61405,18,38
61406,19,36
61407,18,37
61408,19,36
61409,18,39
61410,18,40
61411,18,36
61412,18,37
61413,18,37
61414,19,37
61415,19,35
61416,18,39
61417,18,36
61418,19,36
61419,18,37
61420,18,37
61421,19,38
61422,18,37
61423,18,37
61424,19,38
61425,18,37
61426,18,39
61427,18,39
61428,18,37
61429,19,35
61430,19,40
61431,19,36
61432,18,37
61433,19,36
61434,18,37
61435,19,37
61436,18,38
61437,19,36
61438,18,40
61439,18,37
61440,19,37
61441,19,37
61442,19,37
61443,19,39
61444,18,37
61445,18,38
61446,18,36
61447,19,36
61448,19,36
61449,19,36
61450,19,35
61451,19,38
61452,19,39
61453,19,38
61454,18,37
61455,19,36
61456,18,36
61457,19,35
61458,19,36
61459,19,38
61460,18,37
61461,18,38
61462,19,36
61463,19,38
61464,18,37
61465,19,35
61466,18,37
61467,19,37
61468,19,37
61469,18,37
61470,19,38
61471,19,37
61472,19,38
61473,18,38
61474,19,38
61475,19,39
61476,18,37
61477,19,39
61478,18,39
61479,18,40
61480,19,36
61481,19,36
61482,19,34
61483,18,37
61484,19,38
61485,19,37
61486,19,37
61487,19,37
61488,19,37
61489,19,35
61490,18,38
61491,19,37
61492,19,37
61493,19,38
61494,19,35
61495,19,36
61496,18,38
61497,19,37
61498,19,38
61499,18,37
61500,19,38
61501,18,38
61502,18,38
61503,19,39
61504,18,37
61505,19,36
61506,18,39
61507,19,37
61508,18,39
61509,18,37
61510,18,37
61511,18,37
61512,19,35
61513,19,37
61514,19,39
61515,19,36
61516,19,36
61517,19,37
61518,18,39
61519,18,37
61520,18,37
61521,18,40
61522,19,37
61523,18,36
61524,18,37
61525,18,37
61526,19,38
61527,18,37
61528,19,37
61529,19,35
61530,19,37
61531,19,36
61532,19,37
61533,18,36
61534,18,37
61535,19,36
61536,19,37
61537,19,36
61538,19,39
61539,19,36
61540,19,38
61541,19,37
61542,19,37
61543,18,37
61544,19,39
61545,19,35
61546,19,37
61547,18,37
61548,19,37
61549,19,39
61550,19,37
61551,18,37
61552,18,38
61553,19,38
61554,19,38
61555,19,37
61556,18,39
61557,18,39
61558,19,36
61559,19,37
61560,18,38
61561,19,37
61562,18,38
61563,18,40
61564,19,38
61565,19,38
61566,18,38
61567,19,36
61568,18,37
61569,19,37
61570,18,35
61571,18,38
61572,18,38
61573,18,38
61574,18,40
61575,19,38
61576,19,38
61577,19,36
61578,19,36
61579,19,37
61580,18,36
61581,19,38
61582,19,38
61583,18,37
61584,19,39
61585,19,38
61586,19,38
61587,18,36
61588,19,37
61589,19,35
61590,19,37
61591,18,39
61592,19,36
61593,19,38
61594,19,38
61595,19,38
61596,19,38
61597,18,40
61598,19,35
61599,18,37
61600,18,37
61601,18,37
61602,19,37
61603,19,39
61604,18,40
61605,19,35
61606,18,38
61607,19,36
61608,18,38
61609,18,36
61610,19,36
61611,19,37
61612,19,35
61613,19,37
61614,18,36
61615,19,37
61616,19,37
61617,18,36
61618,19,40
61619,18,36
61620,19,37
61621,18,37
61622,19,37
61623,18,36
61624,19,37
61625,19,38
61626,18,36
61627,19,36
61628,19,39
61629,19,37
61630,18,37
61631,19,37
61632,18,35
61633,19,35
61634,19,37
61635,18,38
61636,19,36
61637,18,38
61638,19,38
61639,18,36
61640,19,38
61641,18,37
61642,18,36
61643,19,41
61644,19,41
61645,19,38
61646,19,37
61647,18,36
61648,19,36
61649,18,38
61650,19,38
61651,19,36
61652,18,38
61653,19,37
61654,19,36
61655,18,35
61656,19,40
61657,19,38
61658,19,36
61659,19,38
61660,19,38
61661,19,37
61662,19,37
61663,19,37
61664,19,38
61665,18,37
61666,19,40
61667,19,37
61668,18,37
61669,19,35
61670,19,37
61671,18,35
61672,18,38
61673,18,38
61674,19,37
61675,19,39
61676,18,37
61677,19,36
61678,18,39
61679,19,38
61680,18,36
61681,18,36
61682,18,38
61683,19,37
61684,18,36
61685,18,39
61686,18,36
61687,19,36
61688,19,36
61689,19,35
61690,18,37
61691,19,38
61692,19,40
61693,19,36
61694,18,38
61695,18,36
61696,19,39
61697,19,37
61698,19,38
61699,18,36
61700,19,37
61701,19,36
61702,18,37
61703,18,39
61704,19,37
61705,19,35
61706,18,37
61707,19,40
61708,19,37
61709,19,37
61710,18,37
61711,18,37
61712,19,37
61713,19,37
61714,19,36
61715,18,36
61716,18,40
61717,19,36
61718,18,41
61719,19,35
61720,19,37
61721,19,37
61722,19,36
61723,18,39
61724,19,37
61725,19,39
61726,19,38
61727,19,37
61728,18,37
61729,18,40
61730,18,35
61731,19,36
61732,19,40
61733,18,41
61734,19,38
61735,19,38
61736,18,39
61737,19,38
61738,19,37
61739,19,36
61740,19,36
61741,19,39
61742,18,36
61743,18,36
61744,18,36
61745,19,38
61746,19,36
61747,18,39
61748,19,39
61749,18,37
61750,18,38
61751,19,38
61752,19,37
61753,18,38
61754,19,37
61755,19,38
61756,18,37
61757,18,36
61758,19,36
61759,19,38
61760,19,37
61761,18,37
61762,19,38
61763,18,37
61764,19,37
61765,18,37
61766,19,38
61767,19,37
61768,19,36
61769,19,40
61770,18,39
61771,18,37
61772,18,36
61773,19,41
61774,19,37
61775,18,37
61776,19,36
61777,18,37
61778,18,39
61779,19,35
61780,18,38
61781,18,37
61782,19,41
61783,19,36
61784,19,41
61785,18,38
61786,19,37
61787,18,38
61788,18,37
61789,18,38
61790,19,37
61791,19,38
61792,19,39
61793,18,37
61794,19,39
61795,19,39
61796,18,35
61797,19,37
61798,19,37
61799,19,37
61800,19,37
61801,19,37
61802,19,37
61803,18,39
61804,19,33
61805,19,38
61806,19,36
61807,19,37
61808,19,36
61809,19,38
61810,18,36
61811,19,35
61812,19,38
61813,19,38
61814,18,38
61815,18,37
61816,19,39
61817,18,38
61818,19,36
61819,19,40
61820,19,39
61821,19,36
61822,19,38
61823,19,37
61824,19,35
61825,19,38
61826,19,37
61827,19,38
61828,19,37
61829,18,38
61830,19,37
61831,19,39
61832,18,38
61833,18,39
61834,19,37
61835,19,37
61836,18,37
61837,19,39
61838,19,37
61839,19,38
61840,19,36
61841,18,37
61842,18,36
61843,19,37
61844,19,35
61845,19,38
61846,18,39
61847,18,36
61848,18,37
61849,18,38
61850,19,38
61851,19,35
61852,18,38
61853,19,39
61854,18,34
61855,18,37
61856,19,37
61857,18,36
61858,18,38
61859,19,37
61860,19,35
61861,18,38
61862,19,40
61863,18,37
61864,19,39
61865,19,37
61866,19,37
61867,18,37
61868,18,36
61869,19,37
61870,18,38
61871,19,37
61872,19,39
61873,19,37
61874,18,38
61875,19,36
61876,18,37
61877,19,38
61878,19,37
61879,19,37
61880,19,35
61881,19,38
61882,18,37
61883,18,38
61884,19,39
61885,19,36
61886,18,40
61887,18,38
61888,19,37
61889,18,39
61890,18,38
61891,19,37
61892,19,36
61893,19,37
61894,19,39
61895,18,38
61896,19,36
61897,19,38
61898,19,38
61899,19,37
61900,18,38
61901,19,37
61902,19,38
61903,18,34
61904,19,35
61905,19,36
61906,19,36
61907,19,39
61908,19,36
61909,19,39
61910,18,38
61911,18,37
61912,18,37
61913,18,37
61914,18,36
61915,19,36
61916,19,37
61917,18,41
61918,19,38
61919,19,37
61920,19,38
61921,18,36
61922,18,37
61923,19,38
61924,19,40
61925,18,36
61926,19,37
61927,18,38
61928,18,37
61929,18,39
61930,19,38
61931,19,36
61932,18,39
61933,18,36
61934,18,38
61935,19,39
61936,19,37
61937,19,35
61938,19,37
61939,19,41
61940,19,35
61941,19,35
61942,19,37
61943,18,38
61944,19,37
61945,19,35
61946,19,36
61947,19,37
61948,19,38
61949,18,37
61950,19,38
61951,19,37
61952,19,40
61953,18,37
61954,18,36
61955,19,38
61956,18,36
61957,18,37
61958,18,36
61959,19,38
61960,19,38
61961,18,36
61962,18,39
61963,18,35
61964,19,37
61965,19,36
61966,18,37
61967,19,38
61968,18,37
61969,19,40
61970,19,36
61971,18,38
61972,19,37
61973,19,37
61974,19,37
61975,18,38
61976,18,39
61977,18,38
61978,18,37
61979,19,38
61980,18,39
61981,19,36
61982,19,40
61983,19,37
61984,19,37
61985,19,39
61986,19,37
61987,18,37
61988,19,38
61989,19,38
61990,19,37
61991,18,38
61992,19,35
61993,19,36
61994,19,37
61995,19,38
61996,19,38
61997,19,39
61998,19,39
61999,18,38
62000,19,39
62001,19,38
62002,19,38
62003,19,38
62004,18,38
62005,19,37
62006,19,36
62007,19,35
62008,18,36
62009,19,38
62010,18,36
62011,18,36
62012,19,39
62013,19,39
62014,19,38
62015,19,36
62016,19,40
62017,18,38
62018,19,37
62019,19,37
62020,18,37
62021,19,38
62022,19,39
62023,19,37
62024,19,36
62025,19,38
62026,18,39
62027,18,38
62028,19,37
62029,19,37
62030,18,37
62031,18,36
62032,19,37
62033,18,38
62034,18,37
62035,18,38
62036,19,38
62037,19,36
62038,18,37
62039,19,41
62040,18,36
62041,19,36
62042,18,35
62043,19,37
62044,19,39
62045,19,39
62046,19,40
62047,18,38
62048,18,38
62049,19,37
62050,19,36
62051,19,37
62052,19,38
62053,19,36
62054,19,37
62055,19,37
62056,19,36
62057,18,38
62058,19,38
62059,18,38
62060,19,36
62061,18,36
62062,18,36
62063,18,38
62064,19,38
62065,18,38
62066,18,37
62067,19,37
62068,18,36
62069,19,42
62070,19,38
62071,18,37
62072,19,38
62073,19,37
62074,19,38
62075,19,37
62076,18,37
62077,19,36
62078,18,38
62079,19,38
62080,18,37
62081,18,38
62082,18,38
62083,19,38
62084,18,40
62085,19,36
62086,18,37
62087,18,36
62088,19,37
62089,19,39
62090,19,36
62091,18,36
62092,19,37
62093,18,37
62094,19,38
62095,19,36
62096,19,38
62097,19,37
62098,19,36
62099,18,35
62100,19,36
62101,19,37
62102,19,36
62103,18,36
62104,19,37
62105,19,35
62106,18,36
62107,19,38
62108,19,37
62109,19,37
62110,19,36
62111,18,39
62112,19,36
62113,19,38
62114,18,36
62115,19,39
62116,19,38
62117,19,36
62118,19,36
62119,19,36
62120,18,37
62121,19,39
62122,18,39
62123,19,37
62124,19,36
62125,18,36
62126,18,36
62127,18,35
62128,18,37
62129,19,36
62130,18,38
62131,18,36
62132,18,36
62133,19,37
62134,18,37
62135,19,36
62136,18,38
62137,18,38
62138,19,36
62139,19,37
62140,18,37
62141,18,36
62142,19,38
62143,19,39
62144,19,37
62145,19,36
62146,18,39
62147,19,37
62148,19,37
62149,19,40
62150,18,36
62151,19,37
62152,19,39
62153,18,37
62154,19,36
62155,19,37
62156,19,37
62157,19,37
62158,19,38
62159,19,38
62160,19,35
62161,19,37
62162,18,36
62163,19,36
62164,19,39
62165,18,38
62166,18,38
62167,19,37
62168,18,37
62169,19,37
62170,18,36
62171,19,40
62172,19,39
62173,18,39
62174,19,37
62175,19,37
62176,19,38
62177,18,38
62178,19,37
62179,19,40
62180,19,38
62181,19,38
62182,19,37
62183,19,38
62184,18,37
62185,19,37
62186,19,39
62187,19,39
62188,18,39
62189,19,38
62190,18,37
62191,18,37
62192,19,37
62193,19,38
62194,19,37
62195,18,38
62196,19,37
62197,19,38
62198,18,37
62199,18,38
62200,19,35
62201,19,37
62202,19,38
62203,19,41
62204,19,37
62205,19,36
62206,19,38
62207,18,37
62208,18,37
62209,18,39
62210,19,36
62211,19,36
62212,19,36
62213,18,35
62214,19,38
62215,19,36
62216,18,40
62217,19,37
62218,18,39
62219,18,38
62220,19,38
62221,18,39
62222,18,36
62223,19,39
62224,19,37
62225,19,39
62226,18,40
62227,18,39
62228,18,38
62229,19,35
62230,18,36
62231,19,38
62232,19,39
62233,19,35
62234,19,37
62235,19,39
62236,19,35
62237,19,39
62238,18,36
62239,18,36
62240,18,36
62241,19,37
62242,19,38
62243,18,39
62244,18,36
62245,18,39
62246,19,38
62247,18,38
62248,19,37
62249,19,37
62250,19,39
62251,19,37
62252,18,36
62253,19,36
62254,19,39
62255,19,38
62256,18,37
62257,19,39
62258,19,36
62259,18,37
62260,18,38
62261,19,38
62262,19,38
62263,18,39
62264,18,36
62265,19,37
62266,19,35
62267,19,38
62268,19,37
62269,18,37
62270,18,36
62271,18,38
62272,19,38
62273,18,38
62274,18,37
62275,19,37
62276,19,38
62277,18,41
62278,19,37
62279,19,37
62280,18,36
62281,19,38
62282,19,38
62283,19,37
62284,18,38
62285,19,35
62286,18,37
62287,19,42
62288,19,36
62289,19,37
62290,18,37
62291,18,37
62292,19,36
62293,19,37
62294,19,37
62295,19,38
62296,18,36
62297,19,37
62298,19,38
62299,19,36
62300,19,38
62301,18,37
62302,19,38
62303,19,39
62304,19,36
62305,18,38
62306,18,37
62307,18,38
62308,18,39
62309,18,37
62310,19,39
62311,18,38
62312,19,38
62313,19,35
62314,19,38
62315,19,37
62316,19,39
62317,19,36
62318,19,39
62319,19,36
62320,18,39
62321,18,38
62322,19,36
62323,19,37
62324,18,37
62325,19,40
62326,19,37
62327,18,37
62328,18,36
62329,18,36
62330,18,38
62331,19,39
62332,19,38
62333,18,38
62334,19,37
62335,18,38
62336,19,40
62337,18,37
62338,19,38
62339,19,37
62340,19,38
62341,18,37
62342,19,40
62343,19,37
62344,19,38
62345,19,39
62346,19,38
62347,18,41
62348,19,38
62349,19,37
62350,19,37
62351,18,39
62352,18,38
62353,19,38
62354,19,38
62355,19,36
62356,18,37
62357,19,37
62358,18,36
62359,19,39
62360,19,37
62361,19,36
62362,18,40
62363,19,39
62364,19,37
62365,18,36
62366,19,38
62367,18,37
62368,19,36
62369,19,37
62370,19,39
62371,19,37
62372,19,37
62373,19,37
62374,19,39
62375,19,37
62376,19,39
62377,19,36
62378,19,40
62379,19,36
62380,19,36
62381,19,37
62382,19,35
62383,19,40
62384,19,37
62385,18,38
62386,19,36
62387,19,36
62388,19,35
62389,19,37
62390,19,38
62391,19,38
62392,18,36
62393,19,38
62394,19,37
62395,19,40
62396,18,39
62397,19,38
62398,18,38
62399,19,37
62400,19,36
62401,19,38
62402,19,38
62403,19,38
62404,19,37
62405,19,37
62406,19,36
62407,19,37
62408,19,39
62409,18,36
62410,18,40
62411,19,36
62412,19,37
62413,19,39
62414,19,36
62415,18,37
62416,19,39
62417,19,37
62418,19,40
62419,19,38
62420,18,36
62421,18,36
62422,19,36
62423,19,39
62424,19,39
62425,18,36
62426,19,39
62427,18,36
62428,19,39
62429,19,35
62430,18,36
62431,18,38
62432,18,38
62433,19,38
62434,19,38
62435,19,39
62436,19,37
62437,18,38
62438,18,37
62439,18,37
62440,19,36
62441,18,38
62442,19,38
62443,18,38
62444,19,38
62445,19,36
62446,19,37
62447,19,37
62448,18,37
62449,18,38
62450,18,39
62451,18,37
62452,18,36
62453,18,39
62454,19,37
62455,18,38
62456,19,38
62457,19,36
62458,18,37
62459,19,36
62460,19,36
62461,19,38
62462,19,39
62463,18,37
62464,19,37
62465,19,37
62466,18,37
62467,18,37
62468,19,38
62469,18,36
62470,18,36
62471,19,37
62472,18,38
62473,19,37
62474,19,40
62475,19,39
62476,18,37
62477,19,37
62478,19,37
62479,19,37
62480,18,36
62481,19,38
62482,18,37
62483,18,37
62484,19,38
62485,18,40
62486,18,36
62487,18,40
62488,19,36
62489,19,38
62490,19,37
62491,18,36
62492,19,35
62493,18,37
62494,18,38
62495,19,38
62496,19,38
62497,18,35
62498,19,39
62499,19,37
62500,19,39
62501,19,38
62502,18,38
62503,18,36
62504,19,38
62505,19,37
62506,19,37
62507,18,35
62508,19,35
62509,19,35
62510,19,39
62511,19,36
62512,19,37
62513,19,40
62514,18,37
62515,18,35
62516,19,38
62517,19,36
62518,19,37
62519,18,38
62520,19,38
62521,18,36
62522,18,39
62523,19,37
62524,19,36
62525,18,36
62526,18,40
62527,19,37
62528,19,38
62529,19,37
62530,18,39
62531,18,41
62532,19,36
62533,18,39
62534,19,36
62535,18,38
62536,19,38
62537,19,38
62538,19,38
62539,19,37
62540,19,35
62541,18,37
62542,18,37
62543,18,36
62544,19,37
62545,19,37
62546,18,38
62547,19,38
62548,19,37
62549,19,37
62550,19,36
62551,19,38
62552,19,37
62553,19,38
62554,18,34
62555,19,38
62556,19,37
62557,19,38
62558,19,38
62559,19,37
62560,19,36
62561,19,37
62562,19,37
62563,19,36
62564,19,35
62565,18,36
62566,19,36
62567,18,38
62568,19,36
62569,18,38
62570,18,38
62571,19,40
62572,19,37
62573,19,35
62574,19,37
62575,19,39
62576,19,37
62577,19,38
62578,19,37
62579,19,38
62580,19,39
62581,19,37
62582,19,37
62583,18,38
62584,19,36
62585,18,38
62586,18,37
62587,18,37
62588,19,37
62589,18,37
62590,19,35
62591,18,36
62592,19,37
62593,18,38
62594,19,37
62595,19,37
62596,18,37
62597,19,35
62598,19,37
62599,19,37
62600,19,39
62601,19,38
62602,19,37
62603,19,37
62604,19,39
62605,19,37
62606,18,40
62607,19,38
62608,19,38
62609,19,37
62610,19,39
62611,19,38
62612,19,37
62613,18,37
62614,19,37
62615,19,38
62616,18,37
62617,19,37
62618,19,40
62619,19,36
62620,18,37
62621,19,38
62622,19,39
62623,18,37
62624,19,37
62625,19,39
62626,18,40
62627,19,35
62628,19,36
62629,19,39
62630,19,36
62631,18,38
62632,18,37
62633,19,39
62634,19,37
62635,19,37
62636,19,39
62637,19,35
62638,19,36
62639,18,37
62640,19,39
62641,19,39
62642,18,38
62643,19,39
62644,19,40
62645,19,38
62646,18,35
62647,19,37
62648,18,37
62649,18,38
62650,19,37
62651,18,37
62652,19,37
62653,19,38
62654,19,39
62655,18,36
62656,19,38
62657,19,36
62658,19,37
62659,19,38
62660,19,39
62661,19,38
62662,19,38
62663,18,37
62664,18,37
62665,19,38
62666,19,37
62667,19,38
62668,19,38
62669,18,37
62670,19,39
62671,19,37
62672,19,41
62673,19,37
62674,18,37
62675,18,39
62676,19,37
62677,19,38
62678,19,40
62679,19,36
62680,19,36
62681,19,37
62682,19,36
62683,18,36
62684,19,38
62685,18,39
62686,19,37
62687,18,38
62688,19,39
62689,19,38
62690,18,37
62691,18,38
62692,18,38
62693,19,37
62694,19,36
62695,19,38
62696,18,38
62697,19,35
62698,19,37
62699,18,37
62700,19,35
62701,19,37
62702,19,36
62703,19,40
62704,19,40
62705,18,36
62706,19,36
62707,19,36
62708,18,38
62709,19,36
62710,19,38
62711,18,36
62712,19,38
62713,19,37
62714,19,37
62715,19,37
62716,18,39
62717,19,36
62718,19,38
62719,19,37
62720,19,40
62721,19,36
62722,19,38
62723,18,38
62724,19,35
62725,19,36
62726,19,37
62727,19,35
62728,19,38
62729,18,36
62730,19,36
62731,19,39
62732,18,38
62733,19,35
62734,19,39
62735,19,39
62736,19,37
62737,19,38
62738,19,37
62739,18,37
62740,18,35
62741,19,37
62742,19,39
62743,19,37
62744,18,37
62745,19,36
62746,18,37
62747,19,39
62748,19,38
62749,19,37
62750,18,38
62751,19,37
62752,18,39
62753,19,38
62754,19,37
62755,18,35
62756,19,36
62757,19,37
62758,19,38
62759,19,39
62760,19,38
62761,19,36
62762,19,36
62763,19,38
62764,19,40
62765,19,36
62766,19,37
62767,19,37
62768,19,37
62769,19,36
62770,19,37
62771,19,37
62772,18,39
62773,19,37
62774,19,38
62775,19,38
62776,19,36
62777,19,38
62778,19,37
62779,18,38
62780,19,38
62781,18,37
62782,19,37
62783,19,36
62784,19,38
62785,19,38
62786,18,37
62787,19,37
62788,18,38
62789,18,38
62790,19,40
62791,19,38
62792,19,39
62793,18,37
62794,19,40
62795,18,38
62796,19,38
62797,18,36
62798,18,41
62799,19,38
62800,18,39
62801,18,36
62802,19,38
62803,19,36
62804,19,35
62805,19,37
62806,18,36
62807,19,38
62808,19,36
62809,18,36
62810,19,36
62811,19,35
62812,19,36
62813,19,36
62814,19,38
62815,18,38
62816,19,38
62817,18,37
62818,19,36
62819,19,39
62820,19,38
62821,19,35
62822,19,38
62823,18,39
62824,19,37
62825,18,35
62826,19,37
62827,18,36
62828,18,37
62829,19,38
62830,18,39
62831,19,37
62832,19,36
62833,19,38
62834,18,36
62835,18,38
62836,19,37
62837,19,36
62838,19,37
62839,19,37
62840,19,37
62841,18,39
62842,19,36
62843,19,38
62844,19,37
62845,18,38
62846,19,37
62847,19,37
62848,19,39
62849,19,38
62850,18,38
62851,19,39
62852,19,39
62853,19,38
62854,19,36
62855,19,37
62856,19,36
62857,19,37
62858,19,35
62859,19,37
62860,18,37
62861,19,36
62862,19,36
62863,19,38
62864,19,38
62865,19,37
62866,19,36
62867,19,38
62868,19,37
62869,19,37
62870,19,38
62871,18,37
62872,18,37
62873,19,38
62874,19,37
62875,18,35
62876,19,39
62877,18,38
62878,18,38
62879,18,41
62880,18,36
62881,18,39
62882,19,38
62883,19,37
62884,19,39
62885,19,37
62886,18,39
62887,19,37
62888,19,40
62889,19,37
62890,19,37
62891,19,36
62892,19,37
62893,18,37
62894,19,39
62895,19,37
62896,19,37
62897,19,39
62898,19,38
62899,18,38
62900,18,38
62901,18,39
62902,19,39
62903,18,36
62904,19,38
62905,19,38
62906,19,37
62907,19,37
62908,19,37
62909,19,39
62910,19,37
62911,19,37
62912,18,37
62913,18,37
62914,19,39
62915,19,35
62916,19,38
62917,19,38
62918,19,39
62919,18,37
62920,19,36
62921,19,39
62922,19,40
62923,19,37
62924,19,36
62925,19,36
62926,19,36
62927,19,37
62928,19,35
62929,19,36
62930,19,38
62931,19,39
62932,19,37
62933,19,35
62934,18,37
62935,19,36
62936,19,36
62937,18,37
62938,19,36
62939,18,37
62940,19,37
62941,19,37
62942,19,38
62943,18,37
62944,18,37
62945,18,41
62946,19,37
62947,19,37
62948,19,36
62949,19,38
62950,18,37
62951,18,38
62952,19,39
62953,18,39
62954,18,37
62955,19,37
62956,18,37
62957,19,36
62958,19,37
62959,19,38
62960,19,35
62961,18,38
62962,19,39
62963,19,42
62964,19,38
62965,18,35
62966,19,37
62967,19,37
62968,19,36
62969,19,40
62970,19,37
62971,19,38
62972,19,36
62973,18,37
62974,19,37
62975,19,37
62976,19,38
62977,18,37
62978,19,35
62979,19,36
62980,18,39
62981,18,37
62982,19,38
62983,19,37
62984,19,35
62985,19,38
62986,19,37
62987,19,39
62988,19,35
62989,19,38
62990,19,36
62991,19,37
62992,19,36
62993,19,39
62994,19,39
62995,19,36
62996,19,39
62997,19,37
62998,18,38
62999,19,37
63000,19,38
63001,19,37
63002,19,38
63003,19,38
63004,19,36
63005,19,38
63006,18,38
63007,19,37
63008,19,35
63009,19,37
63010,18,39
63011,18,40
63012,19,36
63013,19,37
63014,19,39
63015,18,36
63016,19,39
63017,19,38
63018,19,37
63019,19,36
63020,19,38
63021,19,38
63022,18,36
63023,19,37
63024,18,37
63025,19,41
63026,19,37
63027,18,39
63028,19,38
63029,19,39
63030,19,35
63031,19,36
63032,19,38
63033,19,36
63034,18,38
63035,19,38
63036,18,38
63037,19,38
63038,19,38
63039,19,37
63040,19,36
63041,19,36
63042,19,37
63043,19,38
63044,19,38
63045,19,36
63046,19,37
63047,19,38
63048,19,37
63049,19,38
63050,19,36
63051,19,37
63052,19,37
63053,19,38
63054,19,37
63055,19,38
63056,19,36
63057,18,36
63058,18,38
63059,18,37
63060,18,36
63061,19,37
63062,19,36
63063,19,35
63064,19,37
63065,19,38
63066,19,39
63067,19,36
63068,19,38
63069,18,38
63070,18,37
63071,18,37
63072,18,39
63073,19,38
63074,18,37
63075,19,36
63076,19,36
63077,18,37
63078,19,36
63079,19,38
63080,18,38
63081,18,38
63082,19,39
63083,18,38
63084,19,36
63085,19,36
63086,18,36
63087,19,38
63088,19,38
63089,18,38
63090,18,39
63091,19,34
63092,18,37
63093,19,36
63094,19,39
63095,19,38
63096,19,39
63097,18,37
63098,19,39
63099,18,39
63100,19,38
63101,19,37
63102,18,40
63103,18,35
63104,19,40
63105,19,40
63106,19,40
63107,19,35
63108,19,37
63109,19,40
63110,18,36
63111,18,37
63112,19,38
63113,19,37
63114,19,36
63115,19,39
63116,19,36
63117,19,37
63118,18,36
63119,19,36
63120,19,37
63121,19,36
63122,19,38
63123,19,36
63124,19,36
63125,18,37
63126,18,37
63127,19,36
63128,18,39
63129,19,38
63130,19,38
63131,19,38
63132,19,37
63133,19,35
63134,19,38
63135,18,38
63136,19,38
63137,19,38
63138,19,35
63139,19,37
63140,19,37
63141,19,36
63142,18,37
63143,18,37
63144,19,37
63145,19,37
63146,18,38
63147,18,36
63148,19,36
63149,19,39
63150,19,39
63151,19,35
63152,19,39
63153,19,38
63154,18,37
63155,19,37
63156,19,37
63157,19,37
63158,18,37
63159,19,39
63160,19,37
63161,18,38
63162,18,37
63163,19,38
63164,19,38
63165,19,37
63166,19,37
63167,19,39
63168,18,36
63169,19,38
63170,19,38
63171,19,39
63172,18,36
63173,19,36
63174,19,36
63175,19,36
63176,19,37
63177,19,38
63178,18,39
63179,19,37
63180,19,41
63181,19,38
63182,19,38
63183,19,37
63184,19,38
63185,18,39
63186,18,37
63187,19,37
63188,19,38
63189,18,37
63190,19,36
63191,19,35
63192,19,38
63193,19,38
63194,19,37
63195,18,36
63196,19,38
63197,19,37
63198,19,38
63199,19,37
63200,19,35
63201,19,36
63202,19,38
63203,18,37
63204,19,38
63205,18,39
63206,19,35
63207,19,37
63208,19,38
63209,18,37
63210,19,37
63211,18,39
63212,19,36
63213,19,37
63214,19,39
63215,19,37
63216,19,35
63217,19,38
63218,19,37
63219,18,38
63220,19,37
63221,18,37
63222,19,35
63223,19,38
63224,19,39
63225,19,37
63226,18,40
63227,19,38
63228,18,38
63229,19,37
63230,19,35
63231,19,38
63232,19,37
63233,18,37
63234,19,39
63235,19,39
63236,19,36
63237,18,38
63238,19,39
63239,19,38
63240,19,39
63241,19,38
63242,19,35
63243,18,38
63244,19,38
63245,19,36
63246,19,36
63247,19,38
63248,18,37
63249,19,38
63250,18,37
63251,19,36
63252,18,37
63253,19,36
63254,19,37
63255,18,36
63256,19,38
63257,18,35
63258,19,35
63259,19,38
63260,19,38
63261,19,37
63262,19,37
63263,18,36
63264,19,41
63265,18,36
63266,19,39
63267,18,37
63268,19,36
63269,19,38
63270,19,38
63271,18,39
63272,19,37
63273,19,38
63274,19,37
63275,19,36
63276,19,36
63277,19,36
63278,18,39
63279,19,39
63280,18,36
63281,19,37
63282,19,36
63283,19,35
63284,19,38
63285,19,39
63286,18,36
63287,19,37
63288,18,37
63289,19,38
63290,19,37
63291,18,37
63292,19,37
63293,19,38
63294,19,38
63295,18,39
63296,19,35
63297,19,37
63298,19,37
63299,18,38
63300,19,40
63301,18,37
63302,18,37
63303,19,38
63304,19,37
63305,19,39
63306,18,38
63307,18,36
63308,19,36
63309,19,38
63310,19,36
63311,19,37
63312,18,36
63313,18,37
63314,18,39
63315,19,37
63316,19,38
63317,19,37
63318,19,36
63319,18,36
63320,18,41
63321,19,40
63322,19,37
63323,18,36
63324,19,36
63325,18,36
63326,18,37
63327,19,37
63328,19,39
63329,19,39
63330,19,38
63331,19,39
63332,18,37
63333,19,36
63334,18,39
63335,19,38
63336,18,36
63337,19,37
63338,19,39
63339,18,38
63340,19,37
63341,19,37
63342,19,36
63343,19,37
63344,18,38
63345,18,35
63346,19,37
63347,19,36
63348,19,38
63349,19,38
63350,19,40
63351,19,37
63352,19,38
63353,18,37
63354,19,36
63355,19,37
63356,18,37
63357,18,35
63358,19,36
63359,19,38
63360,19,39
63361,18,37
63362,18,39
63363,19,38
63364,18,39
63365,19,38
63366,19,35
63367,19,35
63368,19,38
63369,19,37
63370,19,36
63371,19,37
63372,18,37
63373,19,36
63374,18,38
63375,19,36
63376,19,37
63377,19,36
63378,19,38
63379,19,39
63380,19,39
63381,19,38
63382,18,36
63383,18,37
63384,19,38
63385,19,37
63386,19,38
63387,19,37
63388,19,36
63389,19,36
63390,18,37
63391,19,39
63392,19,38
63393,19,38
63394,18,39
63395,19,37
63396,19,37
63397,18,36
63398,18,38
63399,18,37
63400,19,39
63401,19,40
63402,19,37
63403,19,38
63404,19,39
63405,19,38
63406,18,36
63407,19,37
63408,18,41
63409,19,37
63410,18,39
63411,19,36
63412,19,36
63413,19,35
63414,19,37
63415,18,35
63416,19,36
63417,19,38
63418,19,36
63419,19,36
63420,18,37
63421,18,38
63422,18,38
63423,19,38
63424,19,38
63425,18,36
63426,19,38
63427,19,38
63428,18,36
63429,19,37
63430,18,37
63431,19,37
63432,18,38
63433,18,38
63434,19,37
63435,18,37
63436,19,37
63437,19,36
63438,19,37
63439,18,36
63440,19,40
63441,19,38
63442,19,37
63443,19,37
63444,18,37
63445,18,37
63446,19,38
63447,19,36
63448,19,37
63449,19,37
63450,19,39
63451,19,37
63452,19,39
63453,19,35
63454,19,39
63455,19,36
63456,19,37
63457,19,36
63458,19,39
63459,19,37
63460,18,38
63461,19,36
63462,18,40
63463,19,36
63464,18,37
63465,18,36
63466,19,36
63467,19,37
63468,19,38
63469,19,38
63470,18,37
63471,19,39
63472,19,36
63473,19,35
63474,19,39
63475,19,40
63476,19,38
63477,19,36
63478,19,41
63479,19,38
63480,19,38
63481,18,39
63482,18,36
63483,19,37
63484,19,35
63485,19,38
63486,19,37
63487,18,38
63488,19,38
63489,19,40
63490,18,39
63491,19,37
63492,19,35
63493,19,36
63494,19,35
63495,18,37
63496,19,37
63497,18,41
63498,18,37
63499,18,37
63500,18,35
63501,18,38
63502,19,38
63503,19,38
63504,18,38
63505,19,36
63506,19,39
63507,19,37
63508,19,38
63509,18,38
63510,19,37
63511,19,38
63512,19,37
63513,19,38
63514,19,37
63515,19,38
63516,19,39
63517,18,36
63518,19,36
63519,18,39
63520,18,41
63521,19,39
63522,19,37
63523,19,37
63524,19,37
63525,18,39
63526,19,39
63527,19,38
63528,18,40
63529,19,39
63530,18,42
63531,19,37
63532,19,37
63533,19,38
63534,18,39
63535,19,37
63536,19,35
63537,19,36
63538,19,39
63539,18,38
63540,19,37
63541,18,38
63542,19,38
63543,19,38
63544,19,38
63545,19,36
63546,18,37
63547,19,38
63548,19,39
63549,19,37
63550,19,36
63551,19,39
63552,19,37
63553,18,36
63554,19,37
63555,19,37
63556,19,39
63557,18,36
63558,19,37
63559,18,37
63560,18,37
63561,19,38
63562,19,38
63563,19,37
63564,19,37
63565,18,38
63566,19,38
63567,19,37
63568,19,37
63569,19,36
63570,19,38
63571,19,38
63572,19,38
63573,18,38
63574,19,37
63575,19,37
63576,18,36
63577,19,35
63578,19,38
63579,19,39
63580,19,37
63581,19,36
63582,19,39
63583,19,38
63584,18,36
63585,18,37
63586,18,37
63587,18,39
63588,19,37
63589,19,35
63590,19,37
63591,19,38
63592,19,39
63593,18,41
63594,19,38
63595,19,36
63596,19,36
63597,19,36
63598,19,38
63599,19,37
63600,18,38
63601,19,36
63602,19,36
63603,18,36
63604,19,38
63605,18,40
63606,18,38
63607,19,35
63608,19,39
63609,18,38
63610,19,39
63611,18,36
63612,19,38
63613,19,35
63614,19,38
63615,19,36
63616,18,37
63617,19,35
63618,19,37
63619,19,40
63620,18,37
63621,19,37
63622,19,39
63623,18,37
63624,19,42
63625,19,37
63626,19,36
63627,18,38
63628,19,38
63629,19,36
63630,18,38
63631,19,37
63632,18,37
63633,19,38
63634,18,36
63635,18,38
63636,18,36
63637,18,38
63638,19,37
63639,19,39
63640,19,37
63641,19,37
63642,19,37
63643,19,37
63644,18,38
63645,19,37
63646,19,35
63647,19,38
63648,19,38
63649,19,35
63650,18,37
63651,19,37
63652,19,39
63653,19,38
63654,19,39
63655,19,38
63656,18,37
63657,19,37
63658,19,37
63659,18,39
63660,19,38
63661,19,36
63662,19,37
63663,19,40
63664,19,37
63665,18,36
63666,19,36
63667,18,38
63668,19,36
63669,19,37
63670,19,37
63671,19,37
63672,18,37
63673,19,37
63674,18,37
63675,19,37
63676,18,37
63677,18,38
63678,19,38
63679,19,37
63680,19,37
63681,18,37
63682,19,36
63683,19,37
63684,19,36
63685,19,37
63686,19,39
63687,19,37
63688,19,39
63689,19,38
63690,19,36
63691,19,38
63692,19,35
63693,18,38
63694,19,37
63695,18,39
63696,19,37
63697,19,37
63698,18,36
63699,19,36
63700,19,38
63701,19,36
63702,19,35
63703,19,38
63704,19,37
63705,18,38
63706,19,38
63707,19,36
63708,19,39
63709,19,36
63710,19,38
63711,19,36
63712,18,38
63713,19,38
63714,19,38
63715,19,37
63716,19,39
63717,19,38
63718,19,36
63719,18,39
63720,19,37
63721,19,36
63722,19,37
63723,19,35
63724,19,38
63725,19,37
63726,18,36
63727,19,41
63728,19,38
63729,19,38
63730,19,37
63731,19,37
63732,19,38
63733,18,36
63734,19,38
63735,19,37
63736,19,37
63737,19,39
63738,19,39
63739,19,37
63740,19,38
63741,19,37
63742,19,39
63743,19,35
63744,19,37
63745,18,39
63746,19,39
63747,19,36
63748,19,37
63749,19,38
63750,18,38
63751,19,39
63752,19,38
63753,19,37
63754,19,39
63755,19,37
63756,18,36
63757,19,35
63758,19,37
63759,18,37
63760,18,37
63761,19,39
63762,19,36
63763,19,37
63764,19,38
63765,19,36
63766,19,38
63767,19,39
63768,18,39
63769,19,37
63770,19,38
63771,19,37
63772,19,36
63773,19,38
63774,19,39
63775,19,36
63776,19,36
63777,18,35
63778,18,37
63779,19,37
63780,19,38
63781,19,35
63782,19,39
63783,19,36
63784,19,37
63785,19,37
63786,19,38
63787,19,36
63788,19,36
63789,19,37
63790,18,38
63791,19,38
63792,19,35
63793,19,37
63794,19,37
63795,18,36
63796,19,38
63797,18,36
63798,18,35
63799,19,37
63800,19,36
63801,18,37
63802,19,38
63803,19,37
63804,19,37
63805,19,38
63806,18,38
63807,19,36
63808,19,42
63809,19,37
63810,19,38
63811,19,34
63812,19,37
63813,19,42
63814,19,37
63815,19,36
63816,19,36
63817,19,36
63818,19,38
63819,19,37
63820,19,38
63821,18,39
63822,19,39
63823,19,40
63824,18,38
63825,19,38
63826,19,35
63827,19,37
63828,19,38
63829,19,37
63830,19,36
63831,19,40
63832,19,36
63833,18,39
63834,19,37
63835,18,39
63836,19,39
63837,19,35
63838,18,37
63839,18,37
63840,19,37
63841,18,36
63842,18,36
63843,18,39
63844,19,38
63845,19,38
63846,18,37
63847,19,39
63848,19,39
63849,19,38
63850,19,38
63851,19,38
63852,19,36
63853,18,39
63854,19,38
63855,19,38
63856,19,37
63857,19,38
63858,19,38
63859,19,39
63860,19,36
63861,19,37
63862,19,36
63863,19,37
63864,18,39
63865,19,37
63866,19,38
63867,19,37
63868,18,38
63869,19,35
63870,19,38
63871,19,37
63872,18,38
63873,19,37
63874,18,40
63875,19,39
63876,19,37
63877,19,38
63878,19,38
63879,19,38
63880,19,36
63881,19,37
63882,19,39
63883,19,38
63884,19,37
63885,19,38
63886,19,39
63887,18,38
63888,19,38
63889,19,36
63890,18,36
63891,18,36
63892,19,38
63893,19,39
63894,19,38
63895,19,42
63896,19,38
63897,19,36
63898,19,37
63899,19,37
63900,19,40
63901,19,37
63902,19,37
63903,18,38
63904,19,38
63905,19,37
63906,19,38
63907,19,38
63908,19,36
63909,18,39
63910,19,37
63911,18,38
63912,19,39
63913,19,37
63914,19,37
63915,19,40
63916,18,39
63917,19,40
63918,18,38
63919,19,39
63920,19,35
63921,18,35
63922,19,37
63923,19,37
63924,18,36
63925,18,36
63926,19,36
63927,19,36
63928,18,36
63929,19,35
63930,19,40
63931,18,38
63932,19,39
63933,18,39
63934,18,39
63935,19,36
63936,18,38
63937,19,37
63938,19,38
63939,19,36
63940,18,37
63941,19,36
63942,18,39
63943,19,36
63944,19,36
63945,19,37
63946,19,38
63947,19,38
63948,19,39
63949,19,38
63950,18,36
63951,19,38
63952,19,36
63953,19,37
63954,19,39
63955,19,39
63956,19,37
63957,19,38
63958,19,37
63959,19,35
63960,19,38
63961,19,38
63962,19,37
63963,19,37
63964,19,37
63965,19,36
63966,19,38
63967,19,38
63968,19,37
63969,19,37
63970,19,39
63971,18,37
63972,19,39
63973,19,39
63974,19,36
63975,18,38
63976,18,39
63977,19,35
63978,19,40
63979,18,38
63980,19,38
63981,19,37
63982,19,38
63983,19,36
63984,19,36
63985,18,37
63986,19,40
63987,19,38
63988,19,36
63989,19,38
63990,19,40
63991,19,40
63992,18,37
63993,19,37
63994,19,37
63995,19,36
63996,18,37
63997,19,39
63998,18,37
63999,19,38
64000,18,38
64001,19,37
64002,18,38
64003,19,36
64004,19,37
64005,19,36
64006,19,37
64007,19,39
64008,19,42
64009,18,39
64010,19,38
64011,19,37
64012,19,38
64013,19,38
64014,18,38
64015,19,39
64016,19,38
64017,19,37
64018,19,37
64019,19,37
64020,19,36
64021,19,38
64022,19,36
64023,19,36
64024,19,37
64025,18,39
64026,19,37
64027,19,38
64028,18,37
64029,19,37
64030,19,38
64031,19,38
64032,19,35
64033,19,37
64034,19,39
64035,19,37
64036,19,38
64037,19,35
64038,19,38
64039,19,37
64040,19,37
64041,19,36
64042,18,37
64043,19,35
64044,19,38
64045,19,36
64046,19,37
64047,19,40
64048,19,38
64049,19,36
64050,19,40
64051,19,38
64052,19,37
64053,19,37
64054,18,36
64055,18,38
64056,19,38
64057,19,38
64058,19,38
64059,19,36
64060,18,38
64061,19,38
64062,18,38
64063,19,36
64064,19,37
64065,19,37
64066,19,36
64067,19,38
64068,18,36
64069,19,38
64070,19,37
64071,19,36
64072,19,39
64073,19,39
64074,19,38
64075,19,38
64076,19,39
64077,19,38
64078,19,39
64079,19,38
64080,19,37
64081,19,38
64082,19,36
64083,18,38
64084,19,36
64085,18,37
64086,19,36
64087,18,35
64088,19,39
64089,18,38
64090,18,39
64091,19,38
64092,19,36
64093,19,37
64094,19,38
64095,19,36
64096,19,37
64097,18,37
64098,19,38
64099,18,38
64100,18,37
64101,19,38
64102,19,36
64103,19,36
64104,19,38
64105,19,38
64106,19,36
64107,18,37
64108,19,37
64109,19,37
64110,19,38
64111,19,37
64112,19,39
64113,19,37
64114,19,37
64115,19,36
64116,19,37
64117,19,35
64118,19,38
64119,19,37
64120,19,37
64121,19,38
64122,19,36
64123,19,38
64124,18,36
64125,19,39
64126,18,37
64127,19,37
64128,18,37
64129,19,39
64130,19,36
64131,19,36
64132,19,40
64133,19,38
64134,19,38
64135,19,37
64136,18,37
64137,18,37
64138,19,40
64139,19,38
64140,18,39
64141,19,37
64142,19,38
64143,18,38
64144,19,37
64145,19,39
64146,18,36
64147,19,39
64148,19,38
64149,18,38
64150,18,36
64151,19,39
64152,19,38
64153,19,36
64154,19,36
64155,19,37
64156,19,37
64157,18,37
64158,19,38
64159,19,38
64160,19,39
64161,19,38
64162,19,37
64163,18,38
64164,19,39
64165,19,36
64166,19,39
64167,19,38
64168,18,37
64169,19,35
64170,19,40
64171,19,38
64172,19,37
64173,19,36
64174,19,36
64175,18,37
64176,19,38
64177,19,37
64178,19,37
64179,19,38
64180,19,36
64181,19,38
64182,19,38
64183,19,36
64184,18,38
64185,19,37
64186,19,38
64187,19,39
64188,19,36
64189,19,36
64190,19,38
64191,19,38
64192,19,39
64193,19,37
64194,19,38
64195,19,36
64196,19,37
64197,19,35
64198,19,36
64199,19,37
64200,19,37
64201,19,35
64202,19,38
64203,18,37
64204,19,37
64205,19,37
64206,19,39
64207,19,38
64208,18,36
64209,18,36
64210,19,37
64211,19,35
64212,19,39
64213,18,39
64214,19,37
64215,19,37
64216,19,37
64217,19,38
64218,19,37
64219,19,37
64220,18,39
64221,19,37
64222,18,38
64223,18,35
64224,19,36
64225,18,35
64226,19,37
64227,19,38
64228,19,36
64229,19,39
64230,19,36
64231,19,36
64232,18,37
64233,19,37
64234,19,38
64235,19,39
64236,19,36
64237,19,36
64238,19,40
64239,18,38
64240,19,36
64241,19,36
64242,19,39
64243,19,37
64244,19,37
64245,19,40
64246,19,36
64247,18,37
64248,19,38
64249,19,39
64250,19,38
64251,19,38
64252,19,38
64253,19,39
64254,19,36
64255,19,38
64256,18,36
64257,19,38
64258,19,38
64259,19,37
64260,18,40
64261,19,37
64262,19,36
64263,19,36
64264,19,39
64265,19,37
64266,19,36
64267,19,40
64268,19,37
64269,19,38
64270,18,38
64271,19,37
64272,19,36
64273,19,37
64274,19,36
64275,19,37
64276,19,38
64277,18,37
64278,19,39
64279,19,36
64280,19,35
64281,19,35
64282,19,38
64283,19,38
64284,19,37
64285,19,38
64286,19,38
64287,18,36
64288,19,37
64289,19,39
64290,18,39
64291,18,37
64292,19,38
64293,19,39
64294,19,37
64295,18,37
64296,19,37
64297,19,40
64298,19,37
64299,19,37
64300,19,37
64301,19,38
64302,19,37
64303,18,37
64304,19,37
64305,19,38
64306,18,37
64307,18,37
64308,19,39
64309,19,35
64310,19,38
64311,19,39
64312,18,38
64313,19,37
64314,18,36
64315,19,39
64316,19,38
64317,19,38
64318,19,36
64319,19,37
64320,19,38
64321,19,36
64322,19,36
64323,19,37
64324,19,38
64325,19,38
64326,18,37
64327,19,39
64328,19,38
64329,19,38
64330,18,37
64331,19,39
64332,18,40
64333,19,39
64334,18,40
64335,19,36
64336,19,41
64337,19,38
64338,19,38
64339,19,37
64340,19,36
64341,19,38
64342,19,37
64343,19,38
64344,19,38
64345,18,36
64346,19,38
64347,19,38
64348,19,39
64349,19,38
64350,18,36
64351,18,36
64352,19,38
64353,19,38
64354,19,37
64355,19,36
64356,19,38
64357,19,38
64358,19,37
64359,19,36
64360,19,39
64361,18,38
64362,19,35
64363,19,37
64364,19,38
64365,19,37
64366,19,35
64367,19,38
64368,18,36
64369,18,35
64370,19,37
64371,19,38
64372,19,36
64373,18,38
64374,18,37
64375,18,39
64376,19,38
64377,18,38
64378,19,37
64379,19,37
64380,19,39
64381,19,38
64382,19,38
64383,19,37
64384,18,36
64385,19,40
64386,19,36
64387,19,36
64388,19,37
64389,19,36
64390,19,36
64391,19,37
64392,19,39
64393,19,35
64394,19,37
64395,19,37
64396,19,38
64397,19,38
64398,19,37
64399,19,40
64400,19,38
64401,19,39
64402,19,36
64403,19,38
64404,19,36
64405,18,38
64406,19,37
64407,19,37
64408,19,37
64409,19,37
64410,19,38
64411,19,40
64412,19,36
64413,19,37
64414,19,38
64415,19,37
64416,19,39
64417,19,35
64418,18,40
64419,19,39
64420,19,39
64421,19,38
64422,19,38
64423,19,38
64424,19,38
64425,19,36
64426,19,39
64427,19,37
64428,19,36
64429,19,38
64430,18,38
64431,19,39
64432,19,39
64433,19,36
64434,19,38
64435,19,38
64436,19,38
64437,19,39
64438,19,36
64439,19,40
64440,18,37
64441,19,37
64442,19,38
64443,19,38
64444,18,37
64445,19,39
64446,18,37
64447,19,38
64448,18,40
64449,19,38
64450,19,37
64451,18,37
64452,19,38
64453,19,36
64454,19,37
64455,18,37
64456,19,36
64457,19,39
64458,19,36
64459,19,41
64460,19,38
64461,18,36
64462,18,36
64463,19,39
64464,19,38
64465,18,37
64466,19,37
64467,19,38
64468,19,37
64469,19,38
64470,19,39
64471,19,40
64472,19,37
64473,19,36
64474,19,36
64475,18,37
64476,19,36
64477,19,39
64478,18,38
64479,19,37
64480,19,35
64481,19,38
64482,19,36
64483,19,38
64484,19,39
64485,19,36
64486,18,37
64487,19,38
64488,18,39
64489,19,38
64490,18,39
64491,18,38
64492,19,38
64493,19,37
64494,19,37
64495,18,37
64496,19,37
64497,19,37
64498,19,35
64499,18,37
64500,19,37
64501,19,38
64502,19,40
64503,19,38
64504,19,38
64505,19,37
64506,19,40
64507,19,38
64508,19,36
64509,19,37
64510,19,36
64511,19,37
64512,19,37
64513,19,38
64514,19,37
64515,18,38
64516,19,39
64517,19,39
64518,19,37
64519,19,37
64520,19,35
64521,18,38
64522,19,37
64523,19,37
64524,19,38
64525,19,37
64526,19,37
64527,19,39
64528,19,36
64529,19,39
64530,18,37
64531,19,37
64532,19,37
64533,18,36
64534,19,39
64535,19,37
64536,19,37
64537,18,35
64538,19,38
64539,19,38
64540,19,38
64541,19,38
64542,19,36
64543,19,37
64544,19,35
64545,19,39
64546,19,38
64547,19,37
64548,19,37
64549,19,37
64550,19,38
64551,19,37
64552,18,38
64553,19,39
64554,19,37
64555,19,38
64556,19,40
64557,19,37
64558,19,37
64559,19,37
64560,19,35
64561,19,38
64562,19,38
64563,19,37
64564,19,40
64565,19,35
64566,19,38
64567,19,38
64568,19,36
64569,19,37
64570,19,36
64571,18,38
64572,18,38
64573,19,38
64574,19,40
64575,19,37
64576,19,37
64577,18,35
64578,18,37
64579,19,36
64580,18,38
64581,19,37
64582,19,37
64583,18,36
64584,19,38
64585,19,37
64586,18,36
64587,19,37
64588,19,38
64589,19,37
64590,19,38
64591,19,38
64592,19,38
64593,19,38
64594,19,37
64595,19,37
64596,19,40
64597,18,36
64598,19,35
64599,18,36
64600,19,36
64601,18,37
64602,19,37
64603,19,39
64604,19,37
64605,19,37
64606,19,38
64607,19,38
64608,19,37
64609,19,37
64610,19,40
64611,19,37
64612,19,38
64613,19,38
64614,19,38
64615,18,38
64616,19,37
64617,19,39
64618,19,36
64619,19,38
64620,19,39
64621,18,38
64622,19,36
64623,19,36
64624,19,38
64625,19,38
64626,18,38
64627,19,39
64628,19,36
64629,19,37
64630,19,36
64631,18,38
64632,19,36
64633,19,39
64634,19,37
64635,19,37
64636,19,36
64637,18,36
64638,19,36
64639,19,36
64640,18,39
64641,19,37
64642,19,37
64643,19,38
64644,19,37
64645,19,39
64646,19,36
64647,18,39
64648,19,37
64649,18,36
64650,18,37
64651,19,37
64652,19,36
64653,19,36
64654,19,39
64655,19,39
64656,19,36
64657,19,36
64658,19,36
64659,19,38
64660,19,36
64661,19,37
64662,19,39
64663,19,37
64664,19,38
64665,19,37
64666,19,39
64667,19,39
64668,19,39
64669,19,37
64670,19,37
64671,19,37
64672,19,39
64673,19,37
64674,19,39
64675,18,38
64676,19,36
64677,19,39
64678,19,36
64679,19,36
64680,19,36
64681,18,37
64682,19,36
64683,18,36
64684,19,37
64685,19,37
64686,19,36
64687,19,37
64688,18,36
64689,19,39
64690,19,39
64691,19,38
64692,19,37
64693,19,38
64694,19,38
64695,18,35
64696,19,39
64697,19,36
64698,19,38
64699,19,36
64700,19,35
64701,19,35
64702,19,38
64703,18,34
64704,18,40
64705,19,38
64706,18,38
64707,18,36
64708,19,40
64709,19,39
64710,19,36
64711,19,37
64712,19,37
64713,18,39
64714,18,37
64715,19,37
64716,19,38
64717,19,38
64718,19,38
64719,19,38
64720,19,38
64721,19,37
64722,18,37
64723,19,35
64724,19,40
64725,19,39
64726,19,36
64727,19,36
64728,19,39
64729,19,37
64730,19,39
64731,19,37
64732,19,39
64733,18,37
64734,19,38
64735,19,39
64736,18,38
64737,19,38
64738,19,37
64739,18,36
64740,19,38
64741,18,37
64742,19,38
64743,19,37
64744,19,38
64745,19,39
64746,19,36
64747,19,37
64748,18,36
64749,18,37
64750,19,37
64751,19,38
64752,19,38
64753,19,37
64754,19,39
64755,19,39
64756,19,37
64757,19,35
64758,19,38
64759,19,35
64760,19,38
64761,19,39
64762,19,37
64763,19,38
64764,19,36
64765,19,37
64766,19,39
64767,19,37
64768,19,38
64769,19,39
64770,19,37
64771,18,37
64772,19,38
64773,19,38
64774,19,37
64775,19,37
64776,18,37
64777,19,37
64778,19,38
64779,19,37
64780,19,37
64781,19,40
64782,19,38
64783,19,37
64784,19,38
64785,19,40
64786,19,38
64787,19,38
64788,19,36
64789,19,38
64790,19,35
64791,19,39
64792,19,37
64793,19,37
64794,19,36
64795,19,39
64796,18,38
64797,19,35
64798,19,38
64799,19,38
64800,19,39
64801,19,36
64802,19,36
64803,19,38
64804,19,39
64805,19,37
64806,18,37
64807,19,38
64808,19,35
64809,19,37
64810,18,37
64811,19,37
64812,18,41
64813,19,38
64814,19,37
64815,18,38
64816,18,39
64817,19,37
64818,19,36
64819,19,37
64820,18,40
64821,19,36
64822,19,37
64823,19,38
64824,19,39
64825,19,39
64826,19,37
64827,19,37
64828,19,36
64829,19,37
64830,18,38
64831,19,36
64832,19,38
64833,18,35
64834,19,38
64835,19,36
64836,19,38
64837,19,37
64838,19,36
64839,19,37
64840,19,38
64841,19,38
64842,19,38
64843,19,39
64844,18,38
64845,19,38
64846,19,38
64847,19,36
64848,19,39
64849,19,36
64850,19,37
64851,19,38
64852,19,39
64853,19,36
64854,19,38
64855,19,37
64856,19,37
64857,19,40
64858,19,36
64859,19,36
64860,19,41
64861,19,38
64862,19,36
64863,19,38
64864,19,39
64865,19,38
64866,19,37
64867,19,36
64868,19,37
64869,19,38
64870,19,37
64871,19,40
64872,18,37
64873,19,37
64874,19,38
64875,19,38
64876,19,38
64877,19,36
64878,18,36
64879,18,37
64880,19,39
64881,19,42
64882,19,39
64883,18,37
64884,19,39
64885,19,38
64886,19,38
64887,19,38
64888,19,37
64889,19,38
64890,19,39
64891,19,37
64892,19,36
64893,19,36
64894,19,38
64895,19,37
64896,19,38
64897,19,37
64898,19,35
64899,18,37
64900,18,37
64901,19,37
64902,19,37
64903,19,38
64904,19,38
64905,19,36
64906,19,36
64907,18,37
64908,19,41
64909,19,38
64910,19,39
64911,18,38
64912,19,39
64913,19,37
64914,19,37
64915,19,38
64916,19,37
64917,19,37
64918,19,36
64919,19,37
64920,19,36
64921,19,37
64922,19,37
64923,19,37
64924,19,39
64925,19,39
64926,19,38
64927,19,39
64928,19,40
64929,19,37
64930,19,35
64931,19,35
64932,19,39
64933,19,38
64934,19,37
64935,19,35
64936,19,39
64937,19,37
64938,19,36
64939,18,38
64940,19,37
64941,19,37
64942,19,37
64943,19,37
64944,19,36
64945,19,36
64946,19,36
64947,19,39
64948,19,37
64949,19,38
64950,19,37
64951,19,38
64952,19,39
64953,19,38
64954,18,41
64955,19,39
64956,19,36
64957,18,39
64958,19,36
64959,19,36
64960,19,39
64961,19,39
64962,19,40
64963,19,37
64964,18,37
64965,19,39
64966,19,39
64967,19,39
64968,19,38
64969,19,39
64970,19,36
64971,19,39
64972,18,36
64973,19,35
64974,19,35
64975,19,37
64976,18,37
64977,19,37
64978,19,38
64979,18,36
64980,19,37
64981,19,37
64982,19,38
64983,19,37
64984,19,39
64985,18,37
64986,19,39
64987,18,35
64988,18,37
64989,19,39
64990,19,40
64991,19,35
64992,18,41
64993,19,38
64994,19,36
64995,18,38
64996,19,40
64997,19,38
64998,19,39
64999,19,35
65000,19,37
65001,19,40
65002,19,38
65003,19,37
65004,18,38
65005,18,39
65006,19,37
65007,19,40
65008,19,37
65009,19,37
65010,19,39
65011,19,36
65012,19,37
65013,19,38
65014,18,36
65015,19,38
65016,19,37
65017,19,37
65018,18,37
65019,19,39
65020,19,41
65021,18,39
65022,19,39
65023,19,37
65024,19,39
65025,19,39
65026,19,36
65027,19,36
65028,19,37
65029,19,37
65030,18,39
65031,19,39
65032,19,38
65033,19,36
65034,19,37
65035,19,36
65036,19,35
65037,19,37
65038,19,37
65039,19,38
65040,19,37
65041,19,38
65042,19,40
65043,19,37
65044,19,38
65045,19,39
65046,19,38
65047,19,37
65048,19,36
65049,19,40
65050,19,38
65051,19,36
65052,19,38
65053,18,40
65054,19,37
65055,19,39
65056,19,38
65057,19,39
65058,18,36
65059,19,38
65060,19,37
65061,19,37
65062,19,39
65063,19,38
65064,19,39
65065,19,39
65066,19,38
65067,19,35
65068,19,38
65069,18,37
65070,19,39
65071,19,36
65072,19,36
65073,19,39
65074,19,36
65075,19,38
65076,19,39
65077,19,38
65078,19,40
65079,19,35
65080,19,37
65081,19,35
65082,19,37
65083,18,38
65084,19,38
65085,19,37
65086,19,37
65087,19,37
65088,19,39
65089,19,37
65090,19,37
65091,19,38
65092,18,39
65093,18,40
65094,19,38
65095,19,40
65096,19,38
65097,19,38
65098,19,38
65099,19,38
65100,19,40
65101,19,38
65102,19,38
65103,19,37
65104,19,38
65105,19,38
65106,19,36
65107,19,36
65108,19,36
65109,19,38
65110,19,40
65111,19,37
65112,19,37
65113,19,37
65114,19,38
65115,19,37
65116,18,37
65117,19,38
65118,19,36
65119,19,36
65120,19,38
65121,18,38
65122,19,37
65123,19,39
65124,19,38
65125,19,39
65126,19,36
65127,18,36
65128,19,39
65129,19,37
65130,19,35
65131,18,37
65132,19,36
65133,19,40
65134,18,36
65135,19,36
65136,19,38
65137,19,36
65138,19,38
65139,19,39
65140,19,36
65141,19,38
65142,19,39
65143,19,38
65144,19,39
65145,19,38
65146,19,38
65147,19,36
65148,19,37
65149,19,37
65150,19,38
65151,19,38
65152,18,39
65153,19,39
65154,19,37
65155,19,37
65156,19,36
65157,18,38
65158,19,35
65159,19,36
65160,19,37
65161,19,38
65162,19,39
65163,19,36
65164,19,38
65165,19,38
65166,18,37
65167,19,38
65168,19,37
65169,19,38
65170,19,38
65171,19,38
65172,19,39
65173,19,37
65174,19,39
65175,19,38
65176,19,37
65177,19,38
65178,19,38
65179,19,37
65180,19,38
65181,18,36
65182,19,37
65183,19,38
65184,18,37
65185,19,38
65186,19,37
65187,19,37
65188,19,41
65189,19,36
65190,19,36
65191,18,37
65192,19,37
65193,19,39
65194,19,37
65195,19,36
65196,19,39
65197,19,36
65198,19,38
65199,19,37
65200,19,37
65201,19,39
65202,18,36
65203,19,37
65204,19,38
65205,19,35
65206,19,37
65207,19,37
65208,18,40
65209,19,39
65210,19,37
65211,18,37
65212,19,38
65213,19,37
65214,19,36
65215,19,37
65216,19,38
65217,19,37
65218,19,39
65219,19,41
65220,19,37
65221,19,35
65222,19,39
65223,19,36
65224,19,37
65225,19,39
65226,19,37
65227,19,39
65228,18,40
65229,19,35
65230,19,37
65231,19,37
65232,19,38
65233,19,37
65234,19,37
65235,19,38
65236,19,36
65237,19,39
65238,19,39
65239,19,36
65240,19,37
65241,18,38
65242,19,37
65243,19,39
65244,19,36
65245,19,38
65246,18,37
65247,19,38
65248,18,38
65249,19,36
65250,19,39
65251,19,37
65252,19,36
65253,18,39
65254,19,38
65255,19,38
65256,19,38
65257,18,38
65258,18,37
65259,19,36
65260,19,38
65261,19,36
65262,19,37
65263,19,37
65264,19,37
65265,19,35
65266,18,37
65267,19,38
65268,19,35
65269,19,36
65270,19,39
65271,19,37
65272,19,38
65273,18,36
65274,18,37
65275,19,35
65276,18,38
65277,19,38
65278,19,36
65279,19,35
65280,18,37
65281,18,35
65282,19,38
65283,19,40
65284,19,39
65285,19,36
65286,19,36
65287,19,39
65288,19,38
65289,19,36
65290,19,37
65291,19,36
65292,19,37
65293,18,36
65294,19,38
65295,19,38
65296,19,38
65297,19,36
65298,18,39
65299,19,38
65300,19,38
65301,18,36
65302,19,37
65303,18,37
65304,19,38
65305,19,38
65306,18,36
65307,19,38
65308,18,35
65309,18,36
65310,19,36
65311,18,36
65312,19,37
65313,19,37
65314,18,40
65315,19,37
65316,19,39
65317,19,39
65318,19,38
65319,19,37
65320,19,38
65321,19,39
65322,19,37
65323,19,37
65324,19,38
65325,19,39
65326,18,38
65327,19,38
65328,19,40
65329,19,36
65330,18,37
65331,19,38
65332,19,37
65333,18,38
65334,19,36
65335,19,40
65336,19,38
65337,19,39
65338,19,37
65339,19,35
65340,18,36
65341,18,38
65342,19,36
65343,19,39
65344,19,39
65345,19,37
65346,19,37
65347,19,38
65348,19,37
65349,19,38
65350,19,36
65351,19,38
65352,19,37
65353,19,37
65354,19,38
65355,18,39
65356,19,37
65357,19,38
65358,19,37
65359,18,36
65360,19,39
65361,19,40
65362,19,38
65363,19,39
65364,19,36
65365,19,37
65366,19,38
65367,19,38
65368,19,38
65369,19,38
65370,19,37
65371,19,38
65372,19,36
65373,18,36
65374,19,37
65375,19,38
65376,19,41
65377,19,38
65378,19,39
65379,19,40
65380,18,37
65381,19,38
65382,19,37
65383,19,37
65384,19,34
65385,19,37
65386,19,38
65387,19,38
65388,19,37
65389,18,38
65390,18,36
65391,18,38
65392,18,39
65393,19,37
65394,19,38
65395,18,38
65396,19,39
65397,19,38
65398,19,39
65399,19,40
65400,19,37
65401,19,37
65402,19,38
65403,19,36
65404,19,37
65405,19,38
65406,19,38
65407,19,38
65408,19,37
65409,19,36
65410,19,36
65411,19,39
65412,19,37
65413,19,36
65414,19,36
65415,18,36
65416,18,39
65417,18,37
65418,19,36
65419,19,37
65420,19,37
65421,18,37
65422,19,37
65423,19,37
65424,19,37
65425,19,37
65426,19,38
65427,19,37
65428,19,38
65429,19,38
65430,19,40
65431,19,38
65432,19,38
65433,19,37
65434,19,38
65435,18,39
65436,19,39
65437,18,37
65438,19,37
65439,19,38
65440,19,38
65441,19,36
65442,19,37
65443,19,37
65444,19,37
65445,19,37
65446,19,37
65447,19,36
65448,19,36
65449,19,37
65450,19,37
65451,19,38
65452,19,36
65453,19,37
65454,19,37
65455,19,38
65456,19,38
65457,19,38
65458,19,40
65459,19,38
65460,19,38
65461,19,36
65462,19,36
65463,18,36
65464,19,37
65465,18,37
65466,18,38
65467,19,39
65468,19,39
65469,19,38
65470,19,36
65471,19,37
65472,19,37
65473,19,35
65474,19,38
65475,19,39
65476,19,40
65477,19,39
65478,19,37
65479,18,38
65480,19,37
65481,19,43
65482,19,36
65483,19,39
65484,19,39
65485,19,37
65486,19,38
65487,19,38
65488,19,36
65489,18,38
65490,19,37
65491,19,37
65492,19,39
65493,18,38
65494,18,39
65495,19,41
65496,19,39
65497,19,38
65498,18,38
65499,19,36
65500,19,37
65501,18,37
65502,19,40
65503,19,36
65504,19,39
65505,19,37
65506,18,35
65507,18,37
65508,19,39
65509,19,40
65510,19,38
65511,19,37
65512,19,38
65513,19,38
65514,19,39
65515,19,37
65516,19,36
65517,18,40
65518,19,37
65519,19,39
65520,19,40
65521,18,38
65522,19,39
65523,19,35
65524,19,36
65525,19,37
65526,19,38
65527,19,38
65528,19,37
65529,19,36
65530,19,36
65531,19,37
65532,19,37
65533,19,38
65534,19,36
65535,19,38
65536,18,38
65537,19,36
65538,19,37
65539,19,37
65540,19,37
65541,19,38
65542,18,37
65543,19,41
65544,19,40
65545,19,39
65546,19,36
65547,19,39
65548,19,37
65549,19,38
65550,19,39
65551,19,39
65552,19,40
65553,19,38
65554,19,37
65555,19,38
65556,19,37
65557,19,38
65558,19,35
65559,19,36
65560,19,36
65561,19,39
65562,19,36
65563,19,37
65564,19,36
65565,19,36
65566,19,39
65567,19,38
65568,18,38
65569,19,37
65570,18,38
65571,19,37
65572,19,38
65573,19,38
65574,19,37
65575,19,38
65576,19,36
65577,19,38
65578,19,38
65579,18,37
65580,19,36
65581,19,39
65582,19,37
65583,19,36
65584,19,38
65585,19,38
65586,18,38
65587,19,39
65588,19,37
65589,19,39
65590,19,37
65591,19,38
65592,19,39
65593,19,38
65594,19,39
65595,19,37
65596,19,37
65597,18,37
65598,19,39
65599,19,37
65600,19,37
65601,19,35
65602,19,38
65603,19,40
65604,18,35
65605,19,37
65606,19,39
65607,19,37
65608,19,40
65609,18,36
65610,18,35
65611,19,37
65612,19,37
65613,19,37
65614,19,39
65615,19,38
65616,19,38
65617,19,39
65618,19,36
65619,18,39
65620,19,39
65621,19,37
65622,19,37
65623,19,40
65624,19,39
65625,19,39
65626,19,37
65627,19,37
65628,19,38
65629,19,37
65630,19,38
65631,19,37
65632,19,39
65633,19,38
65634,19,38
65635,19,36
65636,19,37
65637,19,37
65638,19,37
65639,18,37
65640,19,40
65641,19,37
65642,19,38
65643,19,38
65644,19,38
65645,19,38
65646,19,38
65647,19,37
65648,18,38
65649,19,38
65650,19,36
65651,18,36
65652,19,37
65653,18,36
65654,19,39
65655,18,38
65656,19,37
65657,19,36
65658,19,37
65659,19,37
65660,19,39
65661,19,35
65662,19,39
65663,19,36
65664,19,38
65665,19,37
65666,19,37
65667,19,37
65668,19,40
65669,19,39
65670,19,36
65671,19,37
65672,19,38
65673,19,39
65674,19,38
65675,19,36
65676,19,38
65677,19,39
65678,19,37
65679,18,36
65680,19,35
65681,18,37
65682,19,38
65683,19,37
65684,19,36
65685,19,38
65686,19,38
65687,19,36
65688,18,36
65689,19,40
65690,18,36
65691,19,36
65692,19,35
65693,19,40
65694,19,37
65695,19,39
65696,19,39
65697,19,38
65698,19,37
65699,19,36
65700,19,38
65701,19,38
65702,19,36
65703,19,39
65704,19,39
65705,19,38
65706,19,40
65707,19,38
65708,19,39
65709,19,36
65710,19,38
65711,19,37
65712,19,37
65713,19,40
65714,19,39
65715,19,38
65716,19,38
65717,19,37
65718,19,37
65719,19,38
65720,19,39
65721,19,38
65722,19,38
65723,19,36
65724,19,39
65725,19,37
65726,19,37
65727,19,37
65728,19,35
65729,19,37
65730,18,38
65731,19,37
65732,19,38
65733,19,37
65734,19,36
65735,19,37
65736,19,37
65737,19,38
65738,19,38
65739,19,39
65740,19,38
65741,19,36
65742,19,38
65743,19,39
65744,19,38
65745,19,37
65746,19,39
65747,19,36
65748,18,40
65749,19,38
65750,19,38
65751,19,39
65752,19,42
65753,19,38
65754,19,37
65755,19,38
65756,19,38
65757,18,37
65758,19,37
65759,19,37
65760,19,37
65761,19,38
65762,18,37
65763,19,38
65764,19,36
65765,19,38
65766,19,36
65767,19,37
65768,18,37
65769,19,39
65770,19,38
65771,19,36
65772,19,38
65773,19,37
65774,19,37
65775,19,39
65776,19,37
65777,19,36
65778,19,38
65779,19,39
65780,19,40
65781,19,36
65782,19,36
65783,19,37
65784,19,42
65785,19,37
65786,19,38
65787,19,39
65788,19,38
65789,19,40
65790,19,38
65791,19,37
65792,19,38
65793,19,36
65794,18,37
65795,19,38
65796,19,35
65797,19,38
65798,19,36
65799,19,38
65800,19,40
65801,19,37
65802,18,38
65803,19,36
65804,19,36
65805,19,41
65806,19,37
65807,19,35
65808,19,37
65809,19,36
65810,19,38
65811,19,36
65812,19,39
65813,19,38
65814,19,36
65815,19,38
65816,19,38
65817,19,38
65818,19,37
65819,19,38
65820,19,39
65821,19,37
65822,19,39
65823,19,37
65824,19,37
65825,19,37
65826,19,37
65827,19,39
65828,19,37
65829,19,41
65830,18,38
65831,18,38
65832,18,36
65833,19,35
65834,19,38
65835,19,38
65836,19,39
65837,19,36
65838,19,39
65839,19,38
65840,19,38
65841,19,40
65842,18,37
65843,19,36
65844,19,37
65845,19,38
65846,18,38
65847,19,36
65848,19,37
65849,19,36
65850,19,40
65851,19,37
65852,19,38
65853,18,36
65854,19,38
65855,19,37
65856,19,37
65857,19,38
65858,19,36
65859,19,37
65860,19,37
65861,19,35
65862,19,37
65863,19,40
65864,19,37
65865,19,36
65866,19,36
65867,19,40
65868,19,36
65869,18,38
65870,19,37
65871,19,39
65872,19,38
65873,19,37
65874,18,38
65875,19,38
65876,19,37
65877,18,37
65878,19,37
65879,19,37
65880,19,40
65881,19,37
65882,19,36
65883,19,40
65884,19,38
65885,19,38
65886,19,37
65887,19,36
65888,19,37
65889,19,37
65890,19,38
65891,19,36
65892,19,37
65893,19,37
65894,19,37
65895,19,36
65896,19,38
65897,19,37
65898,19,38
65899,19,37
65900,19,36
65901,19,36
65902,19,38
65903,19,38
65904,19,37
65905,19,39
65906,18,39
65907,19,38
65908,19,35
65909,19,37
65910,19,36
65911,18,36
65912,19,37
65913,19,38
65914,19,38
65915,19,35
65916,19,38
65917,19,37
65918,19,38
65919,19,38
65920,19,37
65921,18,36
65922,19,37
65923,19,39
65924,19,36
65925,19,35
65926,19,37
65927,19,38
65928,19,37
65929,19,35
65930,19,38
65931,19,37
65932,19,38
65933,19,37
65934,19,39
65935,18,39
65936,19,39
65937,19,37
65938,19,39
65939,19,36
65940,19,39
65941,19,38
65942,19,37
65943,19,38
65944,18,39
65945,19,37
65946,19,38
65947,19,38
65948,18,36
65949,19,38
65950,18,37
65951,19,36
65952,19,39
65953,19,36
65954,19,38
65955,19,37
65956,18,37
65957,19,39
65958,19,38
65959,19,38
65960,19,37
65961,18,38
65962,19,38
65963,19,40
65964,19,37
65965,19,39
65966,19,36
65967,19,38
65968,19,35
65969,19,39
65970,19,38
65971,19,39
65972,18,37
65973,19,37
65974,19,40
65975,19,38
65976,19,35
65977,19,36
65978,19,38
65979,19,41
65980,19,37
65981,19,39
65982,19,37
65983,19,39
65984,19,38
65985,19,37
65986,19,38
65987,19,37
65988,19,35
65989,19,38
65990,19,39
65991,19,38
65992,19,39
65993,19,40
65994,19,35
65995,19,38
65996,19,38
65997,19,38
65998,19,37
65999,19,36
66000,19,37
66001,19,40
66002,19,38
66003,19,38
66004,19,37
66005,19,35
66006,18,37
66007,19,40
66008,19,39
66009,19,40
66010,19,37
66011,18,39
66012,18,38
66013,19,36
66014,19,35
66015,19,38
66016,19,39
66017,19,37
66018,18,39
66019,19,39
66020,19,39
66021,19,39
66022,19,38
66023,19,38
66024,19,36
66025,19,38
66026,19,36
66027,19,41
66028,19,38
66029,19,37
66030,19,39
66031,19,39
66032,19,38
66033,19,37
66034,19,37
66035,19,37
66036,18,38
66037,19,40
66038,19,36
66039,19,38
66040,19,40
66041,19,37
66042,19,39
66043,19,38
66044,19,37
66045,19,38
66046,19,36
66047,19,35
66048,19,36
66049,19,37
66050,19,37
66051,19,38
66052,18,39
66053,19,37
66054,19,37
66055,19,40
66056,19,38
66057,19,39
66058,19,37
66059,19,38
66060,19,38
66061,19,38
66062,19,37
66063,19,37
66064,19,38
66065,18,39
66066,19,36
66067,19,37
66068,19,37
66069,19,38
66070,19,37
66071,19,37
66072,19,38
66073,18,36
66074,19,38
66075,19,37
66076,19,38
66077,19,36
66078,19,37
66079,19,37
66080,19,38
66081,19,38
66082,19,35
66083,19,37
66084,19,36
66085,19,40
66086,18,38
66087,19,38
66088,19,41
66089,19,38
66090,19,38
66091,18,38
66092,19,36
66093,19,36
66094,18,38
66095,19,38
66096,18,36
66097,18,37
66098,18,40
66099,19,38
66100,19,38
66101,18,37
66102,19,36
66103,19,37
66104,19,39
66105,19,35
66106,19,37
66107,19,38
66108,19,38
66109,19,36
66110,19,38
66111,19,39
66112,19,37
66113,19,36
66114,18,37
66115,18,38
66116,19,36
66117,19,36
66118,19,37
66119,19,36
66120,19,41
66121,19,36
66122,19,38
66123,19,36
66124,18,38
66125,19,37
66126,19,37
66127,19,40
66128,18,39
66129,19,36
66130,19,39
66131,19,40
66132,18,40
66133,19,38
66134,19,38
66135,19,39
66136,19,37
66137,19,38
66138,18,38
66139,19,36
66140,19,39
66141,19,39
66142,19,37
66143,19,39
66144,19,37
66145,19,39
66146,19,38
66147,19,37
66148,19,37
66149,19,36
66150,19,36
66151,19,41
66152,19,37
66153,19,37
66154,19,38
66155,19,40
66156,19,40
66157,19,38
66158,19,37
66159,18,40
66160,19,37
66161,19,38
66162,18,41
66163,19,38
66164,19,38
66165,19,39
66166,19,38
66167,18,39
66168,19,37
66169,19,38
66170,19,36
66171,19,37
66172,19,37
66173,19,38
66174,18,37
66175,18,39
66176,19,36
66177,19,37
66178,19,37
66179,19,37
66180,19,37
66181,19,37
66182,19,37
66183,19,35
66184,19,38
66185,19,37
66186,19,38
66187,19,36
66188,19,37
66189,19,39
66190,19,38
66191,18,38
66192,19,37
66193,19,37
66194,19,40
66195,19,35
66196,19,37
66197,19,38
66198,19,37
66199,19,39
66200,19,37
66201,19,39
66202,19,37
66203,19,35
66204,19,39
66205,19,38
66206,19,38
66207,19,39
66208,19,36
66209,19,38
66210,19,38
66211,19,38
66212,18,39
66213,19,39
66214,19,37
66215,19,37
66216,19,38
66217,19,37
66218,19,36
66219,19,38
66220,19,38
66221,19,38
66222,19,39
66223,19,39
66224,19,38
66225,19,37
66226,19,38
66227,19,38
66228,19,38
66229,19,38
66230,19,39
66231,18,37
66232,19,38
66233,19,39
66234,19,40
66235,18,37
66236,18,37
66237,19,38
66238,19,39
66239,19,37
66240,19,35
66241,19,40
66242,19,38
66243,19,38
66244,19,39
66245,19,36
66246,19,36
66247,19,39
66248,19,36
66249,19,38
66250,19,37
66251,19,35
66252,19,36
66253,19,36
66254,19,37
66255,19,37
66256,19,36
66257,19,36
66258,19,37
66259,19,36
66260,19,37
66261,18,38
66262,19,36
66263,19,38
66264,19,36
66265,19,37
66266,19,37
66267,19,37
66268,19,38
66269,19,38
66270,19,37
66271,19,37
66272,19,38
66273,19,37
66274,19,39
66275,19,39
66276,18,36
66277,19,38
66278,19,35
66279,18,37
66280,18,38
66281,19,38
66282,19,38
66283,19,37
66284,19,36
66285,19,39
66286,19,35
66287,19,38
66288,19,38
66289,19,35
66290,19,37
66291,19,38
66292,19,36
66293,19,36
66294,19,38
66295,19,38
66296,19,38
66297,19,38
66298,19,39
66299,19,36
66300,19,37
66301,18,37
66302,19,38
66303,19,39
66304,19,38
66305,19,37
66306,19,39
66307,18,41
66308,19,35
66309,19,38
66310,19,36
66311,19,37
66312,19,37
66313,19,37
66314,19,38
66315,19,37
66316,19,37
66317,19,39
66318,19,40
66319,19,37
66320,19,40
66321,19,39
66322,19,37
66323,19,38
66324,19,38
66325,19,38
66326,19,37
66327,19,40
66328,19,37
66329,19,39
66330,19,37
66331,19,37
66332,19,41
66333,19,36
66334,19,38
66335,19,40
66336,19,36
66337,19,38
66338,18,38
66339,19,38
66340,19,39
66341,19,39
66342,19,37
66343,19,38
66344,18,38
66345,19,38
66346,19,39
66347,19,38
66348,19,40
66349,19,36
66350,19,36
66351,19,38
66352,19,40
66353,18,37
66354,19,39
66355,19,38
66356,19,37
66357,19,39
66358,19,41
66359,19,35
66360,19,38
66361,19,38
66362,19,38
66363,19,37
66364,19,37
66365,19,38
66366,19,36
66367,19,39
66368,19,37
66369,19,38
66370,19,38
66371,19,38
66372,19,35
66373,19,40
66374,19,37
66375,19,38
66376,19,39
66377,19,38
66378,19,39
66379,19,38
66380,19,36
66381,19,37
66382,18,40
66383,19,35
66384,19,38
66385,19,37
66386,19,37
66387,19,37
66388,19,41
66389,18,40
66390,19,38
66391,19,38
66392,19,37
66393,19,38
66394,18,37
66395,19,39
66396,19,38
66397,19,37
66398,19,38
66399,19,39
66400,19,39
66401,19,39
66402,19,38
66403,18,38
66404,19,40
66405,19,37
66406,19,37
66407,19,37
66408,19,36
66409,19,36
66410,19,37
66411,19,36
66412,19,38
66413,19,40
66414,19,37
66415,19,37
66416,19,35
66417,19,39
66418,19,36
66419,19,37
66420,19,40
66421,19,39
66422,18,39
66423,19,38
66424,18,37
66425,19,38
66426,19,38
66427,19,38
66428,19,37
66429,19,39
66430,19,37
66431,19,38
66432,19,37
66433,19,36
66434,19,38
66435,19,40
66436,19,39
66437,19,40
66438,19,37
66439,18,36
66440,19,38
66441,19,38
66442,19,39
66443,19,37
66444,19,36
66445,19,39
66446,19,37
66447,18,39
66448,19,38
66449,19,39
66450,19,37
66451,19,35
66452,19,39
66453,19,36
66454,19,37
66455,19,40
66456,19,37
66457,19,36
66458,19,36
66459,19,39
66460,18,38
66461,19,41
66462,19,37
66463,19,39
66464,18,38
66465,18,37
66466,19,38
66467,19,36
66468,19,37
66469,19,38
66470,18,38
66471,18,38
66472,19,40
66473,19,38
66474,18,36
66475,19,37
66476,19,37
66477,19,38
66478,19,38
66479,19,38
66480,19,37
66481,19,40
66482,19,37
66483,19,37
66484,19,37
66485,19,41
66486,19,36
66487,18,35
66488,19,38
66489,19,38
66490,19,37
66491,19,38
66492,19,36
66493,19,36
66494,19,37
66495,19,40
66496,19,36
66497,18,39
66498,19,37
66499,19,39
66500,19,38
66501,19,38
66502,19,39
66503,19,37
66504,19,38
66505,19,36
66506,19,39
66507,19,37
66508,19,39
66509,19,37
66510,19,35
66511,19,36
66512,19,35
66513,19,39
66514,18,38
66515,19,39
66516,19,39
66517,18,37
66518,19,35
66519,18,37
66520,19,38
66521,19,38
66522,19,40
66523,19,36
66524,19,37
66525,19,38
66526,19,36
66527,19,38
66528,19,37
66529,19,34
66530,18,39
66531,19,41
66532,19,37
66533,19,36
66534,19,37
66535,19,39
66536,19,38
66537,19,39
66538,19,37
66539,19,36
66540,19,35
66541,19,38
66542,19,37
66543,19,38
66544,19,37
66545,19,42
66546,19,36
66547,19,36
66548,19,37
66549,19,36
66550,19,36
66551,19,37
66552,19,38
66553,19,37
66554,19,40
66555,19,38
66556,18,37
66557,19,37
66558,19,38
66559,19,39
66560,19,37
66561,19,38
66562,19,38
66563,19,38
66564,19,36
66565,19,40
66566,19,38
66567,19,38
66568,19,38
66569,19,41
66570,19,38
66571,19,38
66572,19,38
66573,19,37
66574,19,38
66575,19,35
66576,19,37
66577,18,38
66578,19,37
66579,19,36
66580,19,39
66581,19,37
66582,18,38
66583,19,38
66584,19,39
66585,19,37
66586,19,39
66587,19,37
66588,19,38
66589,19,42
66590,19,37
66591,19,37
66592,19,37
66593,19,42
66594,19,36
66595,19,37
66596,19,39
66597,19,39
66598,18,37
66599,19,37
66600,19,36
66601,19,38
66602,19,37
66603,19,37
66604,19,35
66605,19,37
66606,19,36
66607,19,37
66608,18,38
66609,19,40
66610,19,37
66611,19,38
66612,19,39
66613,19,35
66614,19,39
66615,19,36
66616,18,39
66617,19,38
66618,19,36
66619,19,38
66620,18,36
66621,19,38
66622,19,38
66623,19,39
66624,18,39
66625,19,38
66626,19,37
66627,19,36
66628,19,37
66629,19,37
66630,19,37
66631,19,36
66632,19,35
66633,19,37
66634,19,37
66635,19,39
66636,19,39
66637,19,39
66638,19,39
66639,19,37
66640,18,38
66641,19,39
66642,19,40
66643,19,37
66644,19,37
66645,19,36
66646,19,36
66647,19,40
66648,19,37
66649,19,38
66650,19,38
66651,19,37
66652,18,40
66653,19,42
66654,19,38
66655,19,38
66656,18,38
66657,18,37
66658,19,39
66659,18,38
66660,19,40
66661,19,40
66662,19,40
66663,19,37
66664,19,39
66665,18,38
66666,19,39
66667,19,36
66668,19,37
66669,19,40
66670,19,37
66671,19,39
66672,19,35
66673,19,36
66674,19,40
66675,19,40
66676,19,37
66677,19,38
66678,19,39
66679,19,36
66680,19,37
66681,19,39
66682,19,37
66683,19,37
66684,19,34
66685,19,40
66686,19,39
66687,19,37
66688,19,37
66689,19,38
66690,18,38
66691,19,35
66692,19,38
66693,19,36
66694,19,38
66695,19,38
66696,19,39
66697,19,39
66698,18,36
66699,19,37
66700,19,39
66701,19,38
66702,19,36
66703,19,37
66704,19,37
66705,19,39
66706,19,36
66707,19,36
66708,19,38
66709,19,39
66710,19,38
66711,19,37
66712,19,39
66713,19,39
66714,19,38
66715,19,40
66716,19,39
66717,19,38
66718,19,39
66719,19,38
66720,19,37
66721,18,38
66722,18,37
66723,19,38
66724,19,40
66725,19,39
66726,19,37
66727,19,37
66728,19,38
66729,19,39
66730,18,37
66731,19,37
66732,19,37
66733,19,36
66734,19,37
66735,19,37
66736,19,35
66737,19,38
66738,19,41
66739,19,38
66740,19,37
66741,18,38
66742,19,38
66743,19,36
66744,19,36
66745,19,38
66746,19,36
66747,19,38
66748,19,37
66749,19,37
66750,19,39
66751,19,35
66752,19,38
66753,19,39
66754,19,37
66755,19,39
66756,19,39
66757,19,39
66758,19,36
66759,19,37
66760,19,38
66761,19,37
66762,19,37
66763,19,39
66764,18,37
66765,19,36
66766,19,38
66767,19,38
66768,19,38
66769,19,37
66770,19,38
66771,19,38
66772,19,37
66773,19,37
66774,19,38
66775,19,39
66776,19,39
66777,19,36
66778,19,38
66779,19,39
66780,19,39
66781,19,40
66782,19,36
66783,19,40
66784,19,37
66785,19,37
66786,19,37
66787,19,37
66788,19,39
66789,19,38
66790,19,37
66791,19,36
66792,19,38
66793,19,38
66794,19,37
66795,19,38
66796,18,37
66797,19,35
66798,19,37
66799,19,38
66800,19,35
66801,19,37
66802,19,37
66803,19,39
66804,19,38
66805,19,37
66806,19,38
66807,18,37
66808,19,36
66809,19,36
66810,18,40
66811,19,35
66812,19,36
66813,19,38
66814,19,38
66815,19,38
66816,19,36
66817,19,38
66818,19,38
66819,19,39
66820,19,39
66821,19,37
66822,19,37
66823,19,38
66824,19,38
66825,19,39
66826,19,38
66827,19,37
66828,19,37
66829,19,36
66830,19,38
66831,19,37
66832,19,38
66833,19,35
66834,19,37
66835,19,38
66836,19,38
66837,19,38
66838,19,36
66839,18,37
66840,19,38
66841,19,37
66842,19,36
66843,19,38
66844,19,36
66845,19,39
66846,19,38
66847,19,38
66848,19,37
66849,19,36
66850,19,39
66851,19,40
66852,19,37
66853,19,39
66854,19,36
66855,19,37
66856,19,38
66857,19,38
66858,19,35
66859,19,38
66860,19,36
66861,19,40
66862,19,37
66863,19,38
66864,19,38
66865,19,38
66866,18,37
66867,19,35
66868,19,39
66869,19,39
66870,19,37
66871,19,38
66872,19,38
66873,19,40
66874,19,37
66875,19,38
66876,19,38
66877,19,37
66878,19,38
66879,19,39
66880,19,36
66881,19,37
66882,19,37
66883,19,35
66884,19,40
66885,19,37
66886,19,38
66887,19,38
66888,19,38
66889,19,38
66890,19,37
66891,19,36
66892,19,40
66893,19,39
66894,19,37
66895,19,36
66896,19,35
66897,19,39
66898,19,39
66899,19,38
66900,19,38
66901,18,36
66902,19,37
66903,19,39
66904,19,39
66905,19,39
66906,19,36
66907,19,39
66908,19,38
66909,19,36
66910,19,39
66911,19,37
66912,19,37
66913,19,38
66914,19,36
66915,19,38
66916,19,38
66917,19,38
66918,19,38
66919,19,36
66920,19,38
66921,19,38
66922,19,36
66923,19,37
66924,19,37
66925,19,39
66926,19,36
66927,19,37
66928,19,38
66929,19,37
66930,19,37
66931,19,40
66932,19,36
66933,18,37
66934,19,39
66935,19,38
66936,19,38
66937,19,37
66938,19,38
66939,19,37
66940,19,36
66941,18,40
66942,19,40
66943,19,40
66944,19,39
66945,18,37
66946,19,38
66947,19,37
66948,19,41
66949,19,38
66950,19,38
66951,19,36
66952,19,37
66953,19,37
66954,19,38
66955,19,36
66956,19,40
66957,19,37
66958,19,40
66959,19,35
66960,19,39
66961,19,39
66962,19,37
66963,19,37
66964,19,38
66965,19,36
66966,18,37
66967,19,38
66968,19,37
66969,19,36
66970,19,36
66971,19,37
66972,19,40
66973,19,40
66974,19,40
66975,19,38
66976,19,36
66977,19,39
66978,19,37
66979,19,37
66980,19,39
66981,19,36
66982,19,35
66983,19,38
66984,19,37
66985,19,37
66986,19,38
66987,19,40
66988,19,37
66989,19,38
66990,19,38
66991,19,37
66992,19,36
66993,19,36
66994,19,38
66995,19,36
66996,18,36
66997,18,38
66998,18,38
66999,18,38
67000,19,38
67001,19,36
67002,19,36
67003,19,38
67004,19,36
67005,19,36
67006,19,39
67007,19,37
67008,19,37
67009,19,37
67010,19,39
67011,19,37
67012,19,37
67013,19,36
67014,19,40
67015,19,39
67016,19,38
67017,19,39
67018,19,38
67019,19,38
67020,18,40
67021,19,36
67022,19,37
67023,19,40
67024,19,39
67025,19,37
67026,19,39
67027,19,39
67028,18,36
67029,19,39
67030,19,37
67031,19,41
67032,19,38
67033,19,37
67034,19,38
67035,19,37
67036,19,38
67037,19,39
67038,19,38
67039,19,37
67040,19,36
67041,19,35
67042,19,37
67043,19,36
67044,19,36
67045,19,37
67046,19,38
67047,18,39
67048,19,39
67049,19,38
67050,18,38
67051,19,38
67052,19,37
67053,19,38
67054,19,37
67055,18,38
67056,19,39
67057,19,38
67058,19,39
67059,19,38
67060,19,36
67061,19,38
67062,19,38
67063,19,38
67064,19,36
67065,19,37
67066,19,39
67067,19,39
67068,19,37
67069,19,37
67070,19,39
67071,19,37
67072,19,37
67073,19,37
67074,19,39
67075,19,40
67076,19,39
67077,19,38
67078,18,39
67079,19,38
67080,19,36
67081,19,37
67082,19,36
67083,19,38
67084,19,36
67085,19,39
67086,19,38
67087,19,38
67088,19,38
67089,19,38
67090,19,40
67091,19,35
67092,19,39
67093,19,39
67094,19,37
67095,19,37
67096,19,39
67097,19,38
67098,19,36
67099,19,37
67100,19,40
67101,19,36
67102,19,41
67103,19,37
67104,19,37
67105,19,36
67106,19,36
67107,19,38
67108,19,38
67109,19,37
67110,19,38
67111,19,37
67112,19,37
67113,19,36
67114,19,39
67115,19,38
67116,19,38
67117,19,37
67118,18,38
67119,19,39
67120,19,37
67121,18,36
67122,19,37
67123,19,36
67124,19,35
67125,19,38
67126,19,38
67127,19,38
67128,19,35
67129,19,39
67130,19,38
67131,19,37
67132,19,40
67133,19,36
67134,19,37
67135,18,38
67136,18,36
67137,19,38
67138,19,38
67139,19,37
67140,19,38
67141,19,39
67142,19,37
67143,19,38
67144,19,37
67145,19,37
67146,19,37
67147,19,37
67148,19,38
67149,19,37
67150,19,38
67151,19,37
67152,19,37
67153,19,36
67154,19,39
67155,19,39
67156,19,37
67157,19,38
67158,19,36
67159,19,37
67160,19,37
67161,19,37
67162,19,37
67163,19,38
67164,19,39
67165,19,37
67166,19,39
67167,18,36
67168,19,38
67169,19,37
67170,19,40
67171,18,38
67172,19,39
67173,19,37
67174,19,39
67175,19,36
67176,19,36
67177,19,38
67178,19,38
67179,19,38
67180,18,36
67181,19,38
67182,19,41
67183,19,38
67184,19,37
67185,19,39
67186,19,36
67187,19,39
67188,19,37
67189,19,37
67190,19,38
67191,19,38
67192,19,35
67193,19,38
67194,19,36
67195,19,39
67196,19,38
67197,19,39
67198,19,38
67199,19,38
67200,19,40
67201,19,37
67202,19,38
67203,19,38
67204,19,36
67205,19,37
67206,19,36
67207,18,38
67208,19,39
67209,19,37
67210,18,39
67211,19,38
67212,19,37
67213,19,38
67214,18,38
67215,19,37
67216,19,36
67217,19,39
67218,19,37
67219,19,40
67220,19,37
67221,19,38
67222,18,37
67223,19,37
67224,19,39
67225,19,37
67226,19,38
67227,19,37
67228,19,39
67229,19,36
67230,19,38
67231,19,38
67232,19,36
67233,19,38
67234,19,37
67235,19,38
67236,18,37
67237,19,37
67238,19,39
67239,19,37
67240,19,39
67241,19,38
67242,19,38
67243,19,36
67244,19,37
67245,19,38
67246,19,36
67247,19,37
67248,19,41
67249,19,38
67250,19,36
67251,19,37
67252,19,38
67253,19,41
67254,19,38
67255,19,37
67256,19,38
67257,19,36
67258,19,35
67259,19,42
67260,19,37
67261,19,39
67262,19,36
67263,19,36
67264,19,38
67265,19,38
67266,19,38
67267,19,38
67268,19,39
67269,19,38
67270,19,38
67271,19,39
67272,19,37
67273,19,38
67274,19,38
67275,19,37
67276,19,37
67277,19,37
67278,19,36
67279,19,38
67280,19,37
67281,19,37
67282,19,39
67283,19,37
67284,19,38
67285,19,36
67286,19,37
67287,19,37
67288,19,40
67289,19,37
67290,19,37
67291,19,38
67292,19,38
67293,19,38
67294,19,38
67295,19,40
67296,19,36
67297,19,37
67298,19,36
67299,19,38
67300,19,36
67301,19,39
67302,19,40
67303,19,38
67304,19,36
67305,19,39
67306,19,38
67307,19,37
67308,19,37
67309,19,36
67310,19,37
67311,19,36
67312,18,39
67313,19,37
67314,18,37
67315,19,40
67316,19,38
67317,19,38
67318,19,39
67319,19,37
67320,19,38
67321,19,36
67322,19,41
67323,19,38
67324,19,37
67325,19,37
67326,19,38
67327,19,38
67328,18,37
67329,19,35
67330,19,38
67331,19,38
67332,19,35
67333,19,41
67334,18,38
67335,19,38
67336,19,38
67337,19,39
67338,19,36
67339,19,36
67340,19,38
67341,19,36
67342,19,37
67343,19,37
67344,19,37
67345,19,37
67346,19,39
67347,19,38
67348,19,39
67349,19,37
67350,19,39
67351,19,36
67352,19,38
67353,19,37
67354,18,38
67355,19,40
67356,19,37
67357,18,38
67358,19,36
67359,19,37
67360,19,38
67361,19,38
67362,19,37
67363,19,39
67364,19,37
67365,19,38
67366,19,40
67367,19,38
67368,19,37
67369,18,36
67370,19,39
67371,19,38
67372,19,38
67373,19,37
67374,19,38
67375,19,38
67376,19,38
67377,19,39
67378,19,40
67379,19,39
67380,19,39
67381,19,39
67382,19,38
67383,19,38
67384,19,36
67385,19,38
67386,19,39
67387,19,35
67388,19,40
67389,19,38
67390,18,38
67391,19,36
67392,19,36
67393,19,38
67394,19,38
67395,19,37
67396,19,38
67397,19,39
67398,19,37
67399,19,37
67400,19,36
67401,19,38
67402,19,37
67403,18,37
67404,19,37
67405,19,39
67406,19,38
67407,19,39
67408,19,39
67409,19,37
67410,19,36
67411,19,37
67412,19,37
67413,19,37
67414,19,38
67415,18,37
67416,19,39
67417,19,39
67418,19,37
67419,19,36
67420,19,37
67421,19,37
67422,19,37
67423,19,36
67424,19,38
67425,19,36
67426,19,38
67427,19,36
67428,19,38
67429,19,36
67430,19,37
67431,19,38
67432,18,36
67433,19,39
67434,19,38
67435,19,38
67436,18,37
67437,19,37
67438,19,39
67439,19,36
67440,19,38
67441,19,37
67442,19,38
67443,19,37
67444,19,36
67445,19,39
67446,19,36
67447,19,38
67448,19,37
67449,19,37
67450,19,40
67451,19,38
67452,19,39
67453,19,39
67454,19,39
67455,19,37
67456,19,39
67457,19,39
67458,19,36
67459,19,36
67460,19,37
67461,19,39
67462,19,35
67463,19,37
67464,19,36
67465,19,39
67466,19,38
67467,19,36
67468,19,38
67469,19,37
67470,19,37
67471,19,37
67472,19,38
67473,19,37
67474,19,39
67475,19,38
67476,19,37
67477,19,38
67478,19,36
67479,18,38
67480,19,38
67481,18,38
67482,19,35
67483,19,38
67484,19,36
67485,19,37
67486,18,37
67487,19,36
67488,19,40
67489,19,37
67490,19,37
67491,19,40
67492,19,39
67493,19,38
67494,19,39
67495,18,37
67496,19,37
67497,19,38
67498,19,38
67499,19,36
67500,19,37
67501,19,36
67502,19,38
67503,19,38
67504,19,39
67505,19,38
67506,18,37
67507,19,37
67508,19,38
67509,19,37
67510,19,36
67511,19,37
67512,19,37
67513,19,39
67514,18,37
67515,19,37
67516,19,39
67517,19,36
67518,19,39
67519,19,36
67520,19,39
67521,19,37
67522,19,37
67523,19,38
67524,19,40
67525,19,39
67526,19,37
67527,19,37
67528,19,37
67529,19,35
67530,19,38
67531,19,38
67532,19,38
67533,19,37
67534,19,39
67535,19,37
67536,19,37
67537,19,39
67538,19,37
67539,19,38
67540,19,39
67541,18,36
67542,19,37
67543,19,38
67544,19,39
67545,19,37
67546,19,36
67547,19,37
67548,19,38
67549,19,38
67550,19,39
67551,19,38
67552,19,38
67553,19,37
67554,19,37
67555,19,37
67556,19,35
67557,19,37
67558,19,37
67559,19,37
67560,19,36
67561,19,39
67562,19,39
67563,19,37
67564,19,37
67565,19,38
67566,19,36
67567,19,37
67568,19,37
67569,19,39
67570,19,37
67571,19,39
67572,19,39
67573,19,38
67574,19,36
67575,19,37
67576,19,36
67577,19,40
67578,19,38
67579,19,37
67580,19,39
67581,19,35
67582,19,37
67583,19,35
67584,19,38
67585,19,38
67586,19,39
67587,19,37
67588,18,37
67589,19,40
67590,19,37
67591,19,39
67592,19,38
67593,19,37
67594,19,36
67595,19,38
67596,19,38
67597,19,37
67598,19,39
67599,19,36
67600,19,35
67601,19,36
67602,19,38
67603,19,38
67604,19,37
67605,19,37
67606,19,38
67607,19,41
67608,19,37
67609,19,39
67610,19,39
67611,19,39
67612,19,37
67613,19,38
67614,19,36
67615,19,37
67616,19,35
67617,19,37
67618,19,36
67619,19,37
67620,19,39
67621,19,37
67622,19,39
67623,19,39
67624,19,37
67625,19,37
67626,19,37
67627,19,38
67628,19,37
67629,19,37
67630,19,39
67631,19,38
67632,19,35
67633,19,38
67634,19,38
67635,19,38
67636,19,37
67637,19,38
67638,19,37
67639,19,38
67640,19,37
67641,19,37
67642,19,39
67643,19,38
67644,19,36
67645,19,37
67646,19,37
67647,19,37
67648,19,37
67649,19,39
67650,19,37
67651,19,39
67652,19,37
67653,19,38
67654,19,39
67655,19,37
67656,19,35
67657,19,40
67658,19,38
67659,19,38
67660,19,36
67661,19,38
67662,19,39
67663,19,38
67664,19,37
67665,19,37
67666,19,38
67667,19,39
67668,19,36
67669,19,37
67670,19,38
67671,19,37
67672,19,36
67673,19,38
67674,19,42
67675,19,36
67676,19,37
67677,19,39
67678,19,38
67679,19,38
67680,19,39
67681,19,36
67682,19,35
67683,18,38
67684,19,38
67685,18,38
67686,19,37
67687,19,38
67688,19,38
67689,19,38
67690,19,38
67691,19,37
67692,19,40
67693,19,39
67694,19,37
67695,19,37
67696,18,36
67697,19,37
67698,19,40
67699,19,39
67700,19,39
67701,19,37
67702,19,39
67703,19,37
67704,19,37
67705,19,37
67706,19,39
67707,19,36
67708,19,37
67709,19,37
67710,19,36
67711,19,40
67712,19,38
67713,19,38
67714,19,37
67715,19,37
67716,19,38
67717,19,37
67718,19,39
67719,19,38
67720,19,38
67721,19,38
67722,19,39
67723,19,39
67724,19,38
67725,19,36
67726,18,37
67727,19,36
67728,19,38
67729,19,36
67730,19,39
67731,19,39
67732,19,40
67733,19,37
67734,19,38
67735,18,35
67736,19,38
67737,19,35
67738,19,37
67739,19,38
67740,19,37
67741,18,39
67742,19,38
67743,19,38
67744,19,38
67745,19,38
67746,18,38
67747,19,37
67748,19,38
67749,19,36
67750,19,38
67751,19,38
67752,19,37
67753,19,37
67754,19,36
67755,19,38
67756,19,37
67757,19,37
67758,19,38
67759,19,38
67760,19,38
67761,19,40
67762,19,37
67763,19,39
67764,19,37
67765,19,39
67766,19,37
67767,19,38
67768,19,36
67769,19,38
67770,19,38
67771,19,37
67772,19,37
67773,19,38
67774,19,36
67775,19,37
67776,19,39
67777,19,38
67778,19,38
67779,19,39
67780,19,39
67781,19,38
67782,19,39
67783,19,37
67784,19,37
67785,19,38
67786,19,39
67787,19,38
67788,19,39
67789,19,35
67790,19,36
67791,19,38
67792,19,36
67793,19,37
67794,19,36
67795,19,37
67796,19,39
67797,19,35
67798,19,38
67799,19,37
67800,19,38
67801,19,38
67802,19,36
67803,19,37
67804,19,35
67805,19,38
67806,19,38
67807,19,39
67808,19,39
67809,19,39
67810,19,38
67811,19,38
67812,19,37
67813,19,38
67814,19,39
67815,19,38
67816,18,38
67817,19,36
67818,19,38
67819,19,39
67820,19,37
67821,19,36
67822,19,37
67823,19,37
67824,19,40
67825,19,38
67826,19,36
67827,19,38
67828,19,41
67829,19,38
67830,19,37
67831,19,36
67832,19,37
67833,19,36
67834,19,36
67835,19,37
67836,19,37
67837,19,36
67838,19,40
67839,19,35
67840,19,40
67841,19,36
67842,19,38
67843,19,37
67844,18,39
67845,19,39
67846,19,39
67847,19,40
67848,18,38
67849,19,37
67850,19,37
67851,19,41
67852,19,39
67853,19,38
67854,19,38
67855,19,39
67856,19,38
67857,19,38
67858,19,38
67859,19,37
67860,19,40
67861,19,35
67862,19,39
67863,19,40
67864,19,38
67865,19,38
67866,19,36
67867,19,39
67868,19,37
67869,19,37
67870,19,37
67871,19,39
67872,19,38
67873,19,39
67874,19,37
67875,19,40
67876,19,38
67877,19,38
67878,19,37
67879,19,38
67880,19,36
67881,19,40
67882,19,37
67883,19,36
67884,19,39
67885,19,39
67886,19,39
67887,19,36
67888,19,37
67889,19,37
67890,19,37
67891,19,37
67892,19,37
67893,19,39
67894,19,40
67895,19,39
67896,19,37
67897,19,37
67898,19,37
67899,19,39
67900,18,39
67901,19,38
67902,19,36
67903,19,35
67904,19,38
67905,19,37
67906,19,38
67907,19,37
67908,19,36
67909,19,38
67910,19,37
67911,19,37
67912,19,37
67913,19,38
67914,19,41
67915,19,40
67916,19,37
67917,19,37
67918,19,41
67919,19,36
67920,19,39
67921,19,37
67922,19,38
67923,19,37
67924,19,37
67925,19,39
67926,19,36
67927,19,36
67928,19,36
67929,19,40
67930,19,38
67931,19,37
67932,19,37
67933,19,39
67934,19,39
67935,19,37
67936,19,36
67937,19,36
67938,19,39
67939,19,39
67940,19,39
67941,19,37
67942,19,36
67943,19,38
67944,19,38
67945,19,41
67946,19,38
67947,19,37
67948,19,39
67949,19,38
67950,19,39
67951,19,37
67952,18,40
67953,19,38
67954,19,36
67955,19,38
67956,19,38
67957,19,39
67958,19,36
67959,19,40
67960,19,39
67961,19,36
67962,19,36
67963,19,38
67964,19,36
67965,19,35
67966,18,37
67967,19,37
67968,19,37
67969,19,37
67970,18,39
67971,19,37
67972,19,39
67973,19,38
67974,19,37
67975,19,39
67976,19,39
67977,19,36
67978,18,37
67979,19,38
67980,19,38
67981,19,37
67982,19,35
67983,19,37
67984,19,38
67985,18,38
67986,18,40
67987,19,37
67988,19,38
67989,19,37
67990,19,37
67991,19,37
67992,19,36
67993,19,38
67994,19,38
67995,19,39
67996,19,38
67997,19,36
67998,19,38
67999,19,36
68000,19,38
68001,19,38
68002,19,40
68003,19,38
68004,19,38
68005,19,37
68006,19,38
68007,19,37
68008,19,39
68009,19,38
68010,19,41
68011,19,39
68012,19,38
68013,19,36
68014,19,40
68015,19,39
68016,19,38
68017,19,37
68018,19,39
68019,19,39
68020,19,36
68021,19,37
68022,19,38
68023,19,38
68024,19,36
68025,19,39
68026,19,37
68027,19,39
68028,19,38
68029,18,36
68030,19,39
68031,19,38
68032,19,38
68033,19,39
68034,19,40
68035,19,40
68036,19,38
68037,19,38
68038,19,38
68039,19,37
68040,19,38
68041,19,39
68042,19,39
68043,19,37
68044,19,36
68045,19,38
68046,19,38
68047,19,37
68048,19,35
68049,19,38
68050,19,37
68051,19,37
68052,19,39
68053,19,39
68054,19,39
68055,19,38
68056,19,39
68057,19,40
68058,19,37
68059,19,38
68060,19,39
68061,18,39
68062,19,36
68063,19,39
68064,19,38
68065,19,35
68066,19,38
68067,19,39
68068,19,38
68069,19,38
68070,19,37
68071,19,38
68072,18,39
68073,19,37
68074,19,37
68075,19,37
68076,19,38
68077,19,34
68078,19,37
68079,19,38
68080,19,38
68081,18,36
68082,19,35
68083,19,37
68084,19,39
68085,19,38
68086,19,36
68087,19,36
68088,19,37
68089,19,37
68090,19,38
68091,19,39
68092,19,36
68093,19,38
68094,19,37
68095,19,37
68096,19,37
68097,19,37
68098,18,37
68099,19,38
68100,19,37
68101,19,40
68102,19,39
68103,19,37
68104,19,37
68105,19,37
68106,19,39
68107,19,35
68108,19,42
68109,19,38
68110,19,37
68111,19,41
68112,19,37
68113,19,39
68114,19,37
68115,19,37
68116,19,38
68117,19,38
68118,19,37
68119,19,40
68120,19,37
68121,19,37
68122,19,38
68123,19,37
68124,19,38
68125,19,39
68126,19,39
68127,19,38
68128,19,36
68129,19,37
68130,19,36
68131,19,38
68132,19,39
68133,19,38
68134,19,39
68135,19,36
68136,19,37
68137,19,38
68138,19,37
68139,19,37
68140,19,41
68141,19,38
68142,19,35
68143,19,39
68144,19,39
68145,19,38
68146,19,38
68147,19,39
68148,19,39
68149,19,36
68150,19,36
68151,19,36
68152,19,40
68153,19,37
68154,19,40
68155,19,40
68156,19,36
68157,19,39
68158,19,37
68159,19,36
68160,19,38
68161,19,38
68162,19,38
68163,19,35
68164,19,38
68165,19,40
68166,19,36
68167,19,37
68168,19,37
68169,19,38
68170,19,39
68171,19,38
68172,19,39
68173,19,38
68174,19,38
68175,19,39
68176,19,39
68177,19,37
68178,19,38
68179,19,39
68180,19,38
68181,19,40
68182,19,38
68183,19,37
68184,19,37
68185,19,38
68186,19,40
68187,19,38
68188,19,38
68189,19,37
68190,19,38
68191,19,38
68192,19,39
68193,19,39
68194,19,39
68195,19,39
68196,19,38
68197,19,38
68198,19,37
68199,19,36
68200,19,35
68201,19,39
68202,19,39
68203,19,39
68204,19,39
68205,19,37
68206,19,37
68207,19,37
68208,19,37
68209,19,36
68210,19,38
68211,19,36
68212,19,37
68213,19,37
68214,19,39
68215,19,37
68216,19,37
68217,19,38
68218,19,37
68219,19,36
68220,19,38
68221,19,40
68222,19,38
68223,19,38
68224,19,39
68225,19,37
68226,19,36
68227,19,40
68228,18,38
68229,19,38
68230,19,37
68231,19,37
68232,19,39
68233,19,38
68234,19,38
68235,19,37
68236,18,39
68237,19,38
68238,19,37
68239,19,36
68240,19,39
68241,19,38
68242,19,38
68243,19,38
68244,19,37
68245,18,37
68246,19,38
68247,19,37
68248,19,38
68249,19,39
68250,19,36
68251,19,35
68252,19,41
68253,19,36
68254,19,35
68255,19,41
68256,19,38
68257,19,36
68258,19,41
68259,19,39
68260,19,36
68261,19,38
68262,19,37
68263,19,37
68264,19,37
68265,19,39
68266,19,37
68267,19,38
68268,18,38
68269,19,38
68270,19,39
68271,19,37
68272,19,39
68273,19,37
68274,19,41
68275,19,36
68276,19,36
68277,19,39
68278,19,36
68279,19,38
68280,19,39
68281,19,37
68282,19,39
68283,19,37
68284,19,37
68285,19,36
68286,19,39
68287,19,39
68288,19,38
68289,19,37
68290,19,37
68291,19,39
68292,19,37
68293,19,37
68294,19,40
68295,19,39
68296,19,38
68297,19,37
68298,19,38
68299,19,39
68300,19,38
68301,19,36
68302,19,38
68303,19,38
68304,19,36
68305,19,39
68306,19,38
68307,19,37
68308,19,40
68309,19,39
68310,19,37
68311,19,40
68312,19,36
68313,19,38
68314,19,37
68315,19,39
68316,19,38
68317,19,38
68318,19,38
68319,19,38
68320,19,38
68321,19,38
68322,19,40
68323,19,39
68324,19,38
68325,19,39
68326,19,39
68327,19,38
68328,19,38
68329,19,40
68330,19,36
68331,19,38
68332,19,40
68333,19,38
68334,19,37
68335,19,40
68336,19,36
68337,19,38
68338,19,36
68339,19,38
68340,19,38
68341,19,37
68342,19,38
68343,19,36
68344,19,39
68345,19,39
68346,19,38
68347,19,38
68348,19,39
68349,19,38
68350,19,39
68351,19,38
68352,19,37
68353,19,41
68354,19,37
68355,19,38
68356,19,36
68357,19,37
68358,19,38
68359,19,38
68360,19,38
68361,19,38
68362,19,37
68363,18,38
68364,19,36
68365,19,38
68366,19,39
68367,19,41
68368,19,38
68369,19,37
68370,19,36
68371,18,39
68372,19,38
68373,19,40
68374,19,37
68375,19,37
68376,19,38
68377,19,38
68378,19,37
68379,19,36
68380,18,38
68381,19,36
68382,19,39
68383,19,40
68384,19,37
68385,19,39
68386,19,37
68387,19,38
68388,19,39
68389,19,37
68390,19,37
68391,19,38
68392,19,37
68393,19,37
68394,19,41
68395,19,37
68396,19,36
68397,19,38
68398,19,39
68399,19,36
68400,19,39
68401,19,37
68402,18,39
68403,19,37
68404,19,38
68405,19,39
68406,19,36
68407,19,36
68408,19,37
68409,19,38
68410,19,37
68411,19,36
68412,19,37
68413,19,38
68414,19,37
68415,19,38
68416,18,38
68417,19,38
68418,19,39
68419,19,39
68420,19,37
68421,19,36
68422,19,38
68423,18,36
68424,19,39
68425,19,39
68426,19,38
68427,19,38
68428,19,37
68429,19,38
68430,19,36
68431,19,38
68432,19,40
68433,19,36
68434,19,38
68435,18,36
68436,19,37
68437,18,37
68438,19,37
68439,19,35
68440,19,37
68441,19,39
68442,19,36
68443,18,37
68444,19,36
68445,19,38
68446,19,37
68447,19,38
68448,19,38
68449,19,37
68450,19,37
68451,19,41
68452,19,37
68453,19,39
68454,19,37
68455,19,37
68456,19,36
68457,19,36
68458,19,36
68459,19,39
68460,19,41
68461,18,37
68462,19,37
68463,19,36
68464,19,36
68465,19,39
68466,19,37
68467,19,35
68468,19,38
68469,19,38
68470,19,37
68471,19,37
68472,19,37
68473,19,37
68474,19,38
68475,19,37
68476,19,39
68477,19,38
68478,19,37
68479,19,39
68480,19,38
68481,19,37
68482,19,38
68483,19,37
68484,19,36
68485,19,36
68486,19,41
68487,19,39
68488,19,38
68489,19,37
68490,19,37
68491,19,38
68492,19,40
68493,19,37
68494,19,37
68495,19,38
68496,19,37
68497,19,36
68498,19,39
68499,19,38
68500,19,37
68501,19,36
68502,19,36
68503,19,37
68504,19,36
68505,19,37
68506,19,37
68507,19,37
68508,19,39
68509,19,37
68510,19,36
68511,19,38
68512,19,38
68513,19,37
68514,19,36
68515,19,37
68516,19,39
68517,19,37
68518,19,41
68519,19,39
68520,19,36
68521,19,37
68522,19,38
68523,19,37
68524,18,40
68525,18,38
68526,19,39
68527,19,40
68528,19,36
68529,19,38
68530,19,38
68531,19,40
68532,19,37
68533,19,39
68534,19,37
68535,19,38
68536,19,37
68537,18,38
68538,19,38
68539,19,37
68540,19,39
68541,19,37
68542,19,38
68543,19,38
68544,19,38
68545,19,36
68546,19,37
68547,19,36
68548,19,37
68549,19,35
68550,19,39
68551,19,40
68552,19,37
68553,19,37
68554,19,39
68555,19,37
68556,19,37
68557,19,38
68558,19,37
68559,19,38
68560,19,39
68561,19,39
68562,19,36
68563,19,39
68564,19,36
68565,19,38
68566,19,36
68567,19,38
68568,19,38
68569,18,38
68570,18,37
68571,19,38
68572,19,38
68573,19,40
68574,19,38
68575,19,38
68576,19,38
68577,19,36
68578,19,39
68579,19,38
68580,19,37
68581,19,38
68582,19,36
68583,19,38
68584,19,38
68585,19,37
68586,19,39
68587,19,41
68588,19,38
68589,19,40
68590,19,38
68591,19,39
68592,19,36
68593,19,38
68594,19,37
68595,19,40
68596,19,37
68597,19,40
68598,19,38
68599,19,39
68600,19,39
68601,19,37
68602,19,37
68603,19,39
68604,19,35
68605,19,38
68606,19,39
68607,19,39
68608,19,36
68609,19,37
68610,19,39
68611,19,39
68612,19,37
68613,19,37
68614,19,39
68615,19,39
68616,19,38
68617,19,38
68618,19,39
68619,19,37
68620,19,38
68621,19,38
68622,19,38
68623,19,38
68624,19,38
68625,19,40
68626,19,38
68627,19,36
68628,19,39
68629,19,38
68630,19,38
68631,19,38
68632,19,37
68633,19,39
68634,19,37
68635,19,39
68636,19,36
68637,19,36
68638,19,39
68639,19,37
68640,19,38
68641,19,40
68642,19,37
68643,19,39
68644,19,38
68645,19,42
68646,19,39
68647,19,39
68648,19,37
68649,19,39
68650,19,38
68651,19,36
68652,19,36
68653,19,37
68654,19,36
68655,19,37
68656,19,38
68657,19,40
68658,19,38
68659,19,41
68660,19,39
68661,19,37
68662,19,37
68663,19,39
68664,19,37
68665,19,36
68666,19,36
68667,19,37
68668,19,37
68669,19,40
68670,18,39
68671,19,36
68672,19,38
68673,19,38
68674,19,38
68675,19,37
68676,19,38
68677,19,35
68678,19,37
68679,19,38
68680,19,38
68681,19,37
68682,19,38
68683,19,38
68684,19,37
68685,19,37
68686,19,39
68687,19,39
68688,19,36
68689,19,37
68690,19,37
68691,19,38
68692,19,38
68693,19,37
68694,19,37
68695,19,38
68696,19,37
68697,19,39
68698,19,41
68699,19,36
68700,19,38
68701,19,37
68702,19,38
68703,19,38
68704,19,38
68705,19,38
68706,19,37
68707,19,38
68708,19,40
68709,19,37
68710,19,37
68711,19,41
68712,19,37
68713,19,39
68714,19,38
68715,19,40
68716,19,38
68717,19,37
68718,19,38
68719,19,40
68720,19,38
68721,19,38
68722,19,37
68723,19,40
68724,19,38
68725,19,39
68726,19,39
68727,19,37
68728,19,38
68729,19,37
68730,19,41
68731,19,36
68732,19,37
68733,19,36
68734,19,39
68735,19,38
68736,19,40
68737,19,39
68738,19,39
68739,19,39
68740,19,36
68741,19,37
68742,19,38
68743,19,38
68744,19,38
68745,18,36
68746,19,38
68747,19,39
68748,19,39
68749,19,36
68750,19,39
68751,19,39
68752,19,35
68753,19,37
68754,19,37
68755,19,39
68756,19,38
68757,19,39
68758,19,38
68759,19,40
68760,19,38
68761,19,36
68762,19,38
68763,19,39
68764,19,38
68765,19,35
68766,19,38
68767,19,38
68768,19,37
68769,19,36
68770,19,39
68771,19,39
68772,19,38
68773,19,37
68774,19,38
68775,19,39
68776,19,37
68777,19,38
68778,19,38
68779,19,38
68780,19,39
68781,19,39
68782,19,40
68783,19,39
68784,19,36
68785,19,38
68786,19,39
68787,19,37
68788,19,38
68789,19,38
68790,19,38
68791,19,36
68792,19,39
68793,19,40
68794,19,37
68795,18,38
68796,19,37
68797,19,35
68798,18,37
68799,19,36
68800,19,35
68801,19,40
68802,19,38
68803,19,37
68804,19,38
68805,19,38
68806,19,39
68807,19,39
68808,19,36
68809,19,36
68810,19,40
68811,19,38
68812,19,36
68813,19,36
68814,19,38
68815,19,38
68816,18,37
68817,19,40
68818,19,39
68819,19,37
68820,19,38
68821,19,35
68822,19,39
68823,18,39
68824,19,37
68825,19,38
68826,19,36
68827,19,37
68828,19,37
68829,19,39
68830,19,38
68831,19,39
68832,19,41
68833,19,38
68834,19,40
68835,19,37
68836,19,39
68837,19,37
68838,19,39
68839,18,37
68840,19,37
68841,19,38
68842,19,37
68843,19,41
68844,19,38
68845,19,38
68846,19,39
68847,19,38
68848,19,39
68849,19,40
68850,19,37
68851,19,37
68852,19,37
68853,19,38
68854,19,38
68855,19,38
68856,19,37
68857,19,37
68858,19,37
68859,19,38
68860,19,38
68861,19,39
68862,19,36
68863,19,41
68864,19,36
68865,19,36
68866,19,39
68867,19,36
68868,19,36
68869,19,39
68870,19,40
68871,19,36
68872,19,38
68873,19,39
68874,19,37
68875,19,37
68876,19,38
68877,19,37
68878,19,39
68879,19,37
68880,19,39
68881,19,39
68882,19,40
68883,19,37
68884,19,38
68885,19,38
68886,19,39
68887,19,37
68888,19,36
68889,19,38
68890,19,38
68891,19,40
68892,19,38
68893,19,36
68894,19,39
68895,19,38
68896,19,38
68897,19,36
68898,19,38
68899,19,40
68900,19,40
68901,19,37
68902,19,38
68903,19,36
68904,19,38
68905,19,38
68906,19,39
68907,19,37
68908,19,38
68909,18,37
68910,19,38
68911,19,39
68912,19,38
68913,19,37
68914,19,35
68915,19,39
68916,19,39
68917,19,39
68918,19,40
68919,19,38
68920,19,38
68921,19,39
68922,19,37
68923,19,40
68924,19,42
68925,19,39
68926,19,39
68927,19,38
68928,19,36
68929,19,38
68930,19,36
68931,19,36
68932,19,39
68933,19,38
68934,19,39
68935,19,38
68936,19,37
68937,19,38
68938,19,41
68939,19,39
68940,19,40
68941,18,38
68942,19,40
68943,18,39
68944,19,40
68945,19,38
68946,19,39
68947,19,36
68948,19,37
68949,19,37
68950,19,40
68951,19,39
68952,19,40
68953,19,37
68954,19,39
68955,19,38
68956,19,37
68957,19,38
68958,19,37
68959,18,39
68960,19,36
68961,19,39
68962,19,37
68963,19,39
68964,19,35
68965,18,37
68966,19,35
68967,19,38
68968,19,37
68969,19,38
68970,19,38
68971,19,38
68972,19,37
68973,19,40
68974,19,36
68975,19,39
68976,19,37
68977,19,38
68978,19,39
68979,19,38
68980,19,37
68981,19,37
68982,19,38
68983,19,37
68984,19,38
68985,19,38
68986,19,41
68987,19,39
68988,19,38
68989,19,36
68990,19,39
68991,18,39
68992,19,37
68993,19,36
68994,19,38
68995,19,39
68996,19,39
68997,19,38
68998,19,38
68999,19,35
69000,19,38
69001,19,39
69002,19,38
69003,19,38
69004,19,37
69005,19,37
69006,19,41
69007,19,36
69008,19,37
69009,19,40
69010,19,38
69011,19,39
69012,19,39
69013,19,37
69014,19,37
69015,19,39
69016,19,40
69017,19,38
69018,19,39
69019,19,37
69020,19,36
69021,19,38
69022,19,36
69023,19,39
69024,19,36
69025,19,39
69026,19,35
69027,19,39
69028,19,40
69029,19,37
69030,19,37
69031,19,36
69032,19,37
69033,19,37
69034,19,38
69035,19,38
69036,19,39
69037,19,37
69038,19,37
69039,19,40
69040,19,39
69041,19,38
69042,19,38
69043,19,37
69044,18,38
69045,19,38
69046,19,40
69047,19,40
69048,19,38
69049,19,37
69050,19,37
69051,19,37
69052,19,37
69053,19,36
69054,19,36
69055,19,39
69056,19,37
69057,19,38
69058,19,36
69059,19,37
69060,19,38
69061,19,38
69062,19,40
69063,19,38
69064,19,36
69065,19,38
69066,19,38
69067,19,40
69068,19,36
69069,19,36
69070,19,36
69071,19,39
69072,19,39
69073,19,37
69074,18,38
69075,19,39
69076,19,37
69077,19,39
69078,19,40
69079,19,36
69080,19,36
69081,19,37
69082,19,36
69083,19,37
69084,19,38
69085,19,37
69086,19,38
69087,19,39
69088,19,39
69089,18,36
69090,19,38
69091,19,39
69092,19,37
69093,19,39
69094,19,40
69095,19,38
69096,19,39
69097,19,36
69098,19,37
69099,19,37
69100,19,39
69101,19,38
69102,19,37
69103,19,36
69104,18,37
69105,19,39
69106,19,37
69107,19,38
69108,19,38
69109,19,37
69110,19,37
69111,19,40
69112,19,37
69113,19,37
69114,19,38
69115,19,37
69116,18,38
69117,19,38
69118,19,40
69119,19,38
69120,19,39
69121,19,38
69122,19,37
69123,18,40
69124,19,38
69125,19,37
69126,19,37
69127,19,38
69128,19,38
69129,19,36
69130,19,39
69131,19,39
69132,19,40
69133,19,40
69134,19,38
69135,19,38
69136,19,36
69137,19,38
69138,19,39
69139,19,38
69140,19,37
69141,19,39
69142,19,39
69143,18,37
69144,19,37
69145,19,37
69146,19,37
69147,19,38
69148,19,37
69149,19,36
69150,19,36
69151,19,38
69152,19,37
69153,19,36
69154,19,38
69155,19,37
69156,19,36
69157,19,38
69158,19,36
69159,19,39
69160,19,35
69161,19,39
69162,19,40
69163,19,37
69164,19,39
69165,19,37
69166,19,38
69167,19,38
69168,19,39
69169,19,38
69170,19,38
69171,19,37
69172,19,37
69173,19,35
69174,19,38
69175,19,37
69176,19,38
69177,19,36
69178,19,38
69179,19,37
69180,19,36
69181,19,37
69182,19,38
69183,19,36
69184,19,38
69185,19,39
69186,19,38
69187,19,36
69188,19,37
69189,19,37
69190,19,36
69191,18,38
69192,18,38
69193,19,37
69194,19,38
69195,18,37
69196,19,40
69197,19,36
69198,19,38
69199,19,39
69200,19,38
69201,19,38
69202,19,36
69203,19,37
69204,19,38
69205,19,39
69206,18,39
69207,19,37
69208,19,37
69209,19,35
69210,19,37
69211,19,37
69212,19,36
69213,19,38
69214,19,38
69215,19,39
69216,19,36
69217,19,38
69218,19,37
69219,19,37
69220,18,37
69221,19,37
69222,19,39
69223,19,39
69224,19,39
69225,19,38
69226,19,37
69227,19,38
69228,19,38
69229,19,36
69230,19,36
69231,19,39
69232,19,39
69233,19,38
69234,19,36
69235,19,38
69236,19,38
69237,19,38
69238,19,38
69239,19,38
69240,19,37
69241,19,38
69242,19,42
69243,19,39
69244,19,39
69245,19,39
69246,19,40
69247,19,38
69248,19,35
69249,19,41
69250,19,38
69251,19,37
69252,19,37
69253,19,37
69254,19,38
69255,19,38
69256,19,37
69257,19,38
69258,19,39
69259,19,37
69260,19,38
69261,19,38
69262,19,37
69263,19,39
69264,19,37
69265,19,36
69266,19,37
69267,19,39
69268,19,37
69269,19,39
69270,19,37
69271,19,39
69272,19,38
69273,19,37
69274,19,41
69275,19,36
69276,19,37
69277,19,36
69278,19,39
69279,19,38
69280,19,37
69281,19,37
69282,19,36
69283,19,40
69284,19,38
69285,19,40
69286,19,37
69287,19,37
69288,19,39
69289,19,38
69290,19,36
69291,19,37
69292,19,41
69293,19,38
69294,19,38
69295,19,37
69296,19,36
69297,19,40
69298,19,37
69299,19,38
69300,19,40
69301,19,41
69302,19,38
69303,19,35
69304,19,38
69305,19,38
69306,19,38
69307,19,37
69308,19,40
69309,19,39
69310,19,38
69311,19,38
69312,19,36
69313,19,38
69314,19,38
69315,19,37
69316,19,40
69317,19,38
69318,19,40
69319,19,40
69320,19,39
69321,19,39
69322,19,39
69323,19,39
69324,19,37
69325,19,37
69326,19,38
69327,19,39
69328,19,37
69329,19,37
69330,19,38
69331,19,38
69332,19,36
69333,19,36
69334,19,40
69335,19,37
69336,19,36
69337,19,39
69338,18,39
69339,19,35
69340,19,38
69341,19,37
69342,19,36
69343,19,39
69344,19,38
69345,19,40
69346,19,41
69347,19,38
69348,19,36
69349,19,37
69350,19,36
69351,19,36
69352,19,40
69353,19,38
69354,19,40
69355,19,38
69356,19,39
69357,19,37
69358,19,40
69359,19,37
69360,19,38
69361,19,38
69362,19,39
69363,19,39
69364,19,38
69365,19,35
69366,19,36
69367,19,37
69368,19,35
69369,19,40
69370,19,39
69371,19,35
69372,19,37
69373,19,39
69374,19,39
69375,19,38
69376,19,38
69377,19,38
69378,19,38
69379,18,38
69380,19,37
69381,19,37
69382,19,40
69383,19,39
69384,19,37
69385,19,37
69386,19,36
69387,19,39
69388,19,36
69389,19,38
69390,19,40
69391,19,37
69392,19,35
69393,19,41
69394,19,37
69395,19,37
69396,19,37
69397,19,39
69398,19,38
69399,19,37
69400,19,39
69401,19,37
69402,19,36
69403,18,38
69404,19,39
69405,19,37
69406,19,39
69407,19,38
69408,19,38
69409,19,35
69410,19,37
69411,19,38
69412,19,40
69413,19,36
69414,19,37
69415,19,37
69416,19,36
69417,19,37
69418,19,40
69419,19,37
69420,19,36
69421,19,38
69422,19,37
69423,19,39
69424,19,37
69425,19,40
69426,19,38
69427,18,39
69428,19,38
69429,19,37
69430,19,40
69431,19,39
69432,19,38
69433,19,37
69434,18,37
69435,19,38
69436,19,38
69437,19,38
69438,19,39
69439,19,39
69440,19,40
69441,19,40
69442,19,38
69443,19,39
69444,19,36
69445,19,39
69446,19,38
69447,19,37
69448,19,40
69449,19,38
69450,19,38
69451,19,37
69452,19,37
69453,19,37
69454,19,39
69455,19,35
69456,19,37
69457,19,36
69458,19,38
69459,19,39
69460,19,38
69461,19,38
69462,19,38
69463,19,38
69464,18,38
69465,19,37
69466,19,38
69467,18,38
69468,19,37
69469,19,36
69470,19,38
69471,19,37
69472,19,39
69473,19,37
69474,19,38
69475,19,38
69476,19,39
69477,19,38
69478,19,40
69479,19,38
69480,19,38
69481,19,38
69482,19,39
69483,19,37
69484,19,37
69485,19,38
69486,19,37
69487,19,37
69488,19,40
69489,19,38
69490,19,38
69491,19,39
69492,19,38
69493,18,38
69494,19,36
69495,19,37
69496,19,37
69497,19,39
69498,19,38
69499,19,38
69500,19,36
69501,19,37
69502,19,40
69503,19,37
69504,19,37
69505,19,37
69506,19,39
69507,19,35
69508,19,36
69509,19,37
69510,19,38
69511,19,36
69512,19,39
69513,19,36
69514,19,37
69515,19,37
69516,19,39
69517,19,40
69518,19,38
69519,19,37
69520,19,38
69521,19,39
69522,19,38
69523,19,40
69524,19,37
69525,19,37
69526,18,37
69527,19,38
69528,19,37
69529,18,37
69530,19,40
69531,19,38
69532,19,37
69533,19,38
69534,19,39
69535,19,35
69536,19,38
69537,19,39
69538,19,37
69539,19,37
69540,19,36
69541,19,38
69542,19,36
69543,19,38
69544,19,36
69545,19,37
69546,19,36
69547,19,38
69548,19,36
69549,19,37
69550,19,38
69551,19,39
69552,19,36
69553,19,38
69554,19,36
69555,19,37
69556,19,38
69557,19,38
69558,19,35
69559,19,38
69560,19,38
69561,19,39
69562,19,39
69563,19,38
69564,19,38
69565,19,37
69566,19,37
69567,19,39
69568,19,37
69569,19,38
69570,18,37
69571,19,37
69572,19,36
69573,19,38
69574,19,40
69575,19,36
69576,19,38
69577,19,36
69578,19,39
69579,19,36
69580,19,39
69581,19,37
69582,19,38
69583,19,37
69584,19,37
69585,19,36
69586,19,39
69587,19,37
69588,19,39
69589,19,39
69590,19,38
69591,19,38
69592,19,38
69593,19,38
69594,19,36
69595,19,38
69596,19,39
69597,19,38
69598,19,41
69599,19,39
69600,19,38
69601,19,37
69602,19,36
69603,19,39
69604,19,35
69605,19,42
69606,19,36
69607,19,38
69608,19,37
69609,19,36
69610,19,40
69611,19,37
69612,19,38
69613,19,36
69614,19,36
69615,19,38
69616,19,41
69617,19,38
69618,19,40
69619,19,39
69620,19,37
69621,19,40
69622,19,38
69623,19,37
69624,19,37
69625,19,37
69626,19,37
69627,19,39
69628,19,38
69629,19,39
69630,19,38
69631,19,38
69632,19,38
69633,19,39
69634,19,36
69635,19,36
69636,19,36
69637,19,38
69638,19,39
69639,19,36
69640,19,36
69641,19,40
69642,19,37
69643,19,38
69644,19,37
69645,19,38
69646,19,37
69647,19,38
69648,19,37
69649,19,37
69650,19,39
69651,19,37
69652,19,36
69653,19,39
69654,19,38
69655,19,37
69656,19,38
69657,19,40
69658,19,39
69659,19,39
69660,19,36
69661,19,37
69662,19,37
69663,19,39
69664,19,36
69665,19,40
69666,19,43
69667,19,37
69668,19,38
69669,19,37
69670,19,37
69671,19,37
69672,18,41
69673,19,38
69674,19,36
69675,19,39
69676,19,39
69677,19,38
69678,19,36
69679,19,40
69680,19,39
69681,19,37
69682,19,39
69683,19,37
69684,19,38
69685,19,37
69686,19,39
69687,19,39
69688,19,37
69689,18,38
69690,19,37
69691,19,36
69692,19,37
69693,19,39
69694,19,38
69695,19,37
69696,19,39
69697,19,39
69698,19,36
69699,19,37
69700,19,38
69701,19,38
69702,19,39
69703,19,36
69704,19,41
69705,19,37
69706,19,39
69707,19,37
69708,19,37
69709,19,38
69710,19,37
69711,19,39
69712,19,36
69713,19,39
69714,19,38
69715,19,38
69716,18,38
69717,19,36
69718,19,38
69719,19,38
69720,19,38
69721,19,37
69722,19,37
69723,19,37
69724,19,38
69725,19,39
69726,19,38
69727,19,38
69728,19,37
69729,19,38
69730,19,39
69731,19,37
69732,19,38
69733,19,37
69734,19,38
69735,19,37
69736,19,39
69737,19,36
69738,19,38
69739,19,39
69740,19,38
69741,19,38
69742,19,39
69743,19,39
69744,19,36
69745,19,38
69746,19,38
69747,19,41
69748,19,36
69749,19,37
69750,19,40
69751,19,38
69752,19,39
69753,19,37
69754,18,40
69755,19,39
69756,19,36
69757,19,39
69758,19,38
69759,19,37
69760,19,37
69761,19,38
69762,19,37
69763,19,39
69764,19,40
69765,19,40
69766,19,39
69767,19,39
69768,19,40
69769,19,37
69770,19,38
69771,19,38
69772,19,38
69773,19,37
69774,19,38
69775,19,37
69776,19,38
69777,19,38
69778,19,38
69779,19,36
69780,19,42
69781,19,37
69782,19,37
69783,19,37
69784,19,39
69785,19,37
69786,19,38
69787,19,39
69788,19,38
69789,19,38
69790,19,35
69791,19,37
69792,19,39
69793,19,38
69794,19,37
69795,19,37
69796,18,38
69797,19,36
69798,19,38
69799,19,37
69800,19,39
69801,19,37
69802,19,37
69803,19,38
69804,19,38
69805,19,38
69806,19,38
69807,19,37
69808,19,40
69809,19,38
69810,19,37
69811,19,37
69812,19,38
69813,19,36
69814,19,36
69815,19,37
69816,19,37
69817,19,37
69818,19,37
69819,19,36
69820,19,39
69821,19,39
69822,19,36
69823,19,35
69824,19,37
69825,19,39
69826,19,38
69827,19,36
69828,19,37
69829,19,36
69830,19,40
69831,19,39
69832,19,38
69833,19,39
69834,19,40
69835,19,38
69836,19,36
69837,19,38
69838,19,37
69839,18,36
69840,19,39
69841,19,38
69842,19,37
69843,19,38
69844,19,36
69845,19,40
69846,19,35
69847,19,36
69848,19,39
69849,19,39
69850,19,38
69851,19,37
69852,19,36
69853,19,37
69854,19,38
69855,19,37
69856,19,38
69857,19,38
69858,19,38
69859,19,38
69860,19,39
69861,19,40
69862,19,40
69863,19,37
69864,19,39
69865,19,37
69866,19,38
69867,19,38
69868,19,36
69869,19,36
69870,19,37
69871,19,42
69872,19,37
69873,19,39
69874,19,38
69875,19,39
69876,19,38
69877,19,40
69878,19,38
69879,19,38
69880,18,39
69881,19,38
69882,19,38
69883,19,38
69884,19,37
69885,19,39
69886,19,38
69887,19,37
69888,19,37
69889,19,37
69890,19,40
69891,18,37
69892,19,39
69893,19,38
69894,19,39
69895,19,38
69896,19,38
69897,19,36
69898,19,38
69899,19,39
69900,19,37
69901,19,37
69902,19,38
69903,19,36
69904,19,37
69905,19,36
69906,19,38
69907,19,39
69908,19,36
69909,19,36
69910,19,37
69911,19,37
69912,19,40
69913,19,39
69914,18,38
69915,19,38
69916,19,37
69917,19,38
69918,19,41
69919,19,40
69920,19,38
69921,19,38
69922,19,38
69923,19,37
69924,19,39
69925,19,39
69926,19,38
69927,19,37
69928,19,38
69929,19,38
69930,19,37
69931,19,39
69932,19,37
69933,19,39
69934,18,38
69935,19,37
69936,19,36
69937,19,39
69938,19,37
69939,19,38
69940,19,35
69941,19,39
69942,19,39
69943,19,37
69944,19,37
69945,19,38
69946,19,38
69947,19,40
69948,19,39
69949,19,38
69950,19,40
69951,19,36
69952,19,38
69953,18,39
69954,19,36
69955,19,41
69956,19,38
69957,19,38
69958,19,38
69959,19,37
69960,19,38
69961,19,38
69962,19,36
69963,19,38
69964,19,35
69965,19,35
69966,19,37
69967,19,40
69968,19,39
69969,19,37
69970,19,39
69971,19,36
69972,19,40
69973,19,37
69974,19,39
69975,19,37
69976,19,37
69977,19,37
69978,19,38
69979,19,40
69980,19,36
69981,19,37
69982,19,38
69983,19,39
69984,19,37
69985,19,38
69986,19,38
69987,19,36
69988,19,39
69989,19,39
69990,19,36
69991,19,38
69992,19,36
69993,19,37
69994,19,38
69995,19,39
69996,19,37
69997,19,37
69998,19,35
69999,19,40
70000,19,36
70001,19,36
70002,19,37
70003,19,39
70004,19,39
70005,19,39
70006,19,38
70007,19,38
70008,19,36
70009,19,38
70010,19,37
70011,19,38
70012,19,39
70013,19,37
70014,19,39
70015,19,38
70016,19,37
70017,19,39
70018,19,38
70019,19,39
70020,19,38
70021,19,40
70022,19,38
70023,19,37
70024,19,39
70025,19,40
70026,19,37
70027,19,37
70028,19,36
70029,19,38
70030,19,38
70031,19,36
70032,19,39
70033,19,38
70034,19,38
70035,19,39
70036,19,38
70037,19,38
70038,19,36
70039,19,40
70040,19,41
70041,19,39
70042,19,38
70043,19,38
70044,19,38
70045,19,38
70046,19,37
70047,19,38
70048,19,41
70049,19,39
70050,19,39
70051,19,37
70052,19,38
70053,19,38
70054,19,39
70055,19,40
70056,19,36
70057,19,36
70058,19,36
70059,19,38
70060,19,38
70061,19,36
70062,18,38
70063,19,37
70064,19,37
70065,19,38
70066,19,37
70067,19,36
70068,19,38
70069,19,37
70070,19,39
70071,19,37
70072,19,37
70073,19,36
70074,19,38
70075,19,37
70076,19,38
70077,19,39
70078,19,38
70079,19,38
70080,19,38
70081,19,39
70082,19,38
70083,19,37
70084,19,36
70085,19,36
70086,19,37
70087,19,40
70088,19,38
70089,19,38
70090,19,36
70091,19,39
70092,19,37
70093,19,39
70094,19,39
70095,19,35
70096,19,37
70097,19,39
70098,19,41
70099,19,40
70100,19,39
70101,19,39
70102,19,36
70103,19,38
70104,19,37
70105,19,36
70106,19,38
70107,19,39
70108,19,38
70109,19,38
70110,19,39
70111,19,38
70112,19,38
70113,19,39
70114,19,41
70115,19,39
70116,19,36
70117,19,37
70118,19,39
70119,19,37
70120,19,39
70121,19,38
70122,19,38
70123,19,37
70124,19,40
70125,18,37
70126,19,38
70127,19,37
70128,19,38
70129,19,38
70130,19,37
70131,19,36
70132,19,37
70133,19,39
70134,19,39
70135,19,40
70136,19,38
70137,19,37
70138,19,38
70139,19,38
70140,19,42
70141,19,36
70142,19,38
70143,19,38
70144,19,38
70145,19,38
70146,19,38
70147,19,37
70148,19,36
70149,19,37
70150,19,39
70151,19,38
70152,19,38
70153,19,39
70154,19,38
70155,19,37
70156,19,39
70157,19,37
70158,19,37
70159,19,35
70160,19,37
70161,19,38
70162,19,39
70163,19,39
70164,19,38
70165,19,38
70166,19,36
70167,19,38
70168,19,39
70169,19,39
70170,19,36
70171,19,39
70172,19,40
70173,19,39
70174,19,37
70175,19,39
70176,19,37
70177,19,37
70178,19,36
70179,19,37
70180,19,39
70181,19,36
70182,19,40
70183,19,35
70184,19,39
70185,19,38
70186,19,38
70187,19,38
70188,19,38
70189,19,36
70190,19,39
70191,19,39
70192,19,40
70193,19,37
70194,19,38
70195,19,35
70196,19,38
70197,19,38
70198,19,38
70199,19,38
70200,19,41
70201,19,37
70202,19,38
70203,19,38
70204,19,39
70205,19,37
70206,19,37
70207,19,37
70208,19,37
70209,19,40
70210,19,37
70211,19,39
70212,19,37
70213,19,40
70214,19,37
70215,19,38
70216,19,38
70217,19,36
70218,19,37
70219,19,37
70220,19,40
70221,19,38
70222,19,37
70223,19,38
70224,19,40
70225,19,37
70226,19,38
70227,19,39
70228,19,36
70229,19,37
70230,19,37
70231,19,37
70232,19,38
70233,19,37
70234,19,38
70235,19,40
70236,19,38
70237,18,37
70238,19,39
70239,19,38
70240,19,38
70241,19,37
70242,19,38
70243,19,37
70244,19,40
70245,19,38
70246,19,36
70247,19,38
70248,19,38
70249,19,37
70250,19,38
70251,19,42
70252,19,39
70253,19,37
70254,19,38
70255,19,38
70256,19,38
70257,19,37
70258,19,39
70259,19,38
70260,19,38
70261,19,38
70262,19,38
70263,19,38
70264,19,36
70265,19,36
70266,19,37
70267,19,37
70268,19,38
70269,19,37
70270,19,37
70271,19,38
70272,19,39
70273,19,40
70274,19,36
70275,19,39
70276,19,36
70277,19,36
70278,19,39
70279,19,39
70280,19,39
70281,19,37
70282,19,38
70283,19,39
70284,19,39
70285,19,36
70286,19,39
70287,19,39
70288,19,36
70289,19,39
70290,19,38
70291,19,38
70292,19,39
70293,19,36
70294,19,39
70295,19,37
70296,19,37
70297,19,37
70298,19,39
70299,19,37
70300,19,35
70301,19,38
70302,19,37
70303,19,36
70304,19,38
70305,19,38
70306,19,36
70307,19,38
70308,19,37
70309,19,39
70310,19,38
70311,19,37
70312,19,37
70313,19,37
70314,19,39
70315,19,39
70316,19,40
70317,19,37
70318,19,38
70319,19,37
70320,19,38
70321,19,39
70322,19,37
70323,19,39
70324,19,36
70325,19,36
70326,19,36
70327,19,36
70328,19,36
70329,19,38
70330,19,36
70331,19,36
70332,19,38
70333,19,38
70334,18,38
70335,19,41
70336,19,36
70337,19,37
70338,19,37
70339,19,36
70340,19,38
70341,19,39
70342,19,38
70343,19,37
70344,19,37
70345,19,39
70346,19,40
70347,19,38
70348,19,37
70349,19,36
70350,19,36
70351,19,38
70352,19,36
70353,19,37
70354,19,37
70355,19,39
70356,19,39
70357,19,40
70358,19,38
70359,19,37
70360,19,38
70361,19,37
70362,19,37
70363,19,38
70364,19,37
70365,19,36
70366,19,39
70367,19,39
70368,19,38
70369,19,38
70370,18,36
70371,19,38
70372,19,40
70373,19,38
70374,19,39
70375,19,37
70376,19,37
70377,19,37
70378,19,38
70379,19,36
70380,19,38
70381,19,40
70382,19,37
70383,19,38
70384,19,39
70385,19,40
70386,19,37
70387,19,37
70388,19,39
70389,19,37
70390,19,37
70391,19,39
70392,19,39
70393,19,36
70394,19,38
70395,19,39
70396,19,37
70397,19,37
70398,19,35
70399,19,38
70400,18,38
70401,19,39
70402,19,39
70403,19,40
70404,19,38
70405,19,36
70406,19,39
70407,19,38
70408,19,39
70409,19,40
70410,19,37
70411,19,38
70412,19,39
70413,19,37
70414,19,39
70415,19,37
70416,19,37
70417,19,38
70418,19,38
70419,19,39
70420,19,36
70421,19,37
70422,19,38
70423,19,39
70424,19,39
70425,19,39
70426,19,37
70427,19,37
70428,19,39
70429,19,37
70430,19,38
70431,19,40
70432,19,39
70433,19,36
70434,19,38
70435,19,38
70436,19,36
70437,19,37
70438,19,40
70439,19,37
70440,19,37
70441,19,38
70442,19,38
70443,19,37
70444,19,38
70445,19,40
70446,19,40
70447,19,37
70448,19,36
70449,19,39
70450,19,36
70451,19,37
70452,19,38
70453,19,39
70454,19,37
70455,18,38
70456,19,39
70457,19,39
70458,19,38
70459,19,37
70460,19,41
70461,19,37
70462,19,36
70463,19,40
70464,19,40
70465,19,38
70466,19,37
70467,19,37
70468,19,39
70469,19,37
70470,19,36
70471,19,36
70472,19,36
70473,19,39
70474,19,36
70475,19,40
70476,19,38
70477,19,39
70478,19,38
70479,19,37
70480,19,37
70481,19,37
70482,19,38
70483,19,39
70484,19,38
70485,19,38
70486,19,38
70487,19,39
70488,19,40
70489,19,36
70490,19,37
70491,19,37
70492,19,37
70493,19,37
70494,19,38
70495,19,38
70496,19,38
70497,19,38
70498,19,40
70499,19,37
70500,19,37
70501,19,38
70502,19,38
70503,19,42
70504,19,40
70505,19,37
70506,19,39
70507,19,37
70508,19,36
70509,19,40
70510,19,39
70511,19,39
70512,19,38
70513,19,38
70514,19,37
70515,19,37
70516,19,38
70517,19,36
70518,19,36
70519,19,41
70520,19,37
70521,19,38
70522,19,35
70523,19,37
70524,19,38
70525,19,39
70526,19,36
70527,19,38
70528,19,37
70529,19,38
70530,19,37
70531,19,37
70532,19,36
70533,19,39
70534,19,37
70535,19,38
70536,19,38
70537,19,37
70538,19,38
70539,19,37
70540,19,38
70541,19,39
70542,19,38
70543,19,38
70544,19,36
70545,19,37
70546,19,39
70547,19,39
70548,19,38
70549,19,38
70550,19,37
70551,19,36
70552,19,37
70553,19,37
70554,19,37
70555,19,38
70556,19,39
70557,19,36
70558,19,38
70559,19,39
70560,19,38
70561,19,37
70562,19,40
70563,19,37
70564,19,37
70565,19,43
70566,19,37
70567,19,37
70568,19,37
70569,19,40
70570,19,37
70571,19,40
70572,19,38
70573,19,38
70574,19,39
70575,19,36
70576,19,37
70577,19,38
70578,19,39
70579,19,37
70580,19,39
70581,19,36
70582,19,39
70583,19,36
70584,19,37
70585,19,37
70586,19,39
70587,19,36
70588,19,37
70589,19,37
70590,19,36
70591,19,38
70592,19,36
70593,19,38
70594,19,36
70595,19,36
70596,19,39
70597,19,39
70598,19,37
70599,19,38
70600,19,39
70601,19,37
70602,19,38
70603,19,38
70604,19,36
70605,19,37
70606,19,38
70607,19,38
70608,19,40
70609,19,39
70610,19,37
70611,19,37
70612,19,39
70613,19,39
70614,19,40
70615,19,36
70616,19,40
70617,19,38
70618,19,37
70619,19,37
70620,19,37
70621,19,38
70622,19,36
70623,19,36
70624,19,37
70625,19,37
70626,19,40
70627,19,39
70628,19,38
70629,19,37
70630,19,36
70631,19,37
70632,19,38
70633,19,39
70634,19,36
70635,19,36
70636,19,40
70637,19,39
70638,19,37
70639,19,37
70640,19,37
70641,19,38
70642,19,40
70643,19,39
70644,19,38
70645,19,39
70646,19,39
70647,19,40
70648,19,39
70649,19,38
70650,19,37
70651,19,35
70652,19,37
70653,19,42
70654,19,36
70655,19,36
70656,19,37
70657,19,36
70658,19,39
70659,19,37
70660,19,38
70661,19,37
70662,19,39
70663,19,39
70664,19,35
70665,19,37
70666,19,38
70667,19,40
70668,19,39
70669,19,39
70670,19,39
70671,19,37
70672,19,36
70673,19,40
70674,19,37
70675,19,37
70676,19,37
70677,19,39
70678,19,38
70679,19,39
70680,19,39
70681,19,39
70682,19,36
70683,19,37
70684,19,39
70685,19,37
70686,19,39
70687,19,39
70688,19,38
70689,19,37
70690,19,36
70691,19,36
70692,19,40
70693,19,36
70694,19,37
70695,19,37
70696,19,37
70697,19,39
70698,19,39
70699,19,38
70700,19,39
70701,19,40
70702,19,38
70703,19,39
70704,19,38
70705,19,38
70706,19,40
70707,19,37
70708,19,37
70709,19,38
70710,19,38
70711,19,37
70712,19,38
70713,19,37
70714,19,38
70715,19,39
70716,19,38
70717,19,37
70718,19,39
70719,19,39
70720,19,39
70721,19,36
70722,19,38
70723,19,39
70724,19,40
70725,19,41
70726,19,36
70727,19,35
70728,19,38
70729,19,37
70730,19,40
70731,19,40
70732,19,37
70733,19,38
70734,19,40
70735,19,37
70736,19,37
70737,19,38
70738,19,37
70739,19,36
70740,19,39
70741,19,35
70742,19,39
70743,19,37
70744,19,37
70745,19,40
70746,19,38
70747,19,37
70748,19,37
70749,19,40
70750,19,37
70751,19,39
70752,19,37
70753,19,39
70754,19,36
70755,19,37
70756,19,37
70757,19,37
70758,19,35
70759,19,39
70760,19,36
70761,19,38
70762,19,37
70763,19,38
70764,19,38
70765,19,39
70766,19,37
70767,19,39
70768,19,41
70769,19,37
70770,19,39
70771,19,40
70772,19,38
70773,19,37
70774,19,38
70775,19,34
70776,19,35
70777,19,40
70778,19,39
70779,19,40
70780,19,36
70781,19,36
70782,19,38
70783,19,39
70784,19,41
70785,19,37
70786,19,37
70787,19,37
70788,19,39
70789,19,38
70790,19,37
70791,19,38
70792,19,37
70793,19,37
70794,19,38
70795,19,38
70796,19,37
70797,19,37
70798,19,38
70799,19,37
70800,19,38
70801,19,36
70802,19,42
70803,19,38
70804,19,39
70805,19,38
70806,19,37
70807,19,40
70808,19,40
70809,19,37
70810,19,37
70811,19,39
70812,19,36
70813,19,39
70814,19,37
70815,19,37
70816,19,36
70817,19,36
70818,19,40
70819,19,38
70820,19,37
70821,19,38
70822,19,39
70823,19,38
70824,19,41
70825,19,38
70826,19,37
70827,19,39
70828,19,37
70829,19,38
70830,19,37
70831,19,37
70832,19,35
70833,19,37
70834,19,38
70835,19,35
70836,19,37
70837,19,40
70838,19,37
70839,19,39
70840,19,37
70841,19,38
70842,19,38
70843,19,38
70844,19,38
70845,19,40
70846,19,37
70847,19,37
70848,19,40
70849,19,38
70850,19,41
70851,19,39
70852,19,39
70853,19,38
70854,19,38
70855,19,37
70856,19,39
70857,19,37
70858,19,37
70859,19,39
70860,19,35
70861,19,38
70862,19,39
70863,19,39
70864,19,37
70865,19,41
70866,19,38
70867,19,37
70868,19,38
70869,19,39
70870,19,37
70871,19,37
70872,19,39
70873,19,38
70874,19,37
70875,19,39
70876,19,37
70877,19,37
70878,19,38
70879,19,38
70880,19,38
70881,19,38
70882,19,38
70883,19,38
70884,19,37
70885,19,37
70886,19,37
70887,19,37
70888,19,40
70889,19,38
70890,19,37
70891,19,37
70892,19,38
70893,19,40
70894,19,38
70895,19,39
70896,19,37
70897,19,38
70898,19,39
70899,19,38
70900,19,38
70901,19,37
70902,19,39
70903,19,39
70904,19,37
70905,19,39
70906,19,39
70907,19,39
70908,19,38
70909,19,38
70910,19,38
70911,19,37
70912,19,37
70913,19,38
70914,19,40
70915,19,37
70916,19,38
70917,19,38
70918,19,36
70919,19,38
70920,19,38
70921,19,38
70922,19,37
70923,19,37
70924,19,37
70925,19,38
70926,19,40
70927,19,39
70928,19,38
70929,19,38
70930,19,38
70931,19,40
70932,19,38
70933,19,37
70934,19,37
70935,19,37
70936,19,37
70937,19,38
70938,19,39
70939,19,37
70940,19,40
70941,19,37
70942,19,36
70943,19,40
70944,19,36
70945,19,39
70946,19,39
70947,19,36
70948,19,39
70949,19,40
70950,19,37
70951,19,40
70952,19,39
70953,19,38
70954,19,36
70955,19,37
70956,19,39
70957,19,35
70958,19,38
70959,19,39
70960,19,36
70961,19,40
70962,19,39
70963,19,37
70964,19,39
70965,19,37
70966,19,38
70967,19,38
70968,19,40
70969,19,37
70970,19,39
70971,19,36
70972,19,37
70973,19,38
70974,19,39
70975,19,38
70976,19,38
70977,19,37
70978,19,37
70979,19,36
70980,19,37
70981,19,39
70982,19,38
70983,19,39
70984,19,38
70985,19,37
70986,19,38
70987,19,37
70988,19,39
70989,19,38
70990,19,39
70991,19,37
70992,19,38
70993,19,36
70994,19,37
70995,19,40
70996,19,37
70997,19,39
70998,19,37
70999,19,37
71000,19,36
71001,19,38
71002,19,38
71003,19,38
71004,19,37
71005,19,38
71006,19,37
71007,19,41
71008,19,40
71009,19,38
71010,19,37
71011,19,37
71012,19,37
71013,19,36
71014,19,39
71015,19,37
71016,19,36
71017,19,38
71018,19,37
71019,19,39
71020,19,37
71021,19,37
71022,19,36
71023,19,36
71024,19,39
71025,19,37
71026,19,39
71027,19,38
71028,19,37
71029,19,37
71030,18,37
71031,19,36
71032,19,38
71033,19,37
71034,19,38
71035,19,38
71036,19,39
71037,19,36
71038,19,40
71039,19,38
71040,19,37
71041,19,38
71042,19,39
71043,19,39
71044,19,39
71045,19,37
71046,19,39
71047,19,39
71048,19,36
71049,19,40
71050,19,37
71051,19,38
71052,19,38
71053,19,39
71054,19,37
71055,19,39
71056,19,37
71057,19,39
71058,19,39
71059,19,37
71060,19,39
71061,19,38
71062,19,38
71063,19,39
71064,19,37
71065,19,38
71066,19,39
71067,19,36
71068,19,38
71069,19,40
71070,19,36
71071,19,40
71072,19,38
71073,19,38
71074,19,38
71075,19,37
71076,19,38
71077,19,38
71078,19,39
71079,19,37
71080,19,37
71081,19,39
71082,19,40
71083,19,39
71084,19,36
71085,19,39
71086,19,39
71087,19,40
71088,19,38
71089,19,37
71090,19,37
71091,19,37
71092,19,38
71093,19,37
71094,19,39
71095,19,38
71096,19,37
71097,19,38
71098,19,41
71099,19,36
71100,19,38
71101,19,39
71102,19,38
71103,19,40
71104,19,40
71105,19,39
71106,19,37
71107,19,37
71108,19,38
71109,19,36
71110,19,37
71111,19,38
71112,19,37
71113,19,39
71114,19,38
71115,19,37
71116,19,40
71117,19,37
71118,19,37
71119,19,38
71120,19,37
71121,19,38
71122,19,35
71123,19,39
71124,19,37
71125,19,36
71126,19,38
71127,19,36
71128,19,38
71129,19,37
71130,19,37
71131,19,38
71132,19,38
71133,19,38
71134,19,39
71135,19,37
71136,19,36
71137,19,39
71138,19,37
71139,19,39
71140,19,37
71141,19,39
71142,19,36
71143,19,37
71144,19,40
71145,19,39
71146,19,37
71147,19,39
71148,19,39
71149,19,38
71150,19,36
71151,19,36
71152,19,38
71153,19,38
71154,19,37
71155,19,38
71156,19,36
71157,19,39
71158,19,36
71159,19,37
71160,19,39
71161,19,38
71162,19,39
71163,19,38
71164,19,39
71165,19,38
71166,19,37
71167,19,38
71168,19,38
71169,19,39
71170,19,39
71171,19,37
71172,19,40
71173,19,39
71174,19,38
71175,19,39
71176,19,38
71177,19,40
71178,19,36
71179,19,37
71180,19,36
71181,19,37
71182,19,36
71183,19,38
71184,19,38
71185,19,38
71186,19,39
71187,19,39
71188,19,39
71189,19,39
71190,19,38
71191,19,37
71192,19,36
71193,19,37
71194,19,40
71195,19,37
71196,19,39
71197,19,40
71198,19,38
71199,19,40
71200,19,40
71201,19,36
71202,19,37
71203,19,39
71204,19,39
71205,19,39
71206,19,38
71207,19,36
71208,19,37
71209,19,38
71210,19,39
71211,19,36
71212,19,38
71213,19,36
71214,19,37
71215,19,38
71216,19,37
71217,19,42
71218,19,39
71219,19,38
71220,19,37
71221,19,38
71222,19,37
71223,19,38
71224,19,37
71225,19,37
71226,19,38
71227,19,38
71228,19,38
71229,19,41
71230,19,39
71231,19,39
71232,19,39
71233,19,37
71234,19,36
71235,19,39
71236,19,37
71237,19,38
71238,19,38
71239,19,38
71240,19,39
71241,19,37
71242,19,38
71243,19,38
71244,19,39
71245,19,38
71246,19,37
71247,19,35
71248,19,40
71249,19,38
71250,19,39
71251,19,38
71252,19,37
71253,19,38
71254,19,38
71255,19,37
71256,19,39
71257,19,38
71258,19,42
71259,19,38
71260,19,37
71261,19,37
71262,19,38
71263,19,38
71264,19,40
71265,19,37
71266,19,39
71267,19,39
71268,19,40
71269,19,38
71270,19,38
71271,19,37
71272,19,37
71273,19,37
71274,19,36
71275,19,40
71276,19,38
71277,19,37
71278,19,37
71279,19,37
71280,19,37
71281,19,37
71282,19,40
71283,19,37
71284,19,38
71285,19,42
71286,19,37
71287,19,39
71288,19,38
71289,19,39
71290,19,37
71291,19,37
71292,19,36
71293,19,40
71294,19,39
71295,19,38
71296,19,37
71297,19,37
71298,19,36
71299,19,38
71300,19,35
71301,19,37
71302,19,37
71303,19,39
71304,19,39
71305,19,39
71306,19,38
71307,19,37
71308,19,37
71309,19,36
71310,19,38
71311,19,37
71312,19,36
71313,19,37
71314,19,38
71315,19,37
71316,19,37
71317,19,37
71318,19,36
71319,19,38
71320,19,37
71321,19,37
71322,19,39
71323,19,37
71324,19,37
71325,19,37
71326,19,39
71327,19,38
71328,19,37
71329,19,39
71330,19,39
71331,19,38
71332,19,39
71333,19,39
71334,19,37
71335,19,38
71336,19,39
71337,19,38
71338,19,37
71339,19,39
71340,19,37
71341,19,37
71342,19,38
71343,19,38
71344,19,40
71345,19,40
71346,19,37
71347,19,39
71348,19,38
71349,19,38
71350,19,40
71351,19,39
71352,19,37
71353,19,39
71354,19,40
71355,19,37
71356,19,38
71357,19,37
71358,19,37
71359,19,38
71360,19,38
71361,19,37
71362,19,40
71363,19,38
71364,19,39
71365,19,38
71366,19,38
71367,19,37
71368,19,37
71369,19,36
71370,19,37
71371,19,37
71372,19,38
71373,19,35
71374,19,36
71375,19,38
71376,19,38
71377,19,37
71378,19,36
71379,19,36
71380,19,35
71381,19,39
71382,19,36
71383,19,39
71384,19,39
71385,19,40
71386,19,36
71387,19,39
71388,19,37
71389,19,37
71390,19,35
71391,19,39
71392,19,38
71393,19,39
71394,19,38
71395,19,39
71396,19,37
71397,19,37
71398,19,38
71399,19,37
71400,19,39
71401,19,38
71402,19,38
71403,19,37
71404,19,37
71405,19,38
71406,19,37
71407,19,36
71408,19,37
71409,19,39
71410,19,36
71411,19,36
71412,19,36
71413,19,39
71414,19,38
71415,19,38
71416,19,36
71417,19,41
71418,19,38
71419,19,38
71420,19,38
71421,19,38
71422,19,38
71423,19,38
71424,18,37
71425,19,37
71426,19,40
71427,19,37
71428,19,38
71429,19,35
71430,19,38
71431,19,37
71432,19,37
71433,19,38
71434,19,37
71435,19,39
71436,19,38
71437,19,37
71438,19,39
71439,19,39
71440,19,40
71441,19,37
71442,19,39
71443,19,39
71444,19,36
71445,19,36
71446,19,37
71447,19,38
71448,19,37
71449,19,37
71450,19,38
71451,19,37
71452,19,38
71453,19,38
71454,19,37
71455,19,37
71456,19,38
71457,19,38
71458,19,37
71459,19,37
71460,19,41
71461,19,37
71462,19,36
71463,19,39
71464,19,38
71465,19,40
71466,19,36
71467,19,40
71468,19,40
71469,19,37
71470,19,39
71471,19,37
71472,19,38
71473,19,39
71474,19,39
71475,19,38
71476,19,39
71477,19,38
71478,19,37
71479,19,37
71480,19,39
71481,19,37
71482,19,39
71483,19,39
71484,19,37
71485,19,38
71486,19,38
71487,19,39
71488,19,36
71489,19,37
71490,19,39
71491,19,37
71492,19,37
71493,19,38
71494,19,38
71495,19,38
71496,19,39
71497,19,36
71498,19,39
71499,19,39
71500,19,39
71501,19,37
71502,19,35
71503,19,38
71504,19,38
71505,19,37
71506,19,39
71507,19,39
71508,19,37
71509,19,37
71510,19,37
71511,19,37
71512,19,38
71513,19,38
71514,19,37
71515,19,39
71516,19,39
71517,19,38
71518,19,36
71519,19,38
71520,19,37
71521,19,40
71522,19,38
71523,19,36
71524,19,40
71525,19,41
71526,19,36
71527,19,37
71528,19,36
71529,19,38
71530,19,38
71531,19,38
71532,19,40
71533,19,38
71534,19,38
71535,19,38
71536,19,38
71537,19,39
71538,19,41
71539,19,39
71540,19,39
71541,19,38
71542,19,39
71543,19,40
71544,19,37
71545,19,39
71546,19,36
71547,19,36
71548,19,37
71549,19,39
71550,19,37
71551,19,39
71552,19,38
71553,19,36
71554,19,40
71555,19,39
71556,19,38
71557,19,38
71558,19,36
71559,19,38
71560,19,40
71561,19,36
71562,19,36
71563,19,38
71564,19,39
71565,19,36
71566,19,39
71567,19,36
71568,19,38
71569,19,37
71570,19,38
71571,19,39
71572,19,41
71573,19,38
71574,19,40
71575,19,37
71576,19,38
71577,19,36
71578,19,39
71579,19,36
71580,19,38
71581,19,37
71582,19,40
71583,19,37
71584,19,40
71585,19,38
71586,19,40
71587,19,37
71588,19,39
71589,19,38
71590,19,37
71591,19,39
71592,19,38
71593,19,40
71594,19,38
71595,19,38
71596,19,37
71597,19,39
71598,19,39
71599,19,38
71600,19,38
71601,19,38
71602,19,38
71603,19,39
71604,19,39
71605,19,37
71606,19,38
71607,19,36
71608,19,39
71609,19,38
71610,19,39
71611,19,37
71612,19,38
71613,19,40
71614,19,39
71615,19,36
71616,19,41
71617,19,38
71618,19,37
71619,19,38
71620,19,37
71621,19,40
71622,19,36
71623,19,37
71624,19,35
71625,19,38
71626,19,38
71627,19,37
71628,19,37
71629,19,37
71630,19,39
71631,19,37
71632,19,37
71633,19,41
71634,19,38
71635,19,37
71636,19,38
71637,19,37
71638,19,38
71639,19,39
71640,19,36
71641,19,38
71642,19,39
71643,19,38
71644,19,39
71645,19,38
71646,19,36
71647,19,39
71648,19,36
71649,19,38
71650,19,40
71651,19,36
71652,19,38
71653,19,38
71654,19,37
71655,19,37
71656,19,36
71657,19,36
71658,19,38
71659,19,37
71660,19,38
71661,19,40
71662,19,36
71663,19,37
71664,19,37
71665,19,38
71666,19,36
71667,19,38
71668,19,38
71669,19,39
71670,19,37
71671,19,38
71672,19,38
71673,19,39
71674,19,37
71675,19,39
71676,19,39
71677,19,38
71678,18,38
71679,19,39
71680,19,34
71681,19,38
71682,19,39
71683,19,37
71684,19,38
71685,19,38
71686,19,36
71687,19,39
71688,19,38
71689,19,38
71690,19,40
71691,19,37
71692,19,39
71693,19,36
71694,19,38
71695,19,39
71696,19,37
71697,19,37
71698,19,40
71699,19,38
71700,19,39
71701,19,38
71702,19,37
71703,19,37
71704,19,40
71705,19,36
71706,19,38
71707,19,39
71708,19,38
71709,19,39
71710,19,36
71711,19,38
71712,19,38
71713,19,37
71714,19,39
71715,19,37
71716,19,38
71717,19,39
71718,19,38
71719,19,37
71720,19,37
71721,19,39
71722,19,36
71723,19,37
71724,19,36
71725,19,37
71726,19,38
71727,19,35
71728,19,38
71729,19,38
71730,19,38
71731,19,38
71732,19,38
71733,19,38
71734,19,37
71735,19,39
71736,19,37
71737,19,38
71738,19,37
71739,19,38
71740,19,38
71741,18,38
71742,19,39
71743,19,36
71744,19,39
71745,19,38
71746,19,40
71747,19,39
71748,19,37
71749,19,38
71750,19,37
71751,19,38
71752,19,40
71753,19,38
71754,19,39
71755,19,36
71756,19,37
71757,19,38
71758,19,39
71759,19,39
71760,19,39
71761,19,39
71762,19,39
71763,19,41
71764,19,40
71765,19,37
71766,19,40
71767,19,39
71768,19,37
71769,19,37
71770,19,38
71771,19,38
71772,19,38
71773,19,36
71774,19,41
71775,19,37
71776,19,37
71777,19,37
71778,19,38
71779,19,40
71780,19,38
71781,19,39
71782,19,38
71783,19,38
71784,19,37
71785,19,37
71786,19,38
71787,19,38
71788,19,39
71789,19,39
71790,19,38
71791,19,36
71792,19,36
71793,19,40
71794,19,36
71795,19,39
71796,19,36
71797,19,40
71798,19,38
71799,19,40
71800,18,38
71801,19,40
71802,19,37
71803,19,39
71804,19,40
71805,19,41
71806,19,37
71807,19,38
71808,19,39
71809,19,38
71810,19,38
71811,19,37
71812,19,39
71813,19,37
71814,19,37
71815,19,38
71816,19,38
71817,19,36
71818,19,40
71819,19,40
71820,19,39
71821,19,37
71822,19,40
71823,19,38
71824,19,38
71825,19,38
71826,19,37
71827,19,39
71828,19,38
71829,19,40
71830,19,38
71831,19,38
71832,19,37
71833,19,38
71834,19,38
71835,19,38
71836,19,37
71837,19,38
71838,19,38
71839,19,39
71840,19,38
71841,19,38
71842,19,38
71843,19,37
71844,19,37
71845,19,38
71846,19,40
71847,19,38
71848,19,39
71849,19,38
71850,19,37
71851,19,40
71852,19,38
71853,19,39
71854,19,39
71855,19,39
71856,19,37
71857,19,39
71858,19,37
71859,19,38
71860,19,41
71861,19,38
71862,19,39
71863,19,37
71864,19,41
71865,19,38
71866,19,38
71867,19,39
71868,19,36
71869,19,39
71870,19,39
71871,19,38
71872,19,37
71873,19,38
71874,19,37
71875,19,40
71876,19,37
71877,19,38
71878,19,38
71879,19,39
71880,19,38
71881,19,38
71882,19,38
71883,19,38
71884,19,37
71885,19,39
71886,19,40
71887,19,39
71888,19,38
71889,19,37
71890,19,38
71891,19,38
71892,19,36
71893,19,37
71894,19,38
71895,19,38
71896,19,35
71897,19,38
71898,19,37
71899,19,40
71900,19,38
71901,19,39
71902,19,38
71903,19,36
71904,19,38
71905,19,38
71906,19,38
71907,19,39
71908,19,38
71909,19,36
71910,19,40
71911,19,36
71912,19,37
71913,19,39
71914,19,39
71915,19,37
71916,19,38
71917,19,38
71918,19,37
71919,19,37
71920,19,37
71921,19,38
71922,19,37
71923,19,40
71924,19,37
71925,19,37
71926,19,37
71927,19,37
71928,19,38
71929,19,38
71930,19,38
71931,19,40
71932,19,38
71933,19,37
71934,19,39
71935,19,42
71936,19,38
71937,19,38
71938,19,38
71939,19,37
71940,19,39
71941,19,37
71942,19,39
71943,19,37
71944,19,39
71945,19,40
71946,19,39
71947,19,37
71948,19,37
71949,19,40
71950,19,37
71951,19,39
71952,19,37
71953,19,36
71954,19,40
71955,19,38
71956,19,39
71957,19,38
71958,19,37
71959,19,37
71960,19,37
71961,19,41
71962,19,39
71963,19,39
71964,19,38
71965,19,38
71966,19,39
71967,19,36
71968,19,40
71969,19,38
71970,19,38
71971,19,35
71972,19,36
71973,19,38
71974,19,36
71975,19,37
71976,19,40
71977,19,36
71978,19,35
71979,19,39
71980,19,38
71981,19,37
71982,19,39
71983,19,36
71984,19,38
71985,19,38
71986,19,39
71987,19,39
71988,19,37
71989,19,40
71990,19,36
71991,19,38
71992,19,37
71993,19,37
71994,19,38
71995,19,39
71996,19,37
71997,19,39
71998,19,37
71999,19,40
72000,19,38
72001,19,38
72002,19,38
72003,19,39
72004,19,42
72005,19,39
72006,19,38
72007,19,38
72008,19,38
72009,19,36
72010,19,37
72011,19,39
72012,19,39
72013,19,38
72014,19,36
72015,19,36
72016,19,39
72017,19,37
72018,19,37
72019,19,39
72020,19,38
72021,19,42
72022,19,38
72023,19,37
72024,19,36
72025,19,37
72026,19,38
72027,19,39
72028,19,36
72029,19,36
72030,19,40
72031,19,39
72032,19,37
72033,19,38
72034,19,39
72035,19,38
72036,19,40
72037,19,37
72038,19,37
72039,19,39
72040,19,37
72041,19,37
72042,19,38
72043,19,37
72044,19,37
72045,19,37
72046,19,41
72047,19,39
72048,19,39
72049,19,37
72050,19,38
72051,19,37
72052,19,37
72053,19,39
72054,19,37
72055,19,38
72056,19,38
72057,19,39
72058,19,37
72059,19,37
72060,19,40
72061,19,39
72062,19,38
72063,19,39
72064,19,39
72065,19,41
72066,19,40
72067,19,37
72068,19,40
72069,19,40
72070,19,38
72071,19,36
72072,19,37
72073,19,38
72074,19,38
72075,19,38
72076,19,40
72077,19,39
72078,19,38
72079,19,40
72080,19,39
72081,19,38
72082,19,39
72083,19,36
72084,19,39
72085,19,38
72086,19,38
72087,19,36
72088,19,40
72089,19,37
72090,19,37
72091,19,37
72092,19,36
72093,19,37
72094,19,38
72095,19,35
72096,19,38
72097,19,38
72098,19,38
72099,19,37
72100,19,39
72101,19,38
72102,19,38
72103,19,39
72104,19,37
72105,19,41
72106,19,38
72107,19,38
72108,19,37
72109,19,38
72110,19,38
72111,19,37
72112,19,38
72113,19,37
72114,19,38
72115,19,40
72116,19,38
72117,19,39
72118,19,38
72119,19,37
72120,19,37
72121,19,36
72122,19,39
72123,19,39
72124,19,38
72125,19,38
72126,19,40
72127,19,38
72128,19,39
72129,19,37
72130,19,40
72131,19,37
72132,19,37
72133,19,36
72134,19,37
72135,19,40
72136,19,37
72137,19,38
72138,19,38
72139,19,38
72140,19,39
72141,19,36
72142,19,37
72143,19,37
72144,19,38
72145,19,36
72146,19,37
72147,19,37
72148,19,36
72149,19,39
72150,19,39
72151,19,37
72152,19,38
72153,19,38
72154,19,39
72155,19,37
72156,19,36
72157,19,36
72158,19,39
72159,19,38
72160,19,37
72161,19,37
72162,19,37
72163,19,39
72164,19,38
72165,19,37
72166,19,38
72167,19,38
72168,19,36
72169,19,40
72170,19,39
72171,19,40
72172,19,38
72173,19,38
72174,19,39
72175,19,40
72176,19,36
72177,19,39
72178,19,38
72179,19,37
72180,19,39
72181,19,41
72182,19,39
72183,19,37
72184,19,37
72185,19,38
72186,19,38
72187,19,38
72188,19,38
72189,19,36
72190,19,40
72191,19,38
72192,19,36
72193,19,39
72194,19,36
72195,19,40
72196,19,38
72197,19,37
72198,19,37
72199,19,39
72200,19,36
72201,19,38
72202,19,38
72203,19,38
72204,19,38
72205,19,39
72206,19,39
72207,19,38
72208,19,38
72209,19,39
72210,19,38
72211,19,38
72212,19,36
72213,19,39
72214,19,38
72215,19,37
72216,19,38
72217,19,40
72218,19,38
72219,19,37
72220,19,38
72221,19,38
72222,19,36
72223,19,37
72224,19,36
72225,19,39
72226,19,39
72227,19,38
72228,19,37
72229,19,40
72230,19,38
72231,19,38
72232,19,42
72233,19,38
72234,19,37
72235,19,38
72236,19,40
72237,19,40
72238,19,37
72239,19,37
72240,19,37
72241,19,39
72242,19,39
72243,19,39
72244,19,37
72245,19,39
72246,19,39
72247,19,38
72248,19,38
72249,19,37
72250,19,40
72251,19,36
72252,19,38
72253,19,37
72254,19,37
72255,19,40
72256,19,36
72257,19,37
72258,19,38
72259,19,39
72260,19,37
72261,19,37
72262,19,38
72263,19,38
72264,19,38
72265,19,39
72266,19,38
72267,19,39
72268,19,40
72269,19,38
72270,19,40
72271,19,37
72272,19,37
72273,19,38
72274,19,39
72275,19,39
72276,19,37
72277,19,37
72278,19,41
72279,19,38
72280,19,40
72281,19,37
72282,19,37
72283,19,37
72284,19,37
72285,19,36
72286,19,38
72287,19,38
72288,19,39
72289,19,39
72290,19,37
72291,19,38
72292,19,38
72293,19,37
72294,19,39
72295,19,37
72296,19,39
72297,19,37
72298,19,37
72299,19,37
72300,19,39
72301,19,38
72302,19,39
72303,19,42
72304,19,39
72305,19,39
72306,19,36
72307,19,38
72308,19,37
72309,19,39
72310,19,39
72311,19,37
72312,19,37
72313,19,38
72314,19,38
72315,19,38
72316,19,41
72317,19,36
72318,19,37
72319,19,38
72320,19,38
72321,19,40
72322,19,38
72323,19,37
72324,19,40
72325,19,36
72326,19,38
72327,19,38
72328,19,40
72329,19,38
72330,19,39
72331,19,39
72332,19,40
72333,19,40
72334,19,37
72335,19,39
72336,19,38
72337,19,36
72338,19,39
72339,19,38
72340,19,37
72341,19,39
72342,19,38
72343,19,40
72344,19,35
72345,19,38
72346,19,38
72347,19,37
72348,19,39
72349,19,38
72350,19,36
72351,19,38
72352,19,40
72353,19,39
72354,19,37
72355,19,38
72356,19,38
72357,19,40
72358,19,40
72359,19,38
72360,19,36
72361,19,36
72362,19,40
72363,19,38
72364,19,39
72365,19,40
72366,19,38
72367,19,37
72368,19,41
72369,19,36
72370,19,38
72371,19,37
72372,19,38
72373,19,38
72374,19,39
72375,19,38
72376,19,38
72377,19,37
72378,19,37
72379,19,40
72380,19,41
72381,19,39
72382,19,37
72383,19,39
72384,19,38
72385,19,38
72386,19,38
72387,19,36
72388,19,36
72389,19,39
72390,19,38
72391,19,37
72392,19,39
72393,19,38
72394,19,40
72395,19,37
72396,19,37
72397,19,38
72398,19,38
72399,19,38
72400,19,37
72401,19,37
72402,19,39
72403,19,38
72404,19,36
72405,19,37
72406,19,39
72407,19,39
72408,19,39
72409,19,39
72410,19,38
72411,19,38
72412,19,38
72413,19,40
72414,19,35
72415,19,40
72416,19,39
72417,19,37
72418,19,39
72419,19,35
72420,19,37
72421,19,38
72422,19,37
72423,19,38
72424,19,38
72425,19,37
72426,19,37
72427,19,38
72428,19,38
72429,19,34
72430,19,37
72431,19,38
72432,19,38
72433,19,38
72434,19,39
72435,19,39
72436,19,39
72437,19,38
72438,19,38
72439,19,38
72440,19,36
72441,19,40
72442,19,39
72443,19,37
72444,19,37
72445,19,39
72446,19,37
72447,19,38
72448,19,37
72449,19,38
72450,19,38
72451,19,39
72452,19,40
72453,19,38
72454,19,37
72455,19,40
72456,19,36
72457,19,37
72458,19,39
72459,19,39
72460,19,38
72461,19,36
72462,19,38
72463,19,38
72464,19,37
72465,19,38
72466,19,40
72467,19,40
72468,19,37
72469,19,40
72470,19,39
72471,19,37
72472,19,38
72473,19,38
72474,19,37
72475,19,37
72476,19,37
72477,19,39
72478,19,38
72479,19,35
72480,19,39
72481,19,39
72482,19,38
72483,19,37
72484,19,36
72485,19,39
72486,19,36
72487,19,39
72488,19,37
72489,19,38
72490,19,39
72491,19,39
72492,19,38
72493,19,37
72494,19,37
72495,19,37
72496,19,38
72497,19,36
72498,19,39
72499,19,40
72500,19,38
72501,19,37
72502,19,38
72503,19,38
72504,19,36
72505,19,37
72506,19,38
72507,19,37
72508,19,36
72509,19,38
72510,19,38
72511,19,39
72512,19,40
72513,19,36
72514,19,38
72515,19,39
72516,19,37
72517,19,37
72518,19,36
72519,19,40
72520,19,37
72521,19,36
72522,19,38
72523,19,38
72524,19,39
72525,19,37
72526,19,38
72527,19,37
72528,19,37
72529,19,37
72530,19,40
72531,19,37
72532,19,38
72533,19,38
72534,19,37
72535,19,37
72536,19,40
72537,19,38
72538,19,41
72539,19,38
72540,19,36
72541,19,37
72542,19,39
72543,19,38
72544,19,37
72545,19,37
72546,19,37
72547,19,40
72548,19,36
72549,19,37
72550,19,37
72551,19,37
72552,19,37
72553,19,39
72554,19,39
72555,19,41
72556,19,37
72557,19,39
72558,19,38
72559,19,37
72560,19,39
72561,19,37
72562,19,36
72563,19,36
72564,19,38
72565,19,39
72566,19,38
72567,19,38
72568,19,39
72569,19,37
72570,19,38
72571,19,39
72572,19,38
72573,19,39
72574,19,38
72575,19,37
72576,19,39
72577,19,36
72578,19,40
72579,19,37
72580,19,37
72581,19,37
72582,19,37
72583,19,40
72584,19,37
72585,19,36
72586,19,37
72587,19,37
72588,19,40
72589,19,37
72590,19,38
72591,19,38
72592,19,36
72593,19,37
72594,19,38
72595,19,38
72596,19,36
72597,19,38
72598,19,40
72599,19,38
72600,19,40
72601,19,37
72602,19,36
72603,19,36
72604,19,36
72605,19,38
72606,19,37
72607,19,37
72608,19,38
72609,19,41
72610,19,40
72611,19,37
72612,19,39
72613,19,39
72614,19,39
72615,19,38
72616,19,37
72617,19,39
72618,19,37
72619,19,38
72620,19,37
72621,19,37
72622,19,37
72623,19,39
72624,19,37
72625,19,40
72626,19,40
72627,19,38
72628,19,39
72629,19,38
72630,19,36
72631,19,38
72632,19,41
72633,19,37
72634,19,38
72635,19,38
72636,19,36
72637,19,36
72638,19,37
72639,19,37
72640,19,39
72641,19,37
72642,19,38
72643,19,37
72644,19,37
72645,19,38
72646,19,39
72647,19,38
72648,19,37
72649,19,37
72650,19,36
72651,19,36
72652,19,39
72653,19,39
72654,19,38
72655,19,40
72656,19,37
72657,19,38
72658,19,35
72659,19,38
72660,19,39
72661,19,37
72662,19,41
72663,19,39
72664,19,35
72665,19,39
72666,19,36
72667,19,36
72668,19,37
72669,19,38
72670,19,40
72671,19,39
72672,19,37
72673,19,37
72674,19,37
72675,19,38
72676,19,36
72677,19,41
72678,19,37
72679,19,38
72680,19,39
72681,19,39
72682,19,39
72683,19,38
72684,19,40
72685,19,39
72686,19,37
72687,19,36
72688,19,38
72689,19,37
72690,19,37
72691,19,37
72692,19,40
72693,19,38
72694,19,37
72695,19,38
72696,19,38
72697,19,38
72698,19,39
72699,19,36
72700,19,39
72701,19,36
72702,19,39
72703,19,38
72704,19,37
72705,19,36
72706,19,38
72707,19,40
72708,19,38
72709,19,37
72710,19,38
72711,19,40
72712,19,39
72713,19,40
72714,19,38
72715,19,38
72716,19,36
72717,19,37
72718,19,38
72719,19,36
72720,19,37
72721,19,37
72722,19,37
72723,19,38
72724,19,38
72725,19,36
72726,19,37
72727,19,37
72728,19,38
72729,19,39
72730,19,38
72731,19,40
72732,19,38
72733,19,37
72734,19,39
72735,19,39
72736,19,40
72737,19,39
72738,19,37
72739,19,38
72740,19,37
72741,19,37
72742,19,38
72743,19,41
72744,19,39
72745,19,37
72746,19,38
72747,19,37
72748,19,39
72749,19,40
72750,19,38
72751,19,37
72752,19,37
72753,19,39
72754,19,41
72755,19,36
72756,19,38
72757,19,38
72758,19,39
72759,19,36
72760,19,39
72761,19,39
72762,19,37
72763,19,37
72764,19,39
72765,19,38
72766,19,36
72767,19,40
72768,19,38
72769,19,39
72770,19,38
72771,19,38
72772,19,37
72773,19,41
72774,19,38
72775,19,40
72776,19,38
72777,19,37
72778,19,36
72779,19,37
72780,19,37
72781,19,39
72782,19,39
72783,19,41
72784,19,37
72785,19,37
72786,19,37
72787,19,37
72788,19,40
72789,19,40
72790,19,38
72791,19,40
72792,19,36
72793,19,36
72794,19,38
72795,19,38
72796,19,38
72797,19,39
72798,19,38
72799,19,37
72800,19,40
72801,19,39
72802,19,40
72803,19,38
72804,19,38
72805,19,38
72806,19,38
72807,19,38
72808,19,37
72809,19,37
72810,19,38
72811,19,38
72812,19,37
72813,19,36
72814,19,38
72815,19,39
72816,19,39
72817,19,39
72818,19,36
72819,19,36
72820,19,38
72821,19,38
72822,19,39
72823,19,37
72824,19,38
72825,19,36
72826,19,37
72827,19,38
72828,19,39
72829,19,38
72830,19,37
72831,19,37
72832,19,38
72833,19,38
72834,19,37
72835,19,38
72836,19,35
72837,19,38
72838,19,37
72839,19,38
72840,19,39
72841,19,40
72842,19,36
72843,19,38
72844,19,38
72845,19,38
72846,19,37
72847,19,39
72848,19,36
72849,19,39
72850,19,40
72851,19,37
72852,19,39
72853,19,36
72854,19,39
72855,19,37
72856,19,37
72857,19,38
72858,19,38
72859,19,38
72860,19,40
72861,19,37
72862,19,38
72863,19,38
72864,19,37
72865,19,38
72866,19,37
72867,19,37
72868,19,37
72869,19,39
72870,19,37
72871,19,38
72872,19,38
72873,19,39
72874,19,39
72875,19,37
72876,19,38
72877,19,41
72878,19,38
72879,19,37
72880,19,40
72881,19,39
72882,19,38
72883,19,39
72884,19,41
72885,19,37
72886,19,39
72887,19,40
72888,19,37
72889,19,37
72890,19,36
72891,19,36
72892,19,38
72893,19,39
72894,19,37
72895,19,39
72896,19,39
72897,19,38
72898,19,37
72899,19,37
72900,19,39
72901,19,38
72902,19,37
72903,19,37
72904,19,39
72905,19,40
72906,19,39
72907,19,37
72908,19,38
72909,19,37
72910,19,37
72911,19,37
72912,19,36
72913,19,40
72914,19,38
72915,19,37
72916,19,36
72917,19,38
72918,19,38
72919,19,36
72920,19,37
72921,19,39
72922,19,40
72923,19,39
72924,19,39
72925,19,39
72926,19,38
72927,19,37
72928,19,40
72929,19,37
72930,19,37
72931,19,38
72932,19,36
72933,19,39
72934,19,40
72935,19,39
72936,19,38
72937,19,38
72938,19,41
72939,19,39
72940,19,36
72941,19,39
72942,19,38
72943,19,39
72944,19,37
72945,19,38
72946,19,38
72947,19,40
72948,19,38
72949,19,36
72950,19,39
72951,19,38
72952,19,36
72953,19,38
72954,19,38
72955,19,38
72956,19,37
72957,19,38
72958,19,37
72959,19,38
72960,19,36
72961,19,37
72962,19,36
72963,19,39
72964,19,40
72965,19,37
72966,19,37
72967,19,39
72968,19,38
72969,19,36
72970,19,37
72971,19,39
72972,19,37
72973,19,39
72974,19,37
72975,19,38
72976,19,37
72977,19,37
72978,19,36
72979,19,36
72980,19,39
72981,19,38
72982,19,37
72983,19,38
72984,19,39
72985,19,39
72986,19,37
72987,19,37
72988,19,38
72989,19,38
72990,19,39
72991,19,39
72992,19,38
72993,19,37
72994,19,39
72995,19,37
72996,19,37
72997,19,39
72998,19,37
72999,19,38
73000,19,38
73001,19,37
73002,19,37
73003,19,38
73004,19,38
73005,19,39
73006,19,36
73007,19,39
73008,19,39
73009,19,39
73010,19,38
73011,19,38
73012,19,38
73013,19,41
73014,19,39
73015,19,38
73016,19,37
73017,19,38
73018,19,37
73019,19,38
73020,19,39
73021,19,39
73022,19,36
73023,19,37
73024,19,37
73025,19,38
73026,19,35
73027,19,37
73028,19,38
73029,19,38
73030,19,39
73031,19,38
73032,19,38
73033,19,37
73034,19,36
73035,19,38
73036,19,37
73037,19,38
73038,19,39
73039,19,38
73040,19,37
73041,19,40
73042,19,39
73043,19,38
73044,19,38
73045,19,38
73046,19,38
73047,19,38
73048,19,36
73049,19,39
73050,19,38
73051,19,40
73052,19,38
73053,19,40
73054,19,38
73055,19,38
73056,19,39
73057,19,39
73058,19,39
73059,19,39
73060,19,36
73061,19,38
73062,19,39
73063,19,38
73064,19,39
73065,19,39
73066,19,37
73067,18,37
73068,19,39
73069,19,39
73070,19,36
73071,19,37
73072,19,40
73073,19,37
73074,19,38
73075,19,38
73076,19,37
73077,19,38
73078,19,37
73079,19,39
73080,19,37
73081,19,38
73082,19,37
73083,19,38
73084,19,38
73085,19,41
73086,19,40
73087,19,39
73088,19,36
73089,19,36
73090,19,38
73091,19,37
73092,19,39
73093,19,38
73094,19,37
73095,19,40
73096,19,37
73097,19,38
73098,19,38
73099,19,39
73100,19,38
73101,19,39
73102,19,37
73103,19,38
73104,19,39
73105,19,38
73106,19,39
73107,19,39
73108,19,39
73109,19,38
73110,19,39
73111,19,38
73112,19,36
73113,19,38
73114,19,39
73115,19,37
73116,19,37
73117,19,37
73118,19,37
73119,19,38
73120,19,38
73121,19,38
73122,19,36
73123,19,37
73124,19,39
73125,19,37
73126,19,38
73127,19,41
73128,19,39
73129,19,39
73130,19,41
73131,19,36
73132,19,42
73133,19,40
73134,19,40
73135,19,39
73136,19,37
73137,19,38
73138,19,39
73139,19,39
73140,19,36
73141,19,40
73142,19,39
73143,19,38
73144,19,37
73145,19,38
73146,19,39
73147,19,39
73148,19,37
73149,19,38
73150,19,37
73151,19,39
73152,19,37
73153,19,38
73154,19,38
73155,19,38
73156,19,39
73157,19,38
73158,19,37
73159,19,39
73160,19,38
73161,19,39
73162,19,38
73163,19,39
73164,19,37
73165,19,37
73166,19,39
73167,19,37
73168,19,36
73169,19,36
73170,19,39
73171,19,41
73172,19,39
73173,19,37
73174,19,38
73175,19,37
73176,19,39
73177,19,37
73178,19,39
73179,19,38
73180,19,39
73181,19,38
73182,19,38
73183,19,38
73184,19,38
73185,19,39
73186,19,39
73187,19,38
73188,19,36
73189,19,39
73190,19,39
73191,19,39
73192,19,38
73193,19,37
73194,19,37
73195,19,39
73196,19,40
73197,19,37
73198,19,37
73199,19,37
73200,19,38
73201,19,38
73202,19,36
73203,19,37
73204,19,37
73205,19,37
73206,19,37
73207,19,39
73208,19,39
73209,19,39
73210,19,38
73211,19,36
73212,19,36
73213,19,39
73214,19,38
73215,19,38
73216,19,39
73217,19,37
73218,19,36
73219,19,37
73220,19,37
73221,19,39
73222,19,37
73223,19,36
73224,19,40
73225,19,38
73226,19,36
73227,19,38
73228,19,38
73229,19,38
73230,19,39
73231,19,37
73232,19,35
73233,19,38
73234,19,38
73235,19,38
73236,19,36
73237,19,40
73238,19,39
73239,19,36
73240,19,38
73241,19,39
73242,19,36
73243,19,37
73244,19,38
73245,19,37
73246,19,40
73247,19,36
73248,19,38
73249,19,39
73250,19,37
73251,19,38
73252,19,37
73253,19,37
73254,19,38
73255,19,39
73256,19,39
73257,19,38
73258,19,41
73259,19,37
73260,19,36
73261,19,38
73262,19,38
73263,19,38
73264,19,37
73265,19,38
73266,19,37
73267,19,39
73268,19,36
73269,19,38
73270,19,37
73271,19,38
73272,19,37
73273,19,36
73274,19,36
73275,19,37
73276,19,37
73277,19,37
73278,19,38
73279,19,37
73280,19,37
73281,19,36
73282,19,38
73283,19,36
73284,19,36
73285,19,39
73286,19,40
73287,19,39
73288,19,38
73289,19,39
73290,19,36
73291,19,39
73292,19,37
73293,19,37
73294,19,36
73295,19,40
73296,19,36
73297,19,38
73298,19,35
73299,19,38
73300,19,38
73301,19,37
73302,19,37
73303,19,36
73304,19,39
73305,19,39
73306,19,37
73307,19,37
73308,19,38
73309,19,40
73310,19,36
73311,19,36
73312,19,36
73313,19,36
73314,19,39
73315,19,39
73316,19,39
73317,19,35
73318,19,39
73319,19,36
73320,19,39
73321,19,38
73322,19,39
73323,19,38
73324,19,39
73325,19,38
73326,19,37
73327,19,40
73328,19,40
73329,19,36
73330,19,38
73331,19,38
73332,19,38
73333,19,37
73334,19,39
73335,19,38
73336,19,38
73337,19,37
73338,19,38
73339,19,39
73340,19,38
73341,19,38
73342,19,41
73343,19,38
73344,19,37
73345,19,39
73346,19,37
73347,19,40
73348,19,37
73349,19,37
73350,19,38
73351,19,39
73352,19,38
73353,19,37
73354,19,37
73355,19,40
73356,19,40
73357,19,39
73358,19,38
73359,19,39
73360,19,40
73361,19,37
73362,19,40
73363,19,35
73364,19,39
73365,19,40
73366,19,40
73367,19,37
73368,19,38
73369,19,37
73370,19,37
73371,19,36
73372,19,38
73373,19,37
73374,19,36
73375,19,38
73376,19,36
73377,19,39
73378,19,38
73379,19,37
73380,19,36
73381,19,38
73382,19,36
73383,19,37
73384,19,38
73385,19,38
73386,19,38
73387,19,37
73388,19,37
73389,19,38
73390,19,38
73391,19,38
73392,19,38
73393,19,37
73394,19,37
73395,19,38
73396,19,38
73397,19,36
73398,19,37
73399,19,39
73400,19,40
73401,19,36
73402,19,38
73403,19,38
73404,19,36
73405,19,37
73406,19,37
73407,19,39
73408,19,38
73409,19,38
73410,19,39
73411,19,37
73412,19,37
73413,19,39
73414,19,38
73415,19,37
73416,19,39
73417,19,38
73418,19,37
73419,19,38
73420,19,38
73421,19,40
73422,19,38
73423,19,37
73424,19,36
73425,19,36
73426,19,37
73427,19,38
73428,19,41
73429,19,41
73430,19,39
73431,19,38
73432,19,36
73433,19,40
73434,19,39
73435,19,39
73436,19,38
73437,19,36
73438,19,39
73439,19,36
73440,19,37
73441,19,39
73442,19,36
73443,19,38
73444,19,37
73445,19,37
73446,19,40
73447,19,39
73448,19,37
73449,19,38
73450,19,38
73451,19,37
73452,19,39
73453,19,39
73454,19,38
73455,19,37
73456,19,37
73457,19,39
73458,19,38
73459,19,37
73460,19,36
73461,19,37
73462,19,38
73463,19,38
73464,19,38
73465,19,37
73466,19,38
73467,19,36
73468,19,38
73469,19,39
73470,19,37
73471,19,38
73472,19,40
73473,19,40
73474,19,37
73475,19,37
73476,19,39
73477,19,37
73478,19,39
73479,19,36
73480,19,35
73481,19,38
73482,19,39
73483,19,37
73484,19,39
73485,19,36
73486,19,40
73487,19,39
73488,19,39
73489,19,37
73490,19,41
73491,19,37
73492,19,38
73493,19,38
73494,19,37
73495,19,38
73496,19,41
73497,19,36
73498,19,38
73499,19,39
73500,19,38
73501,19,36
73502,19,38
73503,19,40
73504,19,39
73505,19,41
73506,19,38
73507,19,37
73508,19,37
73509,19,38
73510,19,37
73511,19,37
73512,19,38
73513,19,40
73514,19,40
73515,19,40
73516,19,37
73517,19,37
73518,19,40
73519,19,39
73520,19,38
73521,19,40
73522,19,40
73523,19,37
73524,19,36
73525,19,37
73526,19,37
73527,19,38
73528,19,39
73529,19,37
73530,19,37
73531,19,37
73532,19,38
73533,19,38
73534,19,37
73535,19,39
73536,19,39
73537,19,37
73538,19,38
73539,19,39
73540,19,40
73541,19,39
73542,19,37
73543,19,36
73544,19,38
73545,19,39
73546,19,37
73547,19,38
73548,19,37
73549,19,38
73550,19,37
73551,19,39
73552,19,36
73553,19,37
73554,19,39
73555,19,39
73556,19,35
73557,19,36
73558,19,39
73559,19,39
73560,19,37
73561,19,38
73562,19,39
73563,19,39
73564,19,39
73565,19,39
73566,19,40
73567,19,39
73568,19,37
73569,19,38
73570,19,39
73571,19,38
73572,19,41
73573,19,38
73574,19,40
73575,19,40
73576,19,41
73577,19,39
73578,19,37
73579,19,38
73580,19,40
73581,19,35
73582,19,42
73583,19,39
73584,19,35
73585,19,38
73586,19,39
73587,19,37
73588,19,38
73589,19,40
73590,19,38
73591,19,38
73592,19,34
73593,19,39
73594,19,39
73595,19,39
73596,19,39
73597,19,37
73598,19,39
73599,19,37
73600,19,39
73601,19,36
73602,19,38
73603,19,37
73604,19,41
73605,19,38
73606,19,38
73607,19,39
73608,19,36
73609,19,39
73610,19,38
73611,19,38
73612,19,39
73613,19,37
73614,19,39
73615,19,39
73616,19,38
73617,19,37
73618,19,37
73619,19,40
73620,19,36
73621,19,38
73622,19,37
73623,19,37
73624,19,38
73625,19,37
73626,19,39
73627,19,36
73628,19,38
73629,19,38
73630,19,38
73631,19,38
73632,19,37
73633,19,37
73634,19,38
73635,19,39
73636,19,36
73637,19,39
73638,19,38
73639,19,40
73640,19,36
73641,19,36
73642,19,37
73643,19,39
73644,19,39
73645,19,40
73646,19,39
73647,19,38
73648,19,39
73649,19,37
73650,19,40
73651,19,39
73652,19,38
73653,19,36
73654,19,37
73655,19,38
73656,19,39
73657,19,38
73658,19,37
73659,19,38
73660,19,38
73661,19,38
73662,19,40
73663,19,35
73664,19,37
73665,19,38
73666,19,38
73667,19,37
73668,19,38
73669,19,40
73670,19,38
73671,19,37
73672,19,38
73673,19,40
73674,19,38
73675,19,38
73676,19,41
73677,19,38
73678,19,37
73679,19,40
73680,19,38
73681,19,38
73682,19,37
73683,19,38
73684,19,38
73685,19,38
73686,19,37
73687,19,37
73688,19,37
73689,19,36
73690,19,37
73691,19,38
73692,19,39
73693,19,39
73694,19,39
73695,19,39
73696,19,40
73697,19,39
73698,19,38
73699,19,38
73700,19,36
73701,19,37
73702,19,39
73703,19,41
73704,19,38
73705,19,38
73706,19,36
73707,19,38
73708,19,38
73709,19,38
73710,19,37
73711,19,37
73712,19,39
73713,19,39
73714,19,37
73715,19,39
73716,19,38
73717,19,39
73718,19,38
73719,19,38
73720,19,39
73721,19,38
73722,19,37
73723,19,39
73724,19,40
73725,19,37
73726,19,40
73727,19,36
73728,19,37
73729,19,37
73730,19,40
73731,19,38
73732,19,38
73733,19,39
73734,19,38
73735,19,38
73736,19,39
73737,19,38
73738,19,37
73739,19,38
73740,19,39
73741,19,38
73742,19,38
73743,19,37
73744,19,38
73745,19,38
73746,19,38
73747,19,38
73748,19,38
73749,19,38
73750,19,40
73751,19,36
73752,19,38
73753,19,37
73754,19,39
73755,19,38
73756,19,38
73757,19,37
73758,19,38
73759,19,40
73760,19,38
73761,19,38
73762,19,38
73763,19,40
73764,19,38
73765,19,38
73766,19,40
73767,19,37
73768,19,37
73769,19,38
73770,19,37
73771,19,38
73772,19,38
73773,19,38
73774,19,39
73775,19,38
73776,19,37
73777,19,36
73778,19,37
73779,19,38
73780,19,36
73781,19,36
73782,19,36
73783,19,38
73784,19,36
73785,19,37
73786,19,36
73787,19,37
73788,19,39
73789,19,37
73790,19,37
73791,19,37
73792,19,39
73793,19,40
73794,19,38
73795,19,38
73796,19,38
73797,19,40
73798,19,41
73799,19,37
73800,19,38
73801,19,38
73802,19,38
73803,19,40
73804,19,39
73805,19,37
73806,19,36
73807,19,37
73808,19,36
73809,19,39
73810,19,37
73811,19,39
73812,19,35
73813,19,37
73814,19,36
73815,19,37
73816,19,37
73817,19,38
73818,19,39
73819,19,39
73820,19,37
73821,19,37
73822,19,40
73823,19,38
73824,19,38
73825,19,38
73826,19,39
73827,19,38
73828,19,37
73829,19,40
73830,19,37
73831,19,37
73832,19,36
73833,19,39
73834,19,37
73835,19,39
73836,19,37
73837,19,36
73838,19,39
73839,19,41
73840,19,40
73841,19,37
73842,19,39
73843,19,40
73844,19,38
73845,19,37
73846,19,39
73847,19,37
73848,19,37
73849,19,38
73850,19,37
73851,19,37
73852,19,38
73853,19,38
73854,19,37
73855,19,38
73856,19,39
73857,19,38
73858,19,37
73859,19,37
73860,19,36
73861,19,39
73862,19,39
73863,19,38
73864,19,38
73865,19,39
73866,19,39
73867,19,38
73868,19,39
73869,19,38
73870,19,37
73871,18,36
73872,19,40
73873,19,40
73874,19,38
73875,19,38
73876,19,37
73877,19,36
73878,19,38
73879,19,42
73880,19,37
73881,19,41
73882,19,39
73883,19,37
73884,19,38
73885,19,37
73886,19,38
73887,19,37
73888,19,38
73889,19,36
73890,19,40
73891,19,39
73892,19,37
73893,19,38
73894,19,39
73895,19,39
73896,19,37
73897,19,36
73898,19,39
73899,19,38
73900,19,39
73901,19,37
73902,19,37
73903,19,39
73904,19,38
73905,19,40
73906,19,39
73907,19,41
73908,19,38
73909,19,38
73910,19,38
73911,19,37
73912,19,39
73913,19,39
73914,19,36
73915,19,40
73916,19,38
73917,19,37
73918,19,37
73919,19,38
73920,19,36
73921,19,38
73922,19,40
73923,19,37
73924,19,37
73925,19,38
73926,19,37
73927,19,38
73928,19,37
73929,19,39
73930,19,38
73931,19,39
73932,19,35
73933,19,38
73934,19,38
73935,19,37
73936,19,38
73937,19,37
73938,19,40
73939,19,40
73940,19,38
73941,19,40
73942,19,37
73943,19,39
73944,19,39
73945,19,38
73946,19,37
73947,19,41
73948,19,38
73949,19,37
73950,19,37
73951,19,39
73952,19,39
73953,19,37
73954,19,39
73955,19,38
73956,19,39
73957,19,40
73958,19,38
73959,19,38
73960,19,39
73961,19,37
73962,19,37
73963,19,35
73964,19,36
73965,19,37
73966,19,38
73967,19,39
73968,19,40
73969,19,36
73970,19,38
73971,19,38
73972,19,39
73973,19,39
73974,19,37
73975,19,37
73976,19,37
73977,19,37
73978,19,36
73979,19,40
73980,19,38
73981,19,38
73982,19,38
73983,19,38
73984,19,38
73985,19,38
73986,19,37
73987,19,39
73988,19,38
73989,19,37
73990,19,38
73991,19,38
73992,19,40
73993,19,39
73994,19,39
73995,19,38
73996,19,40
73997,19,36
73998,19,38
73999,19,37
74000,19,40
74001,19,40
74002,19,37
74003,19,42
74004,19,37
74005,19,40
74006,19,39
74007,19,39
74008,19,40
74009,19,38
74010,19,39
74011,19,37
74012,19,38
74013,19,38
74014,19,38
74015,19,38
74016,19,37
74017,19,38
74018,19,41
74019,19,39
74020,19,39
74021,19,38
74022,19,40
74023,19,38
74024,19,37
74025,19,35
74026,19,37
74027,19,37
74028,19,37
74029,19,38
74030,19,38
74031,19,36
74032,19,37
74033,19,38
74034,19,38
74035,19,38
74036,19,38
74037,19,39
74038,19,37
74039,19,36
74040,19,38
74041,19,39
74042,19,39
74043,19,39
74044,19,36
74045,19,38
74046,19,38
74047,19,38
74048,19,39
74049,19,37
74050,19,39
74051,19,39
74052,19,38
74053,19,39
74054,19,38
74055,19,38
74056,19,38
74057,19,38
74058,19,39
74059,19,37
74060,19,37
74061,19,40
74062,19,42
74063,19,38
74064,19,38
74065,19,37
74066,19,36
74067,19,39
74068,19,38
74069,19,38
74070,19,38
74071,19,38
74072,19,38
74073,19,38
74074,19,39
74075,19,36
74076,19,37
74077,19,38
74078,19,36
74079,19,37
74080,19,40
74081,19,38
74082,19,41
74083,19,41
74084,19,37
74085,19,39
74086,19,38
74087,19,39
74088,19,38
74089,19,37
74090,19,38
74091,19,38
74092,19,38
74093,19,39
74094,19,39
74095,19,37
74096,19,38
74097,19,38
74098,19,38
74099,19,40
74100,19,39
74101,19,40
74102,19,40
74103,19,37
74104,19,35
74105,19,43
74106,19,38
74107,19,38
74108,19,39
74109,19,37
74110,19,39
74111,19,37
74112,19,40
74113,19,38
74114,19,36
74115,19,38
74116,19,38
74117,19,36
74118,19,35
74119,19,41
74120,19,36
74121,18,38
74122,19,39
74123,19,39
74124,19,37
74125,19,36
74126,19,38
74127,19,36
74128,19,38
74129,19,37
74130,19,37
74131,19,37
74132,19,39
74133,19,38
74134,19,37
74135,19,40
74136,19,37
74137,19,38
74138,19,37
74139,19,41
74140,19,37
74141,19,37
74142,19,39
74143,19,37
74144,19,38
74145,19,39
74146,19,38
74147,19,35
74148,19,39
74149,19,37
74150,19,38
74151,19,37
74152,19,39
74153,19,40
74154,19,38
74155,19,39
74156,19,41
74157,19,40
74158,19,40
74159,19,38
74160,19,39
74161,19,41
74162,19,38
74163,19,38
74164,19,38
74165,19,38
74166,19,38
74167,19,36
74168,19,39
74169,19,37
74170,19,38
74171,19,38
74172,19,39
74173,19,39
74174,19,40
74175,19,39
74176,19,39
74177,19,38
74178,19,39
74179,19,37
74180,19,38
74181,19,37
74182,19,38
74183,19,38
74184,19,38
74185,19,39
74186,19,37
74187,19,38
74188,19,38
74189,19,38
74190,19,40
74191,19,39
74192,19,36
74193,19,37
74194,19,37
74195,19,39
74196,19,40
74197,19,39
74198,19,38
74199,19,42
74200,19,38
74201,19,37
74202,19,38
74203,19,41
74204,19,38
74205,19,39
74206,19,38
74207,19,39
74208,19,39
74209,19,41
74210,19,38
74211,19,40
74212,19,41
74213,19,37
74214,19,38
74215,19,37
74216,19,39
74217,19,39
74218,19,39
74219,19,41
74220,19,39
74221,19,36
74222,19,37
74223,19,37
74224,19,39
74225,19,38
74226,19,37
74227,19,40
74228,19,39
74229,19,37
74230,19,37
74231,19,39
74232,19,40
74233,19,37
74234,19,38
74235,19,37
74236,19,38
74237,19,37
74238,19,38
74239,19,38
74240,19,38
74241,19,38
74242,19,38
74243,19,37
74244,19,39
74245,19,39
74246,19,38
74247,19,37
74248,19,38
74249,19,38
74250,19,39
74251,19,40
74252,19,38
74253,19,38
74254,19,35
74255,19,39
74256,19,37
74257,19,38
74258,19,37
74259,19,38
74260,19,38
74261,19,37
74262,19,36
74263,19,37
74264,19,38
74265,19,40
74266,19,39
74267,19,38
74268,19,36
74269,19,38
74270,19,38
74271,19,36
74272,19,37
74273,19,39
74274,19,39
74275,19,40
74276,19,37
74277,19,39
74278,19,37
74279,19,37
74280,19,37
74281,19,37
74282,19,38
74283,19,38
74284,19,37
74285,19,38
74286,19,39
74287,19,40
74288,19,39
74289,19,38
74290,19,37
74291,19,35
74292,19,39
74293,19,37
74294,19,36
74295,19,38
74296,19,38
74297,19,38
74298,19,39
74299,19,37
74300,19,38
74301,19,38
74302,19,38
74303,19,37
74304,19,37
74305,19,39
74306,19,39
74307,19,39
74308,19,38
74309,19,36
74310,19,37
74311,19,36
74312,19,38
74313,19,36
74314,19,38
74315,19,38
74316,19,41
74317,19,41
74318,19,37
74319,19,38
74320,19,41
74321,19,38
74322,19,38
74323,19,37
74324,19,38
74325,19,40
74326,19,37
74327,19,39
74328,19,38
74329,19,38
74330,19,38
74331,19,37
74332,19,36
74333,19,39
74334,19,39
74335,19,38
74336,19,38
74337,19,38
74338,19,39
74339,19,41
74340,19,37
74341,19,36
74342,19,37
74343,19,38
74344,19,39
74345,19,39
74346,19,36
74347,19,37
74348,19,36
74349,19,39
74350,19,40
74351,19,39
74352,19,38
74353,19,37
74354,19,38
74355,19,36
74356,19,39
74357,19,38
74358,19,36
74359,19,39
74360,19,39
74361,19,37
74362,19,39
74363,19,40
74364,19,40
74365,19,38
74366,19,38
74367,19,38
74368,19,38
74369,19,37
74370,19,37
74371,19,41
74372,19,39
74373,19,38
74374,19,37
74375,19,40
74376,19,39
74377,19,39
74378,19,38
74379,19,37
74380,19,37
74381,19,38
74382,19,40
74383,19,39
74384,19,36
74385,19,36
74386,19,38
74387,19,38
74388,19,37
74389,19,37
74390,19,38
74391,19,37
74392,19,37
74393,19,36
74394,19,38
74395,19,36
74396,19,38
74397,19,36
74398,19,38
74399,19,37
74400,19,39
74401,19,38
74402,19,37
74403,19,38
74404,19,38
74405,19,37
74406,19,39
74407,19,37
74408,19,40
74409,19,37
74410,19,39
74411,19,38
74412,19,38
74413,19,39
74414,19,38
74415,19,38
74416,19,39
74417,19,39
74418,19,38
74419,19,38
74420,19,39
74421,19,36
74422,19,40
74423,19,38
74424,19,36
74425,19,39
74426,19,40
74427,19,41
74428,19,39
74429,19,38
74430,19,37
74431,19,38
74432,19,37
74433,19,37
74434,19,38
74435,19,39
74436,19,38
74437,19,38
74438,19,39
74439,19,37
74440,19,37
74441,19,38
74442,19,38
74443,19,38
74444,19,37
74445,19,38
74446,19,38
74447,19,37
74448,19,41
74449,19,38
74450,19,38
74451,19,39
74452,19,38
74453,19,38
74454,19,40
74455,19,39
74456,19,39
74457,19,39
74458,19,40
74459,19,39
74460,19,39
74461,19,36
74462,19,37
74463,19,38
74464,19,37
74465,19,40
74466,19,39
74467,19,39
74468,19,38
74469,19,37
74470,19,39
74471,19,37
74472,19,38
74473,19,36
74474,19,40
74475,19,37
74476,19,38
74477,19,37
74478,19,38
74479,19,39
74480,19,37
74481,19,38
74482,19,39
74483,19,40
74484,19,36
74485,19,38
74486,19,38
74487,19,36
74488,19,38
74489,19,38
74490,19,37
74491,19,36
74492,19,39
74493,19,37
74494,19,38
74495,19,38
74496,19,38
74497,19,39
74498,19,38
74499,19,40
74500,19,37
74501,19,37
74502,19,39
74503,19,39
74504,19,37
74505,19,37
74506,19,38
74507,19,40
74508,19,40
74509,19,38
74510,19,38
74511,19,38
74512,19,38
74513,19,37
74514,19,37
74515,19,38
74516,19,37
74517,19,40
74518,19,40
74519,19,37
74520,19,38
74521,19,38
74522,19,40
74523,19,37
74524,19,38
74525,19,39
74526,19,37
74527,19,37
74528,19,39
74529,19,38
74530,19,39
74531,19,40
74532,19,39
74533,19,41
74534,19,38
74535,19,39
74536,19,37
74537,19,41
74538,19,36
74539,19,37
74540,19,38
74541,19,38
74542,19,36
74543,19,37
74544,19,38
74545,19,39
74546,19,39
74547,19,38
74548,19,38
74549,19,37
74550,19,36
74551,19,37
74552,19,37
74553,19,37
74554,19,43
74555,19,39
74556,19,39
74557,19,40
74558,19,39
74559,19,38
74560,19,37
74561,19,37
74562,19,38
74563,19,42
74564,19,40
74565,19,38
74566,19,39
74567,19,37
74568,19,38
74569,19,37
74570,19,37
74571,19,38
74572,19,40
74573,19,36
74574,19,38
74575,19,40
74576,19,39
74577,19,36
74578,19,39
74579,19,37
74580,19,38
74581,19,40
74582,19,37
74583,19,37
74584,19,41
74585,19,39
74586,19,38
74587,19,40
74588,19,38
74589,19,39
74590,19,39
74591,19,38
74592,19,37
74593,19,38
74594,19,36
74595,19,39
74596,19,38
74597,19,39
74598,19,38
74599,19,39
74600,19,36
74601,19,36
74602,19,38
74603,19,36
74604,19,39
74605,19,38
74606,19,37
74607,19,37
74608,19,38
74609,19,38
74610,19,38
74611,19,37
74612,19,38
74613,19,39
74614,19,37
74615,19,39
74616,19,40
74617,19,41
74618,19,37
74619,19,38
74620,19,38
74621,19,37
74622,19,38
74623,19,37
74624,19,37
74625,19,38
74626,19,37
74627,19,40
74628,19,41
74629,19,39
74630,19,39
74631,19,37
74632,19,38
74633,19,38
74634,19,35
74635,19,38
74636,19,40
74637,19,39
74638,19,37
74639,19,38
74640,19,40
74641,19,37
74642,19,36
74643,19,37
74644,19,38
74645,19,37
74646,19,37
74647,19,40
74648,19,41
74649,19,38
74650,19,38
74651,19,37
74652,19,38
74653,19,37
74654,19,39
74655,19,40
74656,19,36
74657,19,38
74658,19,40
74659,19,37
74660,19,35
74661,19,41
74662,19,36
74663,19,37
74664,19,36
74665,19,37
74666,19,37
74667,19,36
74668,19,40
74669,19,38
74670,19,39
74671,19,37
74672,19,39
74673,19,38
74674,19,37
74675,19,38
74676,19,39
74677,19,38
74678,19,39
74679,19,40
74680,19,38
74681,19,35
74682,19,38
74683,19,38
74684,19,39
74685,19,38
74686,19,38
74687,19,40
74688,19,38
74689,19,39
74690,19,39
74691,19,40
74692,19,37
74693,19,37
74694,19,38
74695,19,38
74696,19,38
74697,19,39
74698,19,38
74699,19,37
74700,19,39
74701,19,39
74702,19,39
74703,19,39
74704,19,37
74705,19,38
74706,19,40
74707,19,37
74708,19,35
74709,19,39
74710,19,37
74711,19,39
74712,19,39
74713,19,37
74714,19,37
74715,19,36
74716,19,38
74717,19,39
74718,19,38
74719,19,38
74720,19,39
74721,19,38
74722,19,39
74723,19,39
74724,19,39
74725,19,38
74726,19,38
74727,19,39
74728,19,38
74729,19,39
74730,19,37
74731,19,39
74732,19,40
74733,19,38
74734,19,38
74735,19,37
74736,19,38
74737,19,38
74738,19,36
74739,19,38
74740,19,37
74741,19,40
74742,19,38
74743,19,38
74744,19,36
74745,19,39
74746,19,37
74747,19,36
74748,19,37
74749,19,38
74750,19,39
74751,19,36
74752,19,37
74753,19,37
74754,19,39
74755,19,40
74756,19,39
74757,19,37
74758,19,38
74759,19,37
74760,19,39
74761,19,41
74762,19,36
74763,19,38
74764,19,38
74765,19,38
74766,19,37
74767,19,38
74768,19,38
74769,19,38
74770,19,41
74771,19,39
74772,19,39
74773,19,38
74774,19,37
74775,19,38
74776,19,39
74777,19,39
74778,19,38
74779,19,38
74780,19,38
74781,19,38
74782,19,38
74783,19,40
74784,19,38
74785,19,38
74786,19,40
74787,19,36
74788,19,38
74789,19,38
74790,19,37
74791,19,36
74792,19,37
74793,19,36
74794,19,35
74795,19,38
74796,19,40
74797,19,37
74798,19,38
74799,19,38
74800,19,38
74801,19,38
74802,19,39
74803,19,37
74804,19,37
74805,19,38
74806,19,38
74807,19,40
74808,19,39
74809,19,38
74810,19,38
74811,19,39
74812,19,38
74813,19,37
74814,19,35
74815,19,39
74816,19,40
74817,19,38
74818,19,39
74819,19,38
74820,19,38
74821,19,37
74822,19,39
74823,19,38
74824,19,37
74825,19,38
74826,19,37
74827,19,37
74828,19,37
74829,19,39
74830,19,36
74831,19,38
74832,19,35
74833,19,41
74834,19,38
74835,19,38
74836,19,38
74837,19,37
74838,19,36
74839,19,40
74840,19,37
74841,19,38
74842,19,38
74843,19,36
74844,19,37
74845,19,37
74846,19,37
74847,19,38
74848,19,38
74849,19,36
74850,19,38
74851,19,37
74852,19,37
74853,19,38
74854,19,37
74855,19,38
74856,19,39
74857,19,39
74858,19,38
74859,19,37
74860,19,38
74861,19,38
74862,19,37
74863,19,38
74864,19,39
74865,19,39
74866,19,41
74867,19,38
74868,19,38
74869,19,38
74870,19,41
74871,19,39
74872,19,40
74873,19,37
74874,19,36
74875,19,38
74876,19,39
74877,19,37
74878,19,39
74879,19,40
74880,19,39
74881,19,38
74882,19,40
74883,19,38
74884,19,38
74885,19,38
74886,19,38
74887,19,39
74888,19,38
74889,19,38
74890,19,39
74891,19,37
74892,19,38
74893,19,39
74894,19,39
74895,19,37
74896,19,38
74897,19,38
74898,19,36
74899,19,39
74900,19,37
74901,19,37
74902,19,36
74903,19,37
74904,19,38
74905,19,39
74906,19,38
74907,19,39
74908,19,39
74909,19,38
74910,19,38
74911,19,40
74912,19,40
74913,19,36
74914,19,37
74915,19,38
74916,19,37
74917,19,38
74918,19,37
74919,19,37
74920,19,37
74921,19,39
74922,19,39
74923,19,39
74924,19,38
74925,19,38
74926,19,39
74927,19,38
74928,19,37
74929,19,39
74930,19,39
74931,19,38
74932,19,38
74933,19,39
74934,19,37
74935,19,37
74936,19,38
74937,19,37
74938,19,40
74939,19,38
74940,19,38
74941,19,37
74942,19,38
74943,19,39
74944,19,35
74945,19,39
74946,19,37
74947,19,38
74948,19,38
74949,19,36
74950,19,41
74951,19,38
74952,19,38
74953,19,39
74954,19,37
74955,19,38
74956,19,39
74957,19,38
74958,19,39
74959,19,39
74960,19,39
74961,19,37
74962,19,38
74963,19,38
74964,19,37
74965,19,36
74966,19,39
74967,19,39
74968,19,38
74969,19,37
74970,19,38
74971,19,39
74972,19,38
74973,19,38
74974,19,39
74975,19,40
74976,19,39
74977,19,37
74978,19,38
74979,19,38
74980,19,38
74981,19,40
74982,19,38
74983,19,37
74984,19,38
74985,19,39
74986,19,39
74987,19,37
74988,19,38
74989,19,38
74990,19,38
74991,19,37
74992,19,36
74993,19,38
74994,19,38
74995,19,38
74996,19,37
74997,19,40
74998,19,39
74999,19,40
75000,19,36
75001,19,39
75002,19,39
75003,19,36
75004,19,36
75005,19,37
75006,19,37
75007,19,39
75008,19,41
75009,19,38
75010,19,41
75011,19,38
75012,19,39
75013,19,38
75014,19,38
75015,19,37
75016,19,39
75017,19,40
75018,19,41
75019,19,36
75020,19,37
75021,19,40
75022,19,39
75023,19,38
75024,19,38
75025,19,35
75026,19,40
75027,19,36
75028,19,38
75029,19,36
75030,19,37
75031,19,38
75032,19,37
75033,19,37
75034,19,39
75035,19,38
75036,19,41
75037,19,36
75038,19,38
75039,19,38
75040,19,36
75041,19,38
75042,19,40
75043,19,37
75044,19,38
75045,19,38
75046,19,38
75047,19,38
75048,19,37
75049,19,40
75050,19,42
75051,19,40
75052,19,37
75053,19,38
75054,19,37
75055,19,38
75056,19,39
75057,19,41
75058,19,38
75059,19,39
75060,19,39
75061,19,38
75062,19,40
75063,19,40
75064,19,38
75065,19,38
75066,19,38
75067,19,39
75068,19,38
75069,19,37
75070,19,38
75071,19,39
75072,19,37
75073,19,40
75074,19,36
75075,19,41
75076,19,39
75077,19,39
75078,19,38
75079,19,39
75080,19,41
75081,19,40
75082,19,37
75083,19,37
75084,19,38
75085,19,39
75086,19,40
75087,19,39
75088,19,37
75089,19,38
75090,19,38
75091,19,39
75092,19,38
75093,19,38
75094,19,38
75095,19,39
75096,19,39
75097,19,39
75098,19,37
75099,19,39
75100,19,37
75101,19,40
75102,19,39
75103,19,40
75104,19,38
75105,19,36
75106,19,38
75107,19,37
75108,19,38
75109,19,38
75110,19,40
75111,19,40
75112,19,38
75113,19,38
75114,19,39
75115,19,36
75116,19,38
75117,19,37
75118,19,36
75119,19,38
75120,19,38
75121,19,39
75122,19,39
75123,19,38
75124,19,41
75125,19,36
75126,19,39
75127,19,39
75128,19,38
75129,19,37
75130,19,38
75131,19,40
75132,19,37
75133,19,37
75134,19,38
75135,19,41
75136,19,36
75137,19,42
75138,19,38
75139,19,39
75140,19,39
75141,19,38
75142,19,37
75143,19,39
75144,19,38
75145,19,38
75146,19,38
75147,19,39
75148,19,36
75149,19,37
75150,19,41
75151,19,38
75152,19,38
75153,19,39
75154,19,37
75155,19,38
75156,19,37
75157,19,38
75158,19,36
75159,19,38
75160,19,38
75161,19,37
75162,19,40
75163,19,38
75164,19,37
75165,19,38
75166,19,37
75167,19,37
75168,19,38
75169,19,37
75170,19,37
75171,19,38
75172,19,40
75173,19,37
75174,19,38
75175,19,38
75176,19,40
75177,19,36
75178,19,38
75179,19,38
75180,19,38
75181,19,37
75182,19,39
75183,19,39
75184,19,38
75185,19,37
75186,19,39
75187,19,38
75188,19,37
75189,19,37
75190,19,40
75191,19,39
75192,19,39
75193,19,41
75194,19,38
75195,19,38
75196,19,38
75197,19,38
75198,19,39
75199,19,39
75200,19,37
75201,19,40
75202,19,40
75203,19,38
75204,19,39
75205,19,38
75206,19,41
75207,19,37
75208,19,38
75209,19,38
75210,19,36
75211,19,37
75212,19,38
75213,19,38
75214,19,37
75215,19,40
75216,19,37
75217,19,38
75218,19,37
75219,19,37
75220,19,39
75221,19,38
75222,19,39
75223,19,38
75224,19,37
75225,19,39
75226,19,39
75227,19,37
75228,19,39
75229,19,37
75230,19,37
75231,19,36
75232,19,37
75233,19,38
75234,19,38
75235,19,38
75236,19,39
75237,19,38
75238,19,39
75239,19,40
75240,19,37
75241,19,38
75242,19,38
75243,19,39
75244,19,39
75245,19,41
75246,19,40
75247,19,39
75248,19,38
75249,19,38
75250,19,40
75251,19,38
75252,19,38
75253,19,36
75254,19,39
75255,19,38
75256,19,38
75257,19,40
75258,19,36
75259,19,38
75260,19,37
75261,19,41
75262,19,38
75263,19,39
75264,19,38
75265,19,40
75266,19,40
75267,19,38
75268,19,38
75269,19,39
75270,19,37
75271,19,38
75272,19,39
75273,19,38
75274,19,37
75275,19,39
75276,19,42
75277,19,39
75278,19,38
75279,19,38
75280,19,39
75281,19,38
75282,19,39
75283,19,38
75284,19,38
75285,19,38
75286,19,37
75287,19,39
75288,19,37
75289,19,37
75290,19,37
75291,19,37
75292,19,36
75293,19,37
75294,19,39
75295,19,36
75296,19,38
75297,19,37
75298,19,41
75299,19,36
75300,19,38
75301,19,38
75302,19,39
75303,19,38
75304,19,38
75305,19,37
75306,19,37
75307,19,37
75308,19,39
75309,19,38
75310,19,38
75311,19,36
75312,19,39
75313,19,38
75314,19,40
75315,19,39
75316,19,37
75317,19,38
75318,19,38
75319,19,37
75320,19,38
75321,19,37
75322,19,39
75323,19,39
75324,19,40
75325,19,36
75326,19,38
75327,19,40
75328,19,41
75329,19,37
75330,19,37
75331,19,38
75332,19,39
75333,19,39
75334,19,40
75335,19,39
75336,19,37
75337,19,38
75338,19,39
75339,19,40
75340,19,38
75341,19,36
75342,19,37
75343,19,36
75344,19,37
75345,19,38
75346,19,38
75347,19,37
75348,19,38
75349,19,39
75350,19,37
75351,19,39
75352,19,39
75353,19,38
75354,19,41
75355,19,38
75356,19,37
75357,19,37
75358,19,39
75359,19,38
75360,19,38
75361,19,42
75362,19,40
75363,19,40
75364,19,39
75365,19,40
75366,19,39
75367,19,38
75368,19,37
75369,19,38
75370,19,37
75371,19,38
75372,19,39
75373,19,37
75374,19,39
75375,19,36
75376,19,40
75377,19,38
75378,19,39
75379,19,38
75380,19,38
75381,19,38
75382,19,38
75383,19,38
75384,19,40
75385,19,37
75386,19,38
75387,19,37
75388,19,36
75389,19,37
75390,19,38
75391,19,38
75392,19,38
75393,19,37
75394,19,37
75395,19,38
75396,19,37
75397,19,40
75398,19,38
75399,19,37
75400,19,37
75401,19,38
75402,19,38
75403,19,39
75404,19,37
75405,19,38
75406,19,38
75407,19,37
75408,19,37
75409,19,37
75410,19,39
75411,19,39
75412,19,38
75413,19,37
75414,19,39
75415,19,38
75416,19,39
75417,19,40
75418,19,38
75419,19,37
75420,19,39
75421,19,38
75422,19,38
75423,19,38
75424,19,38
75425,19,38
75426,19,37
75427,19,37
75428,19,39
75429,19,39
75430,19,38
75431,19,38
75432,19,38
75433,19,37
75434,19,38
75435,19,37
75436,19,39
75437,19,39
75438,19,39
75439,19,38
75440,19,37
75441,19,39
75442,19,38
75443,19,37
75444,19,39
75445,19,38
75446,19,38
75447,19,39
75448,19,37
75449,19,39
75450,19,39
75451,19,37
75452,19,41
75453,19,37
75454,19,38
75455,19,36
75456,19,39
75457,19,38
75458,19,39
75459,19,39
75460,19,38
75461,19,39
75462,19,38
75463,19,37
75464,19,40
75465,19,41
75466,19,37
75467,19,38
75468,19,38
75469,19,40
75470,19,39
75471,19,38
75472,19,38
75473,19,40
75474,19,41
75475,19,37
75476,19,38
75477,19,38
75478,19,38
75479,19,38
75480,19,37
75481,19,40
75482,19,38
75483,19,39
75484,19,39
75485,19,37
75486,19,38
75487,19,38
75488,19,39
75489,19,38
75490,19,38
75491,19,41
75492,19,40
75493,19,38
75494,19,37
75495,19,39
75496,19,41
75497,19,38
75498,19,38
75499,19,41
75500,19,37
75501,19,39
75502,19,36
75503,19,38
75504,19,36
75505,19,36
75506,19,39
75507,19,38
75508,19,40
75509,19,42
75510,19,38
75511,19,38
75512,19,38
75513,19,38
75514,19,36
75515,19,38
75516,19,37
75517,19,39
75518,19,39
75519,19,38
75520,19,39
75521,19,40
75522,19,37
75523,19,39
75524,19,36
75525,19,37
75526,19,38
75527,19,36
75528,19,38
75529,19,37
75530,19,38
75531,19,39
75532,19,39
75533,19,38
75534,19,37
75535,19,38
75536,19,38
75537,19,37
75538,19,38
75539,19,40
75540,19,37
75541,19,38
75542,19,40
75543,19,39
75544,19,36
75545,19,39
75546,19,37
75547,19,38
75548,19,39
75549,19,39
75550,19,42
75551,19,36
75552,19,37
75553,19,39
75554,19,38
75555,19,37
75556,19,36
75557,19,38
75558,19,37
75559,19,38
75560,19,36
75561,19,41
75562,19,37
75563,19,38
75564,19,41
75565,19,36
75566,19,37
75567,19,39
75568,19,38
75569,19,35
75570,19,38
75571,19,37
75572,19,39
75573,19,37
75574,19,36
75575,19,37
75576,19,38
75577,19,36
75578,19,39
75579,19,38
75580,19,37
75581,19,38
75582,19,39
75583,19,39
75584,19,38
75585,19,37
75586,19,38
75587,19,38
75588,19,38
75589,19,39
75590,19,39
75591,19,36
75592,19,37
75593,19,37
75594,19,39
75595,19,39
75596,19,38
75597,19,38
75598,19,39
75599,19,40
75600,19,37
75601,19,39
75602,19,39
75603,19,40
75604,19,37
75605,19,35
75606,19,39
75607,19,37
75608,19,40
75609,19,37
75610,19,36
75611,19,38
75612,19,39
75613,19,36
75614,19,38
75615,19,37
75616,19,36
75617,19,37
75618,19,40
75619,19,39
75620,19,37
75621,19,36
75622,19,38
75623,19,39
75624,19,38
75625,19,39
75626,19,41
75627,19,37
75628,19,38
75629,19,37
75630,19,40
75631,19,38
75632,19,42
75633,19,37
75634,19,38
75635,19,38
75636,19,38
75637,19,38
75638,19,38
75639,19,40
75640,19,38
75641,19,38
75642,19,39
75643,19,37
75644,19,36
75645,19,38
75646,19,37
75647,19,38
75648,19,40
75649,19,36
75650,19,35
75651,19,39
75652,19,37
75653,19,36
75654,19,38
75655,19,38
75656,19,36
75657,19,37
75658,19,39
75659,19,37
75660,19,37
75661,19,38
75662,19,37
75663,19,37
75664,19,39
75665,19,39
75666,19,38
75667,19,38
75668,19,37
75669,19,38
75670,19,37
75671,19,38
75672,19,38
75673,19,37
75674,19,38
75675,19,41
75676,19,39
75677,19,39
75678,19,38
75679,19,38
75680,19,38
75681,19,38
75682,19,38
75683,19,40
75684,19,38
75685,19,38
75686,19,36
75687,19,35
75688,19,39
75689,19,37
75690,19,37
75691,19,38
75692,19,38
75693,19,39
75694,19,36
75695,19,39
75696,19,38
75697,19,38
75698,19,39
75699,19,38
75700,19,37
75701,19,37
75702,19,39
75703,19,39
75704,19,40
75705,19,38
75706,19,37
75707,19,38
75708,19,38
75709,19,40
75710,19,38
75711,19,38
75712,19,39
75713,19,39
75714,19,38
75715,19,39
75716,19,38
75717,19,38
75718,19,38
75719,19,38
75720,19,38
75721,19,39
75722,19,38
75723,19,37
75724,19,40
75725,19,39
75726,19,39
75727,19,38
75728,19,39
75729,19,38
75730,19,38
75731,19,37
75732,19,38
75733,19,39
75734,19,37
75735,19,37
75736,19,38
75737,19,37
75738,19,41
75739,19,37
75740,19,39
75741,19,39
75742,19,40
75743,19,39
75744,19,38
75745,19,36
75746,19,39
75747,19,40
75748,19,38
75749,19,36
75750,19,39
75751,19,40
75752,19,38
75753,19,38
75754,19,37
75755,19,39
75756,19,38
75757,19,37
75758,19,38
75759,19,37
75760,19,37
75761,19,40
75762,19,40
75763,19,40
75764,19,36
75765,19,38
75766,19,40
75767,19,40
75768,19,38
75769,19,38
75770,19,36
75771,19,37
75772,19,37
75773,19,38
75774,19,37
75775,19,39
75776,19,39
75777,19,37
75778,19,40
75779,19,39
75780,19,37
75781,19,40
75782,19,39
75783,19,38
75784,19,39
75785,19,37
75786,19,39
75787,19,37
75788,19,36
75789,19,37
75790,19,38
75791,19,39
75792,19,38
75793,19,39
75794,19,38
75795,19,38
75796,19,39
75797,19,39
75798,19,38
75799,19,37
75800,19,37
75801,19,39
75802,19,41
75803,19,38
75804,19,38
75805,19,36
75806,19,42
75807,19,40
75808,19,40
75809,19,38
75810,19,39
75811,19,37
75812,19,37
75813,19,39
75814,19,39
75815,19,39
75816,19,40
75817,19,39
75818,19,39
75819,19,39
75820,19,38
75821,19,40
75822,19,40
75823,19,37
75824,19,37
75825,19,37
75826,19,36
75827,19,36
75828,19,37
75829,19,36
75830,19,40
75831,19,37
75832,19,37
75833,19,37
75834,19,36
75835,19,39
75836,19,40
75837,19,39
75838,19,37
75839,19,37
75840,19,38
75841,19,38
75842,19,40
75843,19,39
75844,19,39
75845,19,39
75846,19,39
75847,19,40
75848,19,39
75849,19,38
75850,19,39
75851,19,40
75852,19,40
75853,19,37
75854,19,38
75855,19,38
75856,19,38
75857,19,36
75858,19,38
75859,19,37
75860,19,37
75861,19,37
75862,19,39
75863,19,37
75864,19,41
75865,19,39
75866,19,36
75867,19,40
75868,19,38
75869,19,36
75870,19,37
75871,19,39
75872,19,38
75873,19,39
75874,19,36
75875,19,39
75876,19,36
75877,19,37
75878,19,38
75879,19,38
75880,19,38
75881,19,37
75882,19,37
75883,19,37
75884,19,38
75885,19,36
75886,19,40
75887,19,38
75888,19,40
75889,19,40
75890,19,37
75891,19,38
75892,19,37
75893,19,39
75894,19,37
75895,19,37
75896,19,37
75897,19,39
75898,19,39
75899,19,35
75900,19,37
75901,19,40
75902,19,37
75903,19,37
75904,19,39
75905,19,38
75906,19,38
75907,19,38
75908,19,38
75909,19,38
75910,19,38
75911,19,40
75912,19,38
75913,19,39
75914,19,38
75915,19,36
75916,19,36
75917,19,40
75918,19,39
75919,19,40
75920,19,37
75921,19,37
75922,19,38
75923,19,40
75924,19,38
75925,19,37
75926,19,41
75927,19,38
75928,19,40
75929,19,36
75930,19,37
75931,19,38
75932,19,36
75933,19,40
75934,19,39
75935,19,37
75936,19,40
75937,19,37
75938,19,40
75939,19,41
75940,19,35
75941,19,37
75942,19,38
75943,19,40
75944,19,38
75945,19,37
75946,19,39
75947,19,39
75948,19,38
75949,19,37
75950,19,36
75951,19,36
75952,19,40
75953,19,38
75954,19,36
75955,19,36
75956,19,39
75957,19,36
75958,19,39
75959,19,37
75960,19,40
75961,19,39
75962,19,38
75963,19,40
75964,19,37
75965,19,38
75966,19,39
75967,19,38
75968,19,39
75969,19,40
75970,19,38
75971,19,38
75972,19,37
75973,19,40
75974,19,38
75975,19,39
75976,19,39
75977,19,37
75978,19,38
75979,19,38
75980,19,38
75981,19,38
75982,19,38
75983,19,41
75984,19,37
75985,19,39
75986,19,36
75987,19,39
75988,19,38
75989,19,38
75990,19,39
75991,19,39
75992,19,36
75993,19,38
75994,19,39
75995,19,41
75996,19,37
75997,19,38
75998,19,40
75999,19,41
76000,19,39
76001,19,37
76002,19,38
76003,19,39
76004,19,38
76005,19,40
76006,19,38
76007,19,39
76008,19,38
76009,19,39
76010,19,37
76011,19,39
76012,19,40
76013,19,37
76014,19,39
76015,19,38
76016,19,39
76017,19,38
76018,19,36
76019,19,38
76020,19,39
76021,19,39
76022,19,36
76023,19,38
76024,19,40
76025,19,39
76026,19,37
76027,19,37
76028,19,39
76029,19,38
76030,19,39
76031,19,40
76032,19,38
76033,19,39
76034,19,40
76035,19,37
76036,19,37
76037,19,37
76038,19,38
76039,19,38
76040,19,38
76041,19,36
76042,19,40
76043,19,39
76044,19,37
76045,19,38
76046,19,39
76047,19,39
76048,19,39
76049,19,36
76050,19,38
76051,19,40
76052,19,36
76053,19,40
76054,19,38
76055,19,37
76056,19,38
76057,19,41
76058,19,39
76059,19,38
76060,19,39
76061,19,40
76062,19,38
76063,19,38
76064,19,39
76065,19,38
76066,19,39
76067,19,39
76068,19,39
76069,19,38
76070,19,38
76071,19,39
76072,19,37
76073,19,37
76074,19,38
76075,19,38
76076,19,37
76077,19,36
76078,19,39
76079,19,40
76080,19,40
76081,19,39
76082,19,39
76083,19,37
76084,19,39
76085,19,39
76086,19,37
76087,19,38
76088,19,38
76089,19,38
76090,19,38
76091,19,37
76092,19,38
76093,19,39
76094,19,37
76095,19,39
76096,19,38
76097,19,38
76098,19,38
76099,19,39
76100,19,38
76101,19,39
76102,19,37
76103,19,38
76104,19,38
76105,19,37
76106,19,39
76107,19,38
76108,19,38
76109,19,37
76110,19,39
76111,19,38
76112,19,37
76113,19,37
76114,19,37
76115,19,37
76116,19,39
76117,19,37
76118,19,38
76119,19,37
76120,19,39
76121,19,39
76122,19,37
76123,19,37
76124,19,35
76125,19,37
76126,19,38
76127,19,40
76128,19,37
76129,19,39
76130,19,38
76131,19,37
76132,19,38
76133,19,38
76134,19,38
76135,19,38
76136,19,36
76137,19,39
76138,19,38
76139,19,38
76140,19,38
76141,19,39
76142,19,39
76143,19,36
76144,19,38
76145,19,37
76146,19,38
76147,19,39
76148,19,38
76149,19,37
76150,19,37
76151,19,37
76152,19,37
76153,19,37
76154,19,38
76155,19,37
76156,19,38
76157,19,38
76158,19,37
76159,19,40
76160,19,37
76161,19,37
76162,19,37
76163,19,37
76164,19,37
76165,19,39
76166,19,38
76167,19,38
76168,19,39
76169,19,39
76170,19,39
76171,19,37
76172,19,37
76173,19,37
76174,19,39
76175,19,39
76176,19,37
76177,19,35
76178,19,37
76179,19,41
76180,19,37
76181,19,39
76182,19,38
76183,19,41
76184,19,37
76185,19,38
76186,19,40
76187,19,37
76188,19,39
76189,19,40
76190,19,37
76191,19,38
76192,19,40
76193,19,38
76194,19,41
76195,19,36
76196,19,39
76197,19,37
76198,19,39
76199,19,39
76200,19,37
76201,19,39
76202,19,38
76203,19,36
76204,19,38
76205,19,37
76206,19,37
76207,19,39
76208,19,40
76209,19,35
76210,19,39
76211,19,38
76212,19,38
76213,19,39
76214,19,38
76215,19,36
76216,19,38
76217,19,36
76218,19,41
76219,19,36
76220,19,42
76221,19,39
76222,19,41
76223,19,37
76224,19,38
76225,19,40
76226,19,37
76227,19,37
76228,19,37
76229,19,41
76230,19,37
76231,19,38
76232,19,36
76233,19,38
76234,19,39
76235,19,37
76236,19,37
76237,19,37
76238,19,38
76239,19,38
76240,19,40
76241,19,39
76242,19,40
76243,19,39
76244,19,40
76245,19,37
76246,19,37
76247,19,37
76248,19,40
76249,19,37
76250,19,36
76251,19,37
76252,19,38
76253,19,41
76254,19,39
76255,19,38
76256,19,38
76257,19,39
76258,19,38
76259,19,38
76260,19,40
76261,19,38
76262,19,40
76263,19,43
76264,19,37
76265,19,38
76266,19,39
76267,19,40
76268,19,37
76269,19,38
76270,19,38
76271,19,40
76272,19,39
76273,19,37
76274,19,37
76275,19,38
76276,19,38
76277,19,37
76278,19,39
76279,19,37
76280,19,40
76281,19,39
76282,19,39
76283,19,42
76284,19,38
76285,19,40
76286,19,38
76287,19,36
76288,19,39
76289,19,38
76290,19,37
76291,19,40
76292,19,38
76293,19,39
76294,19,40
76295,19,37
76296,19,37
76297,19,40
76298,19,38
76299,19,38
76300,19,38
76301,19,38
76302,19,39
76303,19,37
76304,19,39
76305,19,38
76306,19,39
76307,19,37
76308,19,39
76309,19,38
76310,19,40
76311,19,38
76312,19,40
76313,19,38
76314,19,38
76315,19,38
76316,19,40
76317,19,38
76318,19,39
76319,19,38
76320,19,38
76321,19,38
76322,19,37
76323,19,38
76324,19,37
76325,19,39
76326,19,38
76327,19,39
76328,19,38
76329,19,38
76330,19,36
76331,19,38
76332,19,38
76333,19,38
76334,19,37
76335,19,40
76336,19,40
76337,19,38
76338,19,37
76339,19,38
76340,19,39
76341,19,41
76342,19,39
76343,19,38
76344,19,38
76345,19,38
76346,19,37
76347,19,35
76348,19,40
76349,19,39
76350,19,38
76351,19,39
76352,19,37
76353,19,38
76354,19,38
76355,19,40
76356,19,37
76357,19,38
76358,19,37
76359,19,39
76360,19,37
76361,19,38
76362,19,39
76363,19,39
76364,19,39
76365,19,38
76366,19,38
76367,19,37
76368,19,38
76369,19,40
76370,19,39
76371,19,38
76372,19,38
76373,19,40
76374,19,40
76375,19,39
76376,19,39
76377,19,37
76378,19,37
76379,19,37
76380,19,38
76381,19,39
76382,19,37
76383,19,39
76384,19,36
76385,19,38
76386,19,36
76387,19,38
76388,19,36
76389,19,39
76390,19,39
76391,19,39
76392,19,37
76393,19,37
76394,19,38
76395,19,41
76396,19,39
76397,19,39
76398,19,38
76399,19,37
76400,19,37
76401,19,40
76402,19,37
76403,19,38
76404,19,38
76405,19,39
76406,19,38
76407,19,37
76408,19,38
76409,19,38
76410,19,39
76411,19,40
76412,19,38
76413,19,39
76414,19,37
76415,19,39
76416,19,38
76417,19,41
76418,19,39
76419,19,37
76420,19,38
76421,19,38
76422,19,36
76423,19,40
76424,19,38
76425,19,37
76426,19,38
76427,19,39
76428,19,37
76429,19,40
76430,19,38
76431,19,39
76432,19,36
76433,19,40
76434,19,38
76435,19,37
76436,19,39
76437,19,38
76438,19,38
76439,19,37
76440,19,37
76441,19,37
76442,19,37
76443,19,39
76444,19,39
76445,19,36
76446,19,41
76447,19,40
76448,19,37
76449,19,37
76450,19,39
76451,19,38
76452,19,38
76453,19,35
76454,19,38
76455,19,39
76456,19,39
76457,19,39
76458,19,38
76459,19,39
76460,19,38
76461,19,40
76462,19,38
76463,19,39
76464,19,38
76465,19,38
76466,19,39
76467,19,40
76468,19,39
76469,19,38
76470,19,40
76471,19,39
76472,19,37
76473,19,37
76474,19,37
76475,19,38
76476,19,37
76477,19,40
76478,19,38
76479,19,40
76480,19,38
76481,19,39
76482,19,40
76483,19,37
76484,19,37
76485,19,38
76486,19,38
76487,19,37
76488,19,38
76489,19,38
76490,19,38
76491,19,36
76492,19,40
76493,19,38
76494,19,38
76495,19,37
76496,19,39
76497,19,39
76498,19,40
76499,19,39
76500,19,37
76501,19,38
76502,19,38
76503,19,37
76504,19,36
76505,19,40
76506,19,37
76507,19,40
76508,19,40
76509,19,37
76510,19,37
76511,19,40
76512,19,40
76513,19,38
76514,19,39
76515,19,39
76516,19,39
76517,19,39
76518,19,38
76519,19,38
76520,19,40
76521,19,39
76522,19,42
76523,19,41
76524,19,38
76525,19,40
76526,19,39
76527,19,39
76528,19,40
76529,19,39
76530,19,39
76531,19,37
76532,19,40
76533,19,38
76534,19,36
76535,19,39
76536,19,38
76537,19,37
76538,19,40
76539,19,38
76540,19,40
76541,19,36
76542,19,37
76543,19,37
76544,19,37
76545,19,37
76546,19,39
76547,19,38
76548,19,37
76549,19,37
76550,19,37
76551,19,37
76552,19,39
76553,19,38
76554,19,40
76555,19,39
76556,19,39
76557,19,37
76558,19,37
76559,19,39
76560,19,40
76561,19,38
76562,19,38
76563,19,39
76564,19,38
76565,19,38
76566,19,39
76567,19,39
76568,19,39
76569,19,38
76570,19,38
76571,19,40
76572,19,38
76573,19,39
76574,19,40
76575,19,37
76576,19,38
76577,19,36
76578,19,38
76579,19,37
76580,19,39
76581,19,41
76582,19,39
76583,19,37
76584,19,38
76585,19,37
76586,19,38
76587,19,40
76588,19,38
76589,19,38
76590,19,38
76591,19,37
76592,19,38
76593,19,40
76594,19,38
76595,19,35
76596,19,39
76597,19,40
76598,19,37
76599,19,37
76600,19,38
76601,19,39
76602,19,38
76603,19,37
76604,19,40
76605,19,39
76606,19,38
76607,19,39
76608,19,37
76609,19,37
76610,19,40
76611,19,38
76612,19,39
76613,19,39
76614,19,40
76615,19,37
76616,19,37
76617,19,39
76618,19,38
76619,19,39
76620,19,39
76621,19,39
76622,19,39
76623,19,38
76624,19,38
76625,19,37
76626,19,38
76627,19,40
76628,19,39
76629,19,39
76630,19,41
76631,19,38
76632,19,38
76633,19,37
76634,19,38
76635,19,38
76636,19,42
76637,19,37
76638,19,39
76639,19,40
76640,19,38
76641,19,37
76642,19,38
76643,19,39
76644,19,37
76645,19,38
76646,19,38
76647,19,36
76648,19,41
76649,19,40
76650,19,39
76651,19,39
76652,19,39
76653,19,40
76654,19,39
76655,19,39
76656,19,38
76657,19,38
76658,19,38
76659,19,39
76660,19,39
76661,19,36
76662,19,37
76663,19,37
76664,19,37
76665,19,39
76666,19,39
76667,19,37
76668,19,39
76669,19,39
76670,19,39
76671,19,37
76672,19,39
76673,19,37
76674,19,37
76675,19,38
76676,19,38
76677,19,39
76678,19,39
76679,19,36
76680,19,39
76681,19,39
76682,19,39
76683,19,38
76684,19,38
76685,19,36
76686,19,38
76687,19,37
76688,19,39
76689,19,40
76690,19,38
76691,19,37
76692,19,39
76693,19,37
76694,19,38
76695,19,38
76696,19,40
76697,19,39
76698,19,39
76699,19,37
76700,19,37
76701,19,38
76702,19,37
76703,19,37
76704,19,38
76705,19,39
76706,19,38
76707,19,41
76708,19,38
76709,19,39
76710,19,38
76711,19,38
76712,19,37
76713,19,36
76714,19,37
76715,19,41
76716,19,39
76717,19,37
76718,19,39
76719,19,37
76720,19,38
76721,19,37
76722,19,39
76723,19,39
76724,19,39
76725,19,36
76726,19,38
76727,19,38
76728,19,39
76729,19,37
76730,19,38
76731,19,39
76732,19,38
76733,19,38
76734,19,36
76735,19,40
76736,19,38
76737,19,37
76738,19,39
76739,19,37
76740,19,40
76741,19,37
76742,19,40
76743,19,37
76744,19,37
76745,19,42
76746,19,38
76747,19,37
76748,19,37
76749,19,37
76750,19,38
76751,19,40
76752,19,39
76753,19,37
76754,19,38
76755,19,39
76756,19,37
76757,19,39
76758,19,38
76759,19,39
76760,19,40
76761,19,39
76762,19,40
76763,19,38
76764,19,38
76765,19,37
76766,19,39
76767,19,39
76768,19,37
76769,19,38
76770,19,40
76771,19,37
76772,19,37
76773,19,40
76774,19,39
76775,19,38
76776,19,39
76777,19,40
76778,19,40
76779,19,38
76780,19,37
76781,19,38
76782,19,38
76783,19,38
76784,19,37
76785,19,38
76786,19,38
76787,19,37
76788,19,39
76789,19,39
76790,19,39
76791,19,39
76792,19,37
76793,19,38
76794,19,37
76795,19,38
76796,19,38
76797,19,40
76798,19,39
76799,19,41
76800,19,38
76801,19,40
76802,19,38
76803,19,38
76804,19,37
76805,19,37
76806,19,37
76807,19,38
76808,19,38
76809,19,38
76810,19,38
76811,19,39
76812,19,38
76813,19,37
76814,19,38
76815,19,37
76816,19,38
76817,19,38
76818,19,37
76819,19,38
76820,19,38
76821,19,38
76822,19,36
76823,19,37
76824,19,37
76825,19,39
76826,19,38
76827,19,38
76828,19,40
76829,19,40
76830,19,38
76831,19,38
76832,19,39
76833,19,39
76834,19,38
76835,19,36
76836,19,37
76837,19,38
76838,19,40
76839,19,39
76840,19,35
76841,19,40
76842,19,38
76843,19,37
76844,19,39
76845,19,37
76846,19,37
76847,19,36
76848,19,40
76849,19,37
76850,19,39
76851,19,37
76852,19,41
76853,19,38
76854,19,40
76855,19,36
76856,19,36
76857,19,38
76858,19,37
76859,19,39
76860,19,39
76861,19,38
76862,19,37
76863,19,38
76864,19,36
76865,19,38
76866,19,39
76867,19,39
76868,19,37
76869,19,37
76870,19,37
76871,19,39
76872,19,37
76873,19,38
76874,19,36
76875,19,40
76876,19,38
76877,19,39
76878,19,37
76879,19,40
76880,19,39
76881,19,37
76882,19,38
76883,19,40
76884,19,38
76885,19,38
76886,19,38
76887,19,39
76888,19,37
76889,19,37
76890,19,37
76891,19,39
76892,19,38
76893,19,39
76894,19,37
76895,19,38
76896,19,36
76897,19,38
76898,19,37
76899,19,37
76900,19,39
76901,19,38
76902,19,37
76903,19,38
76904,19,37
76905,19,41
76906,19,37
76907,19,39
76908,19,40
76909,19,38
76910,19,39
76911,19,39
76912,19,37
76913,19,41
76914,19,37
76915,19,39
76916,19,37
76917,19,39
76918,19,38
76919,19,39
76920,19,40
76921,19,38
76922,19,39
76923,19,39
76924,19,39
76925,19,40
76926,19,37
76927,19,37
76928,19,37
76929,19,37
76930,19,36
76931,19,39
76932,19,40
76933,19,37
76934,19,38
76935,19,42
76936,19,36
76937,19,37
76938,19,37
76939,19,37
76940,19,39
76941,19,39
76942,19,36
76943,19,41
76944,19,39
76945,19,38
76946,19,37
76947,19,39
76948,19,38
76949,19,37
76950,19,39
76951,19,38
76952,19,38
76953,19,36
76954,19,41
76955,19,39
76956,19,39
76957,19,39
76958,19,37
76959,19,39
76960,19,38
76961,19,40
76962,19,37
76963,19,41
76964,19,38
76965,19,37
76966,19,38
76967,19,38
76968,19,37
76969,19,38
76970,19,37
76971,19,38
76972,19,36
76973,19,40
76974,19,39
76975,19,36
76976,19,38
76977,19,38
76978,19,37
76979,19,37
76980,19,38
76981,19,38
76982,19,38
76983,19,40
76984,19,37
76985,19,38
76986,19,41
76987,19,38
76988,19,37
76989,19,37
76990,19,39
76991,19,37
76992,19,38
76993,19,38
76994,19,38
76995,19,37
76996,19,40
76997,19,38
76998,19,38
76999,19,37
77000,19,40
77001,19,36
77002,19,40
77003,19,39
77004,19,38
77005,19,37
77006,19,36
77007,19,39
77008,19,40
77009,19,41
77010,19,37
77011,19,37
77012,19,38
77013,19,38
77014,19,38
77015,19,38
77016,19,38
77017,19,40
77018,19,37
77019,19,37
77020,19,37
77021,19,37
77022,19,40
77023,19,38
77024,19,38
77025,19,38
77026,19,37
77027,19,36
77028,19,38
77029,19,38
77030,19,36
77031,19,38
77032,19,40
77033,19,39
77034,19,38
77035,19,40
77036,19,37
77037,19,39
77038,19,38
77039,19,40
77040,19,37
77041,19,38
77042,19,39
77043,19,38
77044,19,38
77045,19,38
77046,19,37
77047,19,38
77048,19,38
77049,19,39
77050,19,37
77051,19,41
77052,19,39
77053,19,39
77054,19,38
77055,19,38
77056,19,36
77057,19,37
77058,19,38
77059,19,37
77060,19,36
77061,19,38
77062,19,38
77063,19,40
77064,19,38
77065,19,41
77066,19,38
77067,19,37
77068,19,41
77069,19,38
77070,19,37
77071,19,38
77072,19,39
77073,19,39
77074,19,39
77075,19,37
77076,19,39
77077,19,39
77078,19,39
77079,19,42
77080,19,39
77081,19,38
77082,19,38
77083,19,38
77084,19,36
77085,19,39
77086,19,38
77087,19,40
77088,19,39
77089,19,38
77090,19,38
77091,19,37
77092,19,39
77093,19,38
77094,19,40
77095,19,39
77096,19,38
77097,19,40
77098,19,37
77099,19,38
77100,19,38
77101,19,38
77102,19,39
77103,19,38
77104,19,40
77105,19,40
77106,19,37
77107,19,38
77108,19,38
77109,19,35
77110,19,41
77111,19,37
77112,19,36
77113,19,37
77114,19,39
77115,19,38
77116,19,40
77117,19,39
77118,19,40
77119,19,37
77120,19,39
77121,19,37
77122,19,38
77123,19,40
77124,19,39
77125,19,39
77126,19,39
77127,19,41
77128,19,39
77129,19,37
77130,19,37
77131,19,40
77132,19,39
77133,19,39
77134,19,40
77135,19,37
77136,19,38
77137,19,37
77138,19,40
77139,19,37
77140,19,38
77141,19,40
77142,19,39
77143,19,38
77144,19,37
77145,19,39
77146,19,38
77147,19,38
77148,19,37
77149,19,39
77150,19,38
77151,19,39
77152,19,38
77153,19,40
77154,19,40
77155,19,37
77156,19,36
77157,19,36
77158,19,39
77159,19,36
77160,19,39
77161,19,39
77162,19,41
77163,19,37
77164,19,37
77165,19,40
77166,19,37
77167,19,37
77168,19,39
77169,19,38
77170,19,39
77171,19,38
77172,19,38
77173,19,35
77174,19,39
77175,19,39
77176,19,39
77177,19,38
77178,19,36
77179,19,37
77180,19,38
77181,19,38
77182,19,39
77183,19,38
77184,19,37
77185,19,37
77186,19,38
77187,19,40
77188,19,40
77189,19,40
77190,19,39
77191,19,40
77192,19,38
77193,19,38
77194,19,39
77195,19,40
77196,19,38
77197,19,38
77198,19,37
77199,19,38
77200,19,38
77201,19,40
77202,19,39
77203,19,38
77204,19,39
77205,19,38
77206,19,38
77207,19,38
77208,19,39
77209,19,38
77210,19,38
77211,19,38
77212,19,42
77213,19,38
77214,19,38
77215,19,39
77216,19,37
77217,19,39
77218,19,39
77219,19,37
77220,19,39
77221,19,39
77222,19,38
77223,19,38
77224,19,37
77225,19,37
77226,19,39
77227,19,41
77228,19,39
77229,19,38
77230,19,38
77231,19,39
77232,19,40
77233,19,40
77234,19,41
77235,19,38
77236,19,39
77237,19,39
77238,19,39
77239,19,36
77240,19,39
77241,19,36
77242,19,37
77243,19,37
77244,19,37
77245,19,37
77246,19,38
77247,19,38
77248,19,40
77249,19,37
77250,19,39
77251,19,39
77252,19,38
77253,19,39
77254,19,37
77255,19,37
77256,19,37
77257,19,41
77258,19,39
77259,19,36
77260,19,39
77261,19,39
77262,19,41
77263,19,35
77264,19,38
77265,19,38
77266,19,38
77267,19,37
77268,19,37
77269,19,39
77270,19,41
77271,19,40
77272,19,38
77273,19,37
77274,19,38
77275,19,40
77276,19,42
77277,19,39
77278,19,37
77279,19,36
77280,19,38
77281,19,38
77282,19,38
77283,19,38
77284,19,39
77285,19,40
77286,19,41
77287,19,37
77288,19,37
77289,19,38
77290,19,38
77291,19,38
77292,19,39
77293,19,39
77294,19,38
77295,19,38
77296,19,38
77297,19,39
77298,19,38
77299,19,38
77300,19,36
77301,19,38
77302,19,36
77303,19,37
77304,19,39
77305,19,37
77306,19,36
77307,19,38
77308,19,38
77309,19,40
77310,19,38
77311,19,39
77312,19,37
77313,19,39
77314,19,38
77315,19,38
77316,19,40
77317,19,37
77318,19,38
77319,19,38
77320,19,41
77321,19,40
77322,19,37
77323,19,40
77324,19,39
77325,19,37
77326,19,37
77327,19,40
77328,19,39
77329,19,38
77330,19,36
77331,19,40
77332,19,40
77333,19,38
77334,19,38
77335,19,40
77336,19,40
77337,19,40
77338,19,37
77339,19,37
77340,19,39
77341,19,39
77342,19,37
77343,19,39
77344,19,42
77345,19,35
77346,19,39
77347,19,39
77348,19,39
77349,19,37
77350,19,37
77351,19,37
77352,19,38
77353,19,38
77354,19,37
77355,19,40
77356,19,37
77357,19,38
77358,19,39
77359,19,38
77360,19,37
77361,19,38
77362,19,39
77363,19,37
77364,19,37
77365,19,38
77366,19,39
77367,19,38
77368,19,37
77369,19,37
77370,19,37
77371,19,38
77372,19,38
77373,19,37
77374,19,39
77375,19,38
77376,19,37
77377,19,38
77378,19,39
77379,19,38
77380,19,38
77381,19,40
77382,19,38
77383,19,38
77384,19,40
77385,19,40
77386,19,39
77387,19,38
77388,19,37
77389,19,41
77390,19,38
77391,19,37
77392,19,41
77393,19,39
77394,19,41
77395,19,38
77396,19,36
77397,19,36
77398,19,37
77399,19,37
77400,19,36
77401,19,39
77402,19,38
77403,19,36
77404,19,38
77405,19,38
77406,19,39
77407,19,38
77408,19,39
77409,19,38
77410,19,40
77411,19,39
77412,19,41
77413,19,40
77414,19,40
77415,19,36
77416,19,38
77417,19,39
77418,19,37
77419,19,37
77420,19,37
77421,19,42
77422,19,39
77423,19,39
77424,19,37
77425,19,39
77426,19,39
77427,19,38
77428,19,38
77429,19,37
77430,19,38
77431,19,37
77432,19,38
77433,19,40
77434,19,40
77435,19,38
77436,19,37
77437,19,37
77438,19,39
77439,19,38
77440,19,38
77441,19,39
77442,19,41
77443,19,38
77444,19,37
77445,19,38
77446,19,38
77447,19,40
77448,19,37
77449,19,39
77450,19,37
77451,19,39
77452,19,36
77453,19,39
77454,19,37
77455,19,37
77456,19,38
77457,19,38
77458,19,39
77459,19,38
77460,19,36
77461,19,38
77462,19,39
77463,19,40
77464,19,38
77465,19,38
77466,19,39
77467,19,39
77468,19,39
77469,19,38
77470,19,38
77471,19,41
77472,19,40
77473,19,41
77474,19,39
77475,19,37
77476,19,38
77477,19,38
77478,19,37
77479,19,37
77480,19,37
77481,19,37
77482,19,42
77483,19,37
77484,19,38
77485,19,37
77486,19,36
77487,19,39
77488,19,40
77489,19,38
77490,19,40
77491,19,39
77492,19,37
77493,19,38
77494,19,38
77495,19,39
77496,19,39
77497,19,40
77498,19,38
77499,19,38
77500,19,37
77501,19,41
77502,19,39
77503,19,37
77504,19,39
77505,19,38
77506,19,39
77507,19,38
77508,19,37
77509,19,38
77510,19,40
77511,19,39
77512,19,39
77513,19,39
77514,19,38
77515,19,39
77516,19,38
77517,19,38
77518,19,37
77519,19,37
77520,19,38
77521,19,37
77522,19,40
77523,19,37
77524,19,37
77525,19,39
77526,19,38
77527,19,39
77528,19,41
77529,19,38
77530,19,39
77531,19,39
77532,19,37
77533,19,39
77534,19,39
77535,19,38
77536,19,36
77537,19,39
77538,19,39
77539,19,37
77540,19,40
77541,19,39
77542,19,36
77543,19,37
77544,19,39
77545,19,38
77546,19,39
77547,19,36
77548,19,39
77549,19,38
77550,19,38
77551,19,42
77552,19,41
77553,19,38
77554,19,37
77555,19,39
77556,19,36
77557,19,39
77558,19,38
77559,19,37
77560,19,41
77561,19,36
77562,19,37
77563,19,39
77564,19,38
77565,19,38
77566,19,38
77567,19,40
77568,19,39
77569,19,37
77570,19,38
77571,19,38
77572,19,39
77573,19,38
77574,19,38
77575,19,36
77576,19,38
77577,19,39
77578,19,37
77579,19,36
77580,19,37
77581,19,37
77582,19,38
77583,19,38
77584,19,41
77585,19,38
77586,19,36
77587,19,37
77588,19,37
77589,19,38
77590,19,38
77591,19,37
77592,19,38
77593,19,38
77594,19,38
77595,19,39
77596,19,40
77597,19,39
77598,19,37
77599,19,37
77600,19,39
77601,19,40
77602,19,38
77603,19,38
77604,19,38
77605,19,37
77606,19,37
77607,19,37
77608,19,38
77609,19,38
77610,19,39
77611,19,38
77612,19,37
77613,19,39
77614,19,38
77615,19,39
77616,19,37
77617,19,39
77618,19,37
77619,19,36
77620,19,38
77621,19,38
77622,19,38
77623,19,39
77624,19,37
77625,19,36
77626,19,37
77627,19,38
77628,19,37
77629,19,38
77630,19,40
77631,19,38
77632,19,40
77633,19,38
77634,19,38
77635,19,38
77636,19,40
77637,19,37
77638,19,39
77639,19,38
77640,19,39
77641,19,39
77642,19,40
77643,19,39
77644,19,39
77645,19,37
77646,19,37
77647,19,37
77648,19,37
77649,19,39
77650,19,36
77651,19,38
77652,19,40
77653,19,39
77654,19,38
77655,19,38
77656,19,38
77657,19,39
77658,19,38
77659,19,40
77660,19,40
77661,19,39
77662,19,39
77663,19,36
77664,19,40
77665,19,41
77666,19,38
77667,19,39
77668,19,39
77669,19,38
77670,19,37
77671,19,37
77672,19,39
77673,19,35
77674,19,37
77675,19,38
77676,19,38
77677,19,37
77678,19,40
77679,19,39
77680,19,39
77681,19,37
77682,19,39
77683,19,38
77684,19,38
77685,19,40
77686,19,39
77687,19,37
77688,19,39
77689,19,35
77690,19,36
77691,19,38
77692,19,37
77693,19,39
77694,19,39
77695,19,39
77696,19,36
77697,19,37
77698,19,37
77699,19,37
77700,19,38
77701,19,37
77702,19,39
77703,19,39
77704,19,37
77705,19,38
77706,19,39
77707,19,39
77708,19,39
77709,19,39
77710,19,40
77711,19,39
77712,19,37
77713,19,39
77714,19,40
77715,19,39
77716,19,38
77717,19,38
77718,19,38
77719,19,39
77720,19,37
77721,19,40
77722,19,37
77723,19,37
77724,19,37
77725,19,39
77726,19,37
77727,19,38
77728,19,39
77729,19,38
77730,19,38
77731,19,37
77732,19,37
77733,19,39
77734,19,40
77735,19,39
77736,19,40
77737,19,39
77738,19,37
77739,19,38
77740,19,36
77741,19,38
77742,19,37
77743,19,40
77744,19,38
77745,19,39
77746,19,37
77747,19,37
77748,19,38
77749,19,39
77750,19,38
77751,19,37
77752,19,37
77753,19,40
77754,19,40
77755,19,39
77756,19,39
77757,19,39
77758,19,38
77759,19,39
77760,19,42
77761,19,38
77762,19,38
77763,19,40
77764,19,38
77765,19,35
77766,19,37
77767,19,38
77768,19,38
77769,19,40
77770,19,38
77771,19,38
77772,19,38
77773,19,38
77774,19,37
77775,19,41
77776,19,38
77777,19,38
77778,19,38
77779,19,39
77780,19,38
77781,19,37
77782,19,38
77783,19,39
77784,19,38
77785,19,40
77786,19,39
77787,19,39
77788,19,40
77789,19,40
77790,19,38
77791,19,38
77792,19,39
77793,19,37
77794,19,39
77795,19,38
77796,19,37
77797,19,37
77798,19,39
77799,19,39
77800,19,38
77801,19,37
77802,19,37
77803,19,39
77804,19,38
77805,19,36
77806,19,36
77807,19,39
77808,19,39
77809,19,39
77810,19,37
77811,19,40
77812,19,38
77813,19,37
77814,19,38
77815,19,39
77816,19,37
77817,19,39
77818,19,38
77819,19,37
77820,19,41
77821,19,38
77822,19,37
77823,19,39
77824,19,40
77825,19,37
77826,19,36
77827,19,39
77828,19,38
77829,19,37
77830,19,38
77831,19,38
77832,19,39
77833,19,41
77834,19,36
77835,19,38
77836,19,38
77837,19,37
77838,19,38
77839,19,38
77840,19,38
77841,19,37
77842,19,38
77843,19,36
77844,19,38
77845,19,39
77846,19,39
77847,19,39
77848,19,39
77849,19,39
77850,19,40
77851,19,36
77852,19,37
77853,19,38
77854,19,36
77855,19,39
77856,19,37
77857,19,36
77858,19,36
77859,19,36
77860,19,36
77861,19,40
77862,19,37
77863,19,38
77864,19,37
77865,19,36
77866,19,37
77867,19,39
77868,19,37
77869,19,42
77870,19,38
77871,19,36
77872,19,39
77873,19,36
77874,19,39
77875,19,37
77876,19,38
77877,19,38
77878,19,37
77879,19,38
77880,19,39
77881,19,38
77882,19,38
77883,19,37
77884,19,38
77885,19,37
77886,19,39
77887,19,39
77888,19,38
77889,19,39
77890,19,39
77891,19,39
77892,19,38
77893,19,40
77894,19,40
77895,19,39
77896,19,39
77897,19,37
77898,19,39
77899,19,38
77900,19,38
77901,19,41
77902,19,38
77903,19,38
77904,19,38
77905,19,38
77906,19,43
77907,19,39
77908,19,40
77909,19,40
77910,19,40
77911,19,38
77912,19,37
77913,19,40
77914,19,39
77915,19,39
77916,19,37
77917,19,40
77918,19,37
77919,19,37
77920,19,38
77921,19,36
77922,19,38
77923,19,39
77924,19,38
77925,19,39
77926,19,40
77927,19,40
77928,19,38
77929,19,40
77930,19,38
77931,19,37
77932,19,38
77933,19,36
77934,19,37
77935,19,36
77936,19,37
77937,19,39
77938,19,39
77939,19,39
77940,19,37
77941,19,38
77942,19,37
77943,19,39
77944,19,38
77945,19,38
77946,19,41
77947,19,40
77948,19,36
77949,19,37
77950,19,37
77951,19,38
77952,19,35
77953,19,38
77954,19,38
77955,19,39
77956,19,37
77957,19,39
77958,19,36
77959,19,40
77960,19,38
77961,19,39
77962,19,37
77963,19,38
77964,19,40
77965,19,37
77966,19,38
77967,19,36
77968,19,38
77969,19,39
77970,19,39
77971,19,38
77972,19,38
77973,19,39
77974,19,38
77975,19,38
77976,19,39
77977,19,36
77978,19,39
77979,19,38
77980,19,39
77981,19,40
77982,19,36
77983,19,37
77984,19,39
77985,19,37
77986,19,37
77987,19,38
77988,19,39
77989,19,39
77990,19,37
77991,19,40
77992,19,38
77993,19,37
77994,19,38
77995,19,37
77996,19,35
77997,19,39
77998,19,37
77999,19,36
78000,19,38
78001,19,40
78002,19,40
78003,19,37
78004,19,41
78005,19,38
78006,19,39
78007,19,38
78008,19,37
78009,19,37
78010,19,40
78011,19,39
78012,19,39
78013,19,41
78014,19,37
78015,19,38
78016,19,40
78017,19,38
78018,19,38
78019,19,37
78020,19,38
78021,19,37
78022,19,38
78023,19,37
78024,19,37
78025,19,36
78026,19,39
78027,19,36
78028,19,40
78029,19,39
78030,19,37
78031,19,38
78032,19,39
78033,19,37
78034,19,39
78035,19,38
78036,19,41
78037,19,36
78038,19,39
78039,19,39
78040,19,39
78041,19,42
78042,19,37
78043,19,38
78044,19,40
78045,19,39
78046,19,39
78047,19,37
78048,19,39
78049,19,38
78050,19,40
78051,19,38
78052,19,39
78053,19,38
78054,19,39
78055,19,37
78056,19,39
78057,19,36
78058,19,37
78059,19,38
78060,19,40
78061,19,38
78062,19,36
78063,19,40
78064,19,36
78065,19,39
78066,19,39
78067,19,35
78068,19,39
78069,19,38
78070,19,37
78071,19,39
78072,19,40
78073,19,41
78074,19,37
78075,19,38
78076,19,39
78077,19,36
78078,19,39
78079,19,39
78080,19,39
78081,19,37
78082,19,40
78083,19,36
78084,19,38
78085,19,39
78086,19,37
78087,19,39
78088,19,39
78089,19,38
78090,19,40
78091,19,39
78092,19,39
78093,19,38
78094,19,38
78095,19,36
78096,19,40
78097,19,38
78098,19,38
78099,19,37
78100,19,39
78101,19,39
78102,19,40
78103,19,37
78104,19,41
78105,19,37
78106,19,38
78107,19,39
78108,19,38
78109,19,38
78110,19,39
78111,19,39
78112,19,36
78113,19,38
78114,19,39
78115,19,38
78116,19,39
78117,19,40
78118,19,38
78119,19,39
78120,19,40
78121,19,37
78122,19,39
78123,19,38
78124,19,38
78125,19,37
78126,19,39
78127,19,38
78128,19,37
78129,19,39
78130,19,37
78131,19,39
78132,19,38
78133,19,39
78134,19,37
78135,19,39
78136,19,38
78137,19,38
78138,19,38
78139,19,41
78140,19,38
78141,19,38
78142,19,39
78143,19,39
78144,19,38
78145,19,38
78146,19,38
78147,19,41
78148,19,40
78149,19,35
78150,19,38
78151,19,38
78152,19,38
78153,19,41
78154,19,38
78155,19,40
78156,19,40
78157,19,39
78158,19,37
78159,19,37
78160,19,40
78161,19,39
78162,19,39
78163,19,38
78164,19,37
78165,19,41
78166,19,40
78167,19,39
78168,19,38
78169,19,37
78170,19,40
78171,19,39
78172,19,39
78173,19,36
78174,19,41
78175,19,36
78176,19,36
78177,19,37
78178,19,38
78179,19,39
78180,19,38
78181,19,37
78182,19,38
78183,19,39
78184,19,38
78185,19,39
78186,19,37
78187,19,37
78188,19,38
78189,19,38
78190,19,40
78191,19,37
78192,19,38
78193,19,39
78194,19,39
78195,19,40
78196,19,40
78197,19,37
78198,19,38
78199,19,38
78200,19,37
78201,19,37
78202,19,39
78203,19,39
78204,19,37
78205,19,37
78206,19,38
78207,19,38
78208,19,41
78209,19,37
78210,19,39
78211,19,37
78212,19,38
78213,19,39
78214,19,37
78215,19,39
78216,19,37
78217,19,38
78218,19,39
78219,19,39
78220,19,38
78221,19,42
78222,19,39
78223,19,38
78224,19,38
78225,19,37
78226,19,41
78227,19,38
78228,19,38
78229,19,40
78230,19,37
78231,19,39
78232,19,39
78233,19,38
78234,19,40
78235,19,39
78236,19,38
78237,19,38
78238,19,38
78239,19,40
78240,19,40
78241,19,36
78242,19,38
78243,19,38
78244,19,39
78245,19,36
78246,19,40
78247,19,38
78248,19,37
78249,19,39
78250,19,39
78251,19,38
78252,19,41
78253,19,37
78254,19,38
78255,19,37
78256,19,38
78257,19,40
78258,19,39
78259,19,39
78260,19,37
78261,19,39
78262,19,37
78263,19,38
78264,19,39
78265,19,39
78266,19,40
78267,19,38
78268,19,40
78269,19,37
78270,19,39
78271,19,39
78272,19,39
78273,19,37
78274,19,39
78275,19,39
78276,19,40
78277,19,39
78278,19,39
78279,19,39
78280,19,38
78281,19,36
78282,19,38
78283,19,39
78284,19,40
78285,19,40
78286,19,40
78287,19,40
78288,19,39
78289,19,37
78290,19,38
78291,19,39
78292,19,38
78293,19,37
78294,19,38
78295,19,37
78296,19,38
78297,19,38
78298,19,39
78299,19,37
78300,19,37
78301,19,38
78302,19,37
78303,19,41
78304,19,38
78305,19,36
78306,19,41
78307,19,36
78308,19,37
78309,19,40
78310,19,39
78311,19,37
78312,19,38
78313,19,38
78314,19,37
78315,19,39
78316,19,40
78317,19,37
78318,19,38
78319,19,37
78320,19,39
78321,19,37
78322,19,38
78323,19,40
78324,19,38
78325,19,40
78326,19,38
78327,19,37
78328,19,40
78329,19,39
78330,19,37
78331,19,39
78332,19,38
78333,19,38
78334,19,38
78335,19,38
78336,19,38
78337,19,38
78338,19,37
78339,19,36
78340,19,40
78341,19,38
78342,19,37
78343,19,39
78344,19,39
78345,19,40
78346,19,41
78347,19,39
78348,19,38
78349,19,39
78350,19,40
78351,19,38
78352,19,38
78353,19,37
78354,19,39
78355,19,37
78356,19,40
78357,19,37
78358,19,38
78359,19,38
78360,19,42
78361,19,37
78362,19,38
78363,19,39
78364,19,39
78365,19,37
78366,19,38
78367,19,38
78368,19,38
78369,19,36
78370,19,39
78371,19,40
78372,19,39
78373,19,39
78374,19,39
78375,19,39
78376,19,38
78377,19,38
78378,19,38
78379,19,39
78380,19,37
78381,19,38
78382,19,38
78383,19,38
78384,19,40
78385,19,40
78386,19,37
78387,19,39
78388,19,39
78389,19,37
78390,19,36
78391,19,40
78392,19,38
78393,19,36
78394,19,36
78395,19,37
78396,19,38
78397,19,41
78398,19,37
78399,19,37
78400,19,39
78401,19,39
78402,19,38
78403,19,40
78404,19,38
78405,19,40
78406,19,39
78407,19,39
78408,19,38
78409,19,37
78410,19,39
78411,19,37
78412,19,39
78413,19,41
78414,19,38
78415,19,38
78416,19,38
78417,19,40
78418,19,37
78419,19,38
78420,19,38
78421,19,39
78422,19,38
78423,19,35
78424,19,41
78425,19,38
78426,19,38
78427,19,38
78428,19,38
78429,19,40
78430,19,38
78431,19,37
78432,19,40
78433,19,39
78434,19,38
78435,19,38
78436,19,38
78437,19,39
78438,19,37
78439,19,39
78440,19,39
78441,19,38
78442,19,39
78443,19,38
78444,19,37
78445,19,38
78446,19,39
78447,19,38
78448,19,37
78449,19,38
78450,19,38
78451,19,37
78452,19,38
78453,19,39
78454,19,38
78455,19,38
78456,19,41
78457,19,38
78458,19,38
78459,19,40
78460,19,38
78461,19,37
78462,19,37
78463,19,36
78464,19,39
78465,19,36
78466,19,39
78467,19,38
78468,19,37
78469,19,39
78470,19,39
78471,19,37
78472,19,40
78473,19,38
78474,19,38
78475,19,39
78476,19,40
78477,19,38
78478,19,38
78479,19,38
78480,19,38
78481,19,39
78482,19,39
78483,19,38
78484,19,39
78485,19,38
78486,19,38
78487,19,37
78488,19,37
78489,19,39
78490,19,37
78491,19,39
78492,19,37
78493,19,38
78494,19,38
78495,19,39
78496,19,39
78497,19,39
78498,19,41
78499,19,39
78500,19,38
78501,19,40
78502,19,39
78503,19,40
78504,19,38
78505,19,39
78506,19,38
78507,19,39
78508,19,40
78509,19,39
78510,19,39
78511,19,38
78512,19,38
78513,19,38
78514,19,41
78515,19,38
78516,19,37
78517,19,38
78518,19,40
78519,19,38
78520,19,39
78521,19,37
78522,19,38
78523,19,39
78524,19,39
78525,19,39
78526,19,38
78527,19,38
78528,19,39
78529,19,38
78530,19,39
78531,19,39
78532,19,37
78533,19,37
78534,19,40
78535,19,39
78536,19,39
78537,19,36
78538,19,41
78539,19,41
78540,19,38
78541,19,41
78542,19,36
78543,19,44
78544,19,37
78545,19,41
78546,19,40
78547,19,36
78548,19,39
78549,19,38
78550,19,40
78551,19,36
78552,19,37
78553,19,39
78554,19,39
78555,19,40
78556,19,39
78557,19,37
78558,19,38
78559,19,38
78560,19,39
78561,19,38
78562,19,37
78563,19,42
78564,19,37
78565,19,39
78566,19,38
78567,19,39
78568,19,37
78569,19,40
78570,19,41
78571,19,36
78572,19,39
78573,19,38
78574,19,39
78575,19,37
78576,19,39
78577,19,39
78578,19,39
78579,19,38
78580,19,38
78581,19,39
78582,19,40
78583,19,41
78584,19,37
78585,19,38
78586,19,37
78587,19,38
78588,19,38
78589,19,39
78590,19,37
78591,19,39
78592,19,37
78593,19,38
78594,19,39
78595,19,39
78596,19,38
78597,19,38
78598,19,38
78599,19,37
78600,19,40
78601,19,37
78602,19,39
78603,19,38
78604,19,41
78605,19,37
78606,19,37
78607,19,40
78608,19,37
78609,19,40
78610,19,38
78611,19,37
78612,19,38
78613,19,39
78614,19,38
78615,19,38
78616,19,38
78617,19,39
78618,19,37
78619,19,38
78620,19,37
78621,19,38
78622,19,37
78623,19,41
78624,19,40
78625,19,39
78626,19,39
78627,19,38
78628,19,39
78629,19,40
78630,19,37
78631,19,37
78632,19,37
78633,19,38
78634,19,37
78635,19,40
78636,19,39
78637,19,37
78638,19,39
78639,19,38
78640,19,38
78641,19,39
78642,19,39
78643,19,38
78644,19,38
78645,19,38
78646,19,41
78647,19,39
78648,19,39
78649,19,40
78650,19,38
78651,19,37
78652,19,37
78653,19,36
78654,19,40
78655,19,38
78656,19,40
78657,19,38
78658,19,39
78659,19,40
78660,19,37
78661,19,40
78662,19,40
78663,19,40
78664,19,39
78665,19,39
78666,19,38
78667,19,40
78668,19,39
78669,19,37
78670,19,38
78671,19,39
78672,19,38
78673,19,38
78674,19,42
78675,19,39
78676,19,41
78677,19,38
78678,19,38
78679,19,37
78680,19,37
78681,19,38
78682,19,37
78683,19,38
78684,19,39
78685,19,38
78686,19,40
78687,19,39
78688,19,38
78689,19,39
78690,19,38
78691,19,39
78692,19,37
78693,19,37
78694,19,38
78695,19,38
78696,19,38
78697,19,39
78698,19,39
78699,19,36
78700,19,37
78701,19,40
78702,19,39
78703,19,38
78704,19,38
78705,19,38
78706,19,39
78707,19,40
78708,19,38
78709,19,38
78710,19,39
78711,19,40
78712,19,39
78713,19,39
78714,19,38
78715,19,39
78716,19,38
78717,19,38
78718,19,40
78719,19,39
78720,19,39
78721,19,37
78722,19,39
78723,19,40
78724,19,38
78725,19,36
78726,19,39
78727,19,38
78728,19,40
78729,19,40
78730,19,38
78731,19,38
78732,19,38
78733,19,38
78734,19,39
78735,19,39
78736,19,37
78737,19,40
78738,19,38
78739,19,37
78740,19,37
78741,19,38
78742,19,38
78743,19,37
78744,19,40
78745,19,39
78746,19,37
78747,19,37
78748,19,39
78749,19,38
78750,19,38
78751,19,39
78752,19,38
78753,19,39
78754,19,38
78755,19,38
78756,19,38
78757,19,39
78758,19,41
78759,19,39
78760,19,39
78761,19,38
78762,19,39
78763,19,39
78764,19,40
78765,19,38
78766,19,38
78767,19,42
78768,19,38
78769,19,37
78770,19,37
78771,19,36
78772,19,37
78773,19,35
78774,19,38
78775,19,39
78776,19,39
78777,19,39
78778,19,37
78779,19,37
78780,19,39
78781,19,38
78782,19,38
78783,19,38
78784,19,41
78785,19,39
78786,19,40
78787,19,39
78788,19,38
78789,19,37
78790,19,38
78791,19,39
78792,19,39
78793,19,39
78794,19,40
78795,19,39
78796,19,39
78797,19,36
78798,19,39
78799,19,37
78800,19,37
78801,19,40
78802,19,37
78803,19,37
78804,19,39
78805,19,39
78806,19,37
78807,19,38
78808,19,38
78809,19,39
78810,19,36
78811,19,38
78812,19,37
78813,19,37
78814,19,37
78815,19,39
78816,19,38
78817,19,39
78818,19,38
78819,19,37
78820,19,38
78821,19,38
78822,19,37
78823,19,38
78824,19,38
78825,19,37
78826,19,37
78827,19,41
78828,19,37
78829,19,40
78830,19,39
78831,19,38
78832,19,38
78833,19,37
78834,19,38
78835,19,41
78836,19,37
78837,19,38
78838,19,36
78839,19,38
78840,19,39
78841,19,36
78842,19,38
78843,19,37
78844,19,38
78845,19,40
78846,19,38
78847,19,39
78848,19,38
78849,19,38
78850,19,38
78851,19,38
78852,19,38
78853,19,38
78854,19,40
78855,19,39
78856,19,37
78857,19,39
78858,19,37
78859,19,37
78860,19,40
78861,19,38
78862,19,38
78863,19,38
78864,19,38
78865,19,39
78866,19,38
78867,19,40
78868,19,38
78869,19,38
78870,19,38
78871,19,38
78872,19,37
78873,19,39
78874,19,38
78875,19,37
78876,19,39
78877,19,40
78878,19,40
78879,19,40
78880,19,40
78881,19,40
78882,19,38
78883,19,41
78884,19,41
78885,19,37
78886,19,39
78887,19,40
78888,19,39
78889,19,38
78890,19,38
78891,19,38
78892,19,37
78893,19,38
78894,19,38
78895,19,38
78896,19,37
78897,19,40
78898,19,39
78899,19,38
78900,19,38
78901,19,37
78902,19,39
78903,19,41
78904,19,39
78905,19,38
78906,19,40
78907,19,38
78908,19,41
78909,19,38
78910,19,38
78911,19,38
78912,19,37
78913,19,42
78914,19,37
78915,19,40
78916,19,39
78917,19,38
78918,19,39
78919,19,37
78920,19,38
78921,19,39
78922,19,41
78923,19,40
78924,19,38
78925,19,41
78926,19,38
78927,19,39
78928,19,39
78929,19,38
78930,19,40
78931,19,38
78932,19,39
78933,19,36
78934,19,39
78935,19,40
78936,19,39
78937,19,37
78938,19,39
78939,19,40
78940,19,37
78941,19,40
78942,19,38
78943,19,40
78944,19,39
78945,19,38
78946,19,38
78947,19,38
78948,19,36
78949,19,38
78950,19,39
78951,19,39
78952,19,38
78953,19,39
78954,19,37
78955,19,38
78956,19,38
78957,19,38
78958,19,38
78959,19,38
78960,19,39
78961,19,38
78962,19,40
78963,19,37
78964,19,40
78965,19,41
78966,19,38
78967,19,40
78968,19,40
78969,19,37
78970,19,36
78971,19,40
78972,19,38
78973,19,40
78974,19,37
78975,19,37
78976,19,37
78977,19,37
78978,19,39
78979,19,39
78980,19,39
78981,19,38
78982,19,36
78983,19,40
78984,19,37
78985,19,38
78986,19,38
78987,19,38
78988,19,39
78989,19,41
78990,19,39
78991,19,38
78992,19,38
78993,19,40
78994,19,37
78995,19,37
78996,19,39
78997,19,39
78998,19,38
78999,19,38
79000,19,39
79001,19,40
79002,19,38
79003,19,38
79004,19,37
79005,19,39
79006,19,40
79007,19,37
79008,19,37
79009,19,37
79010,19,40
79011,19,37
79012,19,37
79013,19,38
79014,19,37
79015,19,38
79016,19,38
79017,19,38
79018,19,38
79019,19,40
79020,19,37
79021,19,37
79022,19,37
79023,19,39
79024,19,37
79025,19,40
79026,19,37
79027,19,40
79028,19,39
79029,19,38
79030,19,38
79031,19,40
79032,19,38
79033,19,37
79034,19,37
79035,19,38
79036,19,38
79037,19,37
79038,19,39
79039,19,36
79040,19,39
79041,19,38
79042,19,38
79043,19,38
79044,19,38
79045,19,39
79046,19,40
79047,19,37
79048,19,37
79049,19,37
79050,19,37
79051,19,37
79052,19,37
79053,19,38
79054,19,39
79055,19,39
79056,19,37
79057,19,40
79058,19,37
79059,19,38
79060,19,39
79061,19,37
79062,19,42
79063,19,38
79064,19,36
79065,19,41
79066,19,38
79067,19,38
79068,19,39
79069,19,38
79070,19,37
79071,19,37
79072,19,38
79073,19,37
79074,19,37
79075,19,38
79076,19,38
79077,19,38
79078,19,37
79079,19,35
79080,19,39
79081,19,38
79082,19,39
79083,19,39
79084,19,39
79085,19,37
79086,19,37
79087,19,38
79088,19,40
79089,19,38
79090,19,39
79091,19,41
79092,19,39
79093,19,42
79094,19,38
79095,19,40
79096,19,37
79097,19,39
79098,19,40
79099,19,37
79100,19,37
79101,19,38
79102,19,38
79103,19,40
79104,19,38
79105,19,39
79106,19,40
79107,19,39
79108,19,38
79109,19,37
79110,19,37
79111,19,39
79112,19,38
79113,19,39
79114,19,39
79115,19,39
79116,19,37
79117,19,40
79118,19,41
79119,19,37
79120,19,38
79121,19,38
79122,19,37
79123,19,37
79124,19,41
79125,19,38
79126,19,37
79127,19,38
79128,19,38
79129,19,39
79130,19,39
79131,19,37
79132,19,38
79133,19,38
79134,19,39
79135,19,38
79136,19,37
79137,19,38
79138,19,38
79139,19,41
79140,19,39
79141,19,37
79142,19,38
79143,19,38
79144,19,40
79145,19,39
79146,19,40
79147,19,38
79148,19,38
79149,19,39
79150,19,39
79151,19,39
79152,19,38
79153,19,39
79154,19,38
79155,19,40
79156,19,40
79157,19,39
79158,19,38
79159,19,40
79160,19,37
79161,19,38
79162,19,39
79163,19,36
79164,19,37
79165,19,39
79166,19,39
79167,19,37
79168,19,39
79169,19,38
79170,19,36
79171,19,39
79172,19,39
79173,19,40
79174,19,38
79175,19,37
79176,19,42
79177,19,38
79178,19,38
79179,19,40
79180,19,39
79181,19,41
79182,19,38
79183,19,37
79184,19,39
79185,19,39
79186,19,39
79187,19,40
79188,19,42
79189,19,38
79190,19,38
79191,19,40
79192,19,37
79193,19,37
79194,19,38
79195,19,39
79196,19,37
79197,19,37
79198,19,39
79199,19,38
79200,19,38
79201,19,37
79202,19,36
79203,19,39
79204,19,39
79205,19,39
79206,19,39
79207,19,36
79208,19,38
79209,19,39
79210,19,39
79211,19,39
79212,19,36
79213,19,36
79214,19,38
79215,19,40
79216,19,38
79217,19,38
79218,19,38
79219,19,38
79220,19,39
79221,19,38
79222,19,39
79223,19,38
79224,19,37
79225,19,38
79226,19,38
79227,19,38
79228,19,41
79229,19,38
79230,19,39
79231,19,37
79232,19,40
79233,19,37
79234,19,39
79235,19,40
79236,19,38
79237,19,39
79238,19,37
79239,19,38
79240,19,39
79241,19,43
79242,19,39
79243,19,40
79244,19,38
79245,19,38
79246,19,38
79247,19,39
79248,19,39
79249,19,38
79250,19,40
79251,19,39
79252,19,39
79253,19,36
79254,19,37
79255,19,38
79256,19,39
79257,19,38
79258,19,40
79259,19,38
79260,19,38
79261,19,36
79262,19,39
79263,19,38
79264,19,37
79265,19,37
79266,19,38
79267,19,40
79268,19,38
79269,19,39
79270,19,42
79271,19,38
79272,19,38
79273,19,39
79274,19,39
79275,19,37
79276,19,38
79277,19,39
79278,19,37
79279,19,39
79280,19,39
79281,19,38
79282,19,39
79283,19,38
79284,19,38
79285,19,38
79286,19,39
79287,19,39
79288,19,39
79289,19,40
79290,19,37
79291,19,39
79292,19,37
79293,19,36
79294,19,40
79295,19,38
79296,19,37
79297,19,37
79298,19,37
79299,19,38
79300,19,36
79301,19,36
79302,19,38
79303,19,38
79304,19,39
79305,19,39
79306,19,39
79307,19,37
79308,19,38
79309,19,38
79310,19,40
79311,19,37
79312,19,38
79313,19,38
79314,19,37
79315,19,40
79316,19,38
79317,19,40
79318,19,38
79319,19,38
79320,19,39
79321,19,39
79322,19,39
79323,19,38
79324,19,38
79325,19,40
79326,19,39
79327,19,37
79328,19,38
79329,19,39
79330,19,41
79331,19,37
79332,19,39
79333,19,37
79334,19,41
79335,19,38
79336,19,39
79337,19,37
79338,19,39
79339,19,39
79340,19,36
79341,19,39
79342,19,35
79343,19,42
79344,19,39
79345,19,38
79346,19,39
79347,19,38
79348,19,38
79349,19,37
79350,19,40
79351,19,38
79352,19,39
79353,19,39
79354,19,37
79355,19,38
79356,19,39
79357,19,39
79358,19,39
79359,19,40
79360,19,38
79361,19,40
79362,19,39
79363,19,39
79364,19,40
79365,19,39
79366,19,37
79367,19,38
79368,19,37
79369,19,36
79370,19,40
79371,19,38
79372,19,38
79373,19,38
79374,19,37
79375,19,37
79376,19,42
79377,19,39
79378,19,38
79379,19,37
79380,19,40
79381,19,38
79382,19,40
79383,19,37
79384,19,41
79385,19,38
79386,19,40
79387,19,39
79388,19,39
79389,19,39
79390,19,39
79391,19,38
79392,19,36
79393,19,38
79394,19,38
79395,19,38
79396,19,38
79397,19,38
79398,19,38
79399,19,38
79400,19,39
79401,19,39
79402,19,38
79403,19,39
79404,19,40
79405,19,38
79406,19,38
79407,19,39
79408,19,37
79409,19,38
79410,19,38
79411,19,37
79412,19,39
79413,19,38
79414,19,40
79415,19,37
79416,19,37
79417,19,38
79418,19,39
79419,19,38
79420,19,37
79421,19,39
79422,19,37
79423,19,36
79424,19,38
79425,19,39
79426,19,35
79427,19,38
79428,19,38
79429,19,39
79430,19,38
79431,19,38
79432,19,37
79433,19,38
79434,19,38
79435,19,38
79436,19,39
79437,19,40
79438,19,37
79439,19,37
79440,19,38
79441,19,39
79442,19,39
79443,19,39
79444,19,39
79445,19,38
79446,19,38
79447,19,38
79448,19,37
79449,19,40
79450,19,39
79451,19,38
79452,19,39
79453,19,41
79454,19,40
79455,19,38
79456,19,37
79457,19,39
79458,19,38
79459,19,37
79460,19,38
79461,19,36
79462,19,38
79463,19,40
79464,19,38
79465,19,38
79466,19,38
79467,19,38
79468,19,38
79469,19,38
79470,19,38
79471,19,36
79472,19,37
79473,19,39
79474,19,38
79475,19,39
79476,19,39
79477,19,38
79478,19,37
79479,19,38
79480,19,39
79481,19,40
79482,19,37
79483,19,38
79484,19,40
79485,19,37
79486,19,38
79487,19,40
79488,19,40
79489,19,40
79490,19,37
79491,19,40
79492,19,37
79493,19,38
79494,19,37
79495,19,39
79496,19,40
79497,19,38
79498,19,37
79499,19,40
79500,19,38
79501,19,39
79502,19,38
79503,19,37
79504,19,40
79505,19,37
79506,19,38
79507,19,37
79508,19,41
79509,19,39
79510,19,39
79511,19,39
79512,19,40
79513,19,36
79514,19,39
79515,19,40
79516,19,38
79517,19,38
79518,19,37
79519,19,36
79520,19,38
79521,19,40
79522,19,38
79523,19,38
79524,19,39
79525,19,38
79526,19,37
79527,19,37
79528,19,41
79529,19,38
79530,19,37
79531,19,37
79532,19,41
79533,19,41
79534,19,40
79535,19,39
79536,19,41
79537,19,41
79538,19,39
79539,19,39
79540,19,37
79541,19,41
79542,19,39
79543,19,39
79544,19,39
79545,19,39
79546,19,38
79547,19,40
79548,19,40
79549,19,40
79550,19,39
79551,19,37
79552,19,37
79553,19,40
79554,19,38
79555,19,39
79556,19,38
79557,19,39
79558,19,39
79559,19,37
79560,19,37
79561,19,37
79562,19,37
79563,19,37
79564,19,42
79565,19,39
79566,19,39
79567,19,39
79568,19,39
79569,19,38
79570,19,39
79571,19,37
79572,19,39
79573,19,42
79574,19,39
79575,19,37
79576,19,41
79577,19,36
79578,19,40
79579,19,37
79580,19,38
79581,19,39
79582,19,36
79583,19,40
79584,19,38
79585,19,37
79586,19,39
79587,19,39
79588,19,39
79589,19,38
79590,19,38
79591,19,40
79592,19,38
79593,19,37
79594,19,38
79595,19,37
79596,19,38
79597,19,38
79598,19,38
79599,19,38
79600,19,36
79601,19,36
79602,19,37
79603,19,37
79604,19,38
79605,19,37
79606,19,38
79607,19,41
79608,19,39
79609,19,37
79610,19,39
79611,19,39
79612,19,40
79613,19,37
79614,19,38
79615,19,38
79616,19,40
79617,19,38
79618,19,38
79619,19,39
79620,19,38
79621,19,40
79622,19,38
79623,19,37
79624,19,40
79625,19,41
79626,19,38
79627,19,41
79628,19,39
79629,19,39
79630,19,39
79631,19,37
79632,19,39
79633,19,38
79634,19,41
79635,19,39
79636,19,39
79637,19,39
79638,19,42
79639,19,39
79640,19,37
79641,19,38
79642,19,36
79643,19,37
79644,19,36
79645,19,39
79646,19,39
79647,19,38
79648,19,39
79649,19,36
79650,19,39
79651,19,38
79652,19,38
79653,19,38
79654,19,40
79655,19,38
79656,19,39
79657,19,39
79658,19,38
79659,19,41
79660,19,38
79661,19,39
79662,19,38
79663,19,38
79664,19,38
79665,19,38
79666,19,38
79667,19,38
79668,19,36
79669,19,38
79670,19,38
79671,19,38
79672,19,39
79673,19,38
79674,19,40
79675,19,37
79676,19,37
79677,19,40
79678,19,39
79679,19,37
79680,19,39
79681,19,38
79682,19,41
79683,19,37
79684,19,38
79685,19,38
79686,19,36
79687,19,37
79688,19,36
79689,19,41
79690,19,40
79691,19,36
79692,19,39
79693,19,37
79694,19,39
79695,19,37
79696,19,39
79697,19,37
79698,19,38
79699,19,40
79700,19,40
79701,19,36
79702,19,38
79703,19,37
79704,19,39
79705,19,39
79706,19,40
79707,19,38
79708,19,39
79709,19,37
79710,19,39
79711,19,38
79712,19,38
79713,19,38
79714,19,37
79715,19,37
79716,19,37
79717,19,39
79718,19,40
79719,19,38
79720,19,39
79721,19,38
79722,19,39
79723,19,36
79724,19,36
79725,19,37
79726,19,41
79727,19,38
79728,19,39
79729,19,38
79730,19,39
79731,19,38
79732,19,39
79733,19,38
79734,19,37
79735,19,39
79736,19,40
79737,19,38
79738,19,39
79739,19,39
79740,19,40
79741,19,39
79742,19,40
79743,19,40
79744,19,39
79745,19,38
79746,19,37
79747,19,39
79748,19,38
79749,19,39
79750,19,40
79751,19,41
79752,19,40
79753,19,39
79754,19,37
79755,19,42
79756,19,39
79757,19,37
79758,19,40
79759,19,40
79760,19,38
79761,19,39
79762,19,37
79763,19,35
79764,19,39
79765,19,38
79766,19,39
79767,19,40
79768,19,38
79769,19,38
79770,19,37
79771,19,40
79772,19,39
79773,19,39
79774,19,37
79775,19,40
79776,19,39
79777,19,40
79778,19,39
79779,19,41
79780,19,38
79781,19,40
79782,19,38
79783,19,37
79784,19,38
79785,19,39
79786,19,37
79787,19,38
79788,19,38
79789,19,40
79790,19,39
79791,19,39
79792,19,40
79793,19,39
79794,19,39
79795,19,39
79796,19,40
79797,19,39
79798,19,38
79799,19,38
79800,19,36
79801,19,38
79802,19,39
79803,19,38
79804,19,38
79805,19,39
79806,19,39
79807,19,38
79808,19,39
79809,19,37
79810,19,39
79811,19,38
79812,19,38
79813,19,38
79814,19,37
79815,19,36
79816,19,37
79817,19,37
79818,19,38
79819,19,37
79820,19,37
79821,19,36
79822,19,36
79823,19,39
79824,19,37
79825,19,38
79826,19,38
79827,19,37
79828,19,38
79829,19,37
79830,19,38
79831,19,37
79832,19,42
79833,19,39
79834,19,39
79835,19,38
79836,19,38
79837,19,38
79838,19,37
79839,19,38
79840,19,37
79841,19,39
79842,19,36
79843,19,39
79844,19,38
79845,19,37
79846,19,41
79847,19,40
79848,19,39
79849,19,38
79850,19,38
79851,19,37
79852,19,39
79853,19,40
79854,19,39
79855,19,38
79856,19,38
79857,19,38
79858,19,37
79859,19,37
79860,19,39
79861,19,38
79862,19,38
79863,19,39
79864,19,36
79865,19,39
79866,19,38
79867,19,39
79868,19,40
79869,19,39
79870,19,39
79871,19,38
79872,19,36
79873,19,37
79874,19,38
79875,19,40
79876,19,38
79877,19,39
79878,19,37
79879,19,38
79880,19,38
79881,19,37
79882,19,39
79883,19,38
79884,19,39
79885,19,40
79886,19,38
79887,19,39
79888,19,38
79889,19,39
79890,19,39
79891,19,39
79892,19,36
79893,19,38
79894,19,40
79895,19,37
79896,19,38
79897,19,40
79898,19,38
79899,19,39
79900,19,38
79901,19,39
79902,19,38
79903,19,38
79904,19,37
79905,19,37
79906,19,40
79907,19,37
79908,19,39
79909,19,38
79910,19,40
79911,19,41
79912,19,38
79913,19,38
79914,19,39
79915,19,38
79916,19,39
79917,19,38
79918,19,41
79919,19,37
79920,19,39
79921,19,38
79922,19,38
79923,19,39
79924,19,36
79925,19,36
79926,19,40
79927,19,38
79928,19,37
79929,19,39
79930,19,37
79931,19,36
79932,19,36
79933,19,40
79934,19,39
79935,19,36
79936,19,38
79937,19,37
79938,19,39
79939,19,38
79940,19,39
79941,19,39
79942,19,41
79943,19,35
79944,19,37
79945,19,38
79946,19,41
79947,19,37
79948,19,38
79949,19,40
79950,19,38
79951,19,38
79952,19,40
79953,19,38
79954,19,39
79955,19,42
79956,19,38
79957,19,39
79958,19,38
79959,19,38
79960,19,38
79961,19,39
79962,19,38
79963,19,40
79964,19,36
79965,19,39
79966,19,39
79967,19,38
79968,19,40
79969,19,39
79970,19,37
79971,19,36
79972,19,39
79973,19,39
79974,19,38
79975,19,37
79976,19,38
79977,19,39
79978,19,39
79979,19,38
79980,19,37
79981,19,38
79982,19,38
79983,19,39
79984,19,37
79985,19,39
79986,19,38
79987,19,38
79988,19,39
79989,19,36
79990,19,37
79991,19,37
79992,19,37
79993,19,37
79994,19,40
79995,19,38
79996,19,38
79997,19,40
79998,19,38
79999,19,38
80000,19,37
80001,19,38
80002,19,39
80003,19,38
80004,19,39
80005,19,38
80006,19,37
80007,19,41
80008,19,39
80009,19,38
80010,19,38
80011,19,38
80012,19,40
80013,19,38
80014,19,39
80015,19,37
80016,19,39
80017,19,39
80018,19,37
80019,19,39
80020,19,39
80021,19,42
80022,19,39
80023,19,37
80024,19,38
80025,19,38
80026,19,39
80027,19,39
80028,19,38
80029,19,39
80030,19,40
80031,19,37
80032,19,39
80033,19,39
80034,19,39
80035,19,38
80036,19,39
80037,19,41
80038,19,39
80039,19,39
80040,19,38
80041,19,40
80042,19,38
80043,19,39
80044,19,38
80045,19,38
80046,19,40
80047,19,39
80048,19,39
80049,19,39
80050,19,41
80051,19,39
80052,19,40
80053,19,40
80054,19,38
80055,19,39
80056,19,40
80057,19,37
80058,19,37
80059,19,39
80060,19,38
80061,19,40
80062,19,38
80063,19,36
80064,19,40
80065,19,37
80066,19,38
80067,19,37
80068,19,40
80069,19,38
80070,19,38
80071,19,38
80072,19,39
80073,19,40
80074,19,39
80075,19,39
80076,19,38
80077,19,39
80078,19,42
80079,19,37
80080,19,39
80081,19,37
80082,19,37
80083,19,38
80084,19,37
80085,19,39
80086,19,41
80087,19,39
80088,19,38
80089,19,38
80090,19,38
80091,19,39
80092,19,37
80093,19,39
80094,19,40
80095,19,37
80096,19,38
80097,19,38
80098,19,39
80099,19,37
80100,19,40
80101,19,39
80102,19,37
80103,19,37
80104,19,41
80105,19,38
80106,19,38
80107,19,39
80108,19,36
80109,19,40
80110,19,38
80111,19,38
80112,19,38
80113,19,38
80114,19,36
80115,19,38
80116,19,36
80117,19,40
80118,19,38
80119,19,37
80120,19,40
80121,19,41
80122,19,38
80123,19,40
80124,19,38
80125,19,39
80126,19,37
80127,19,36
80128,19,37
80129,19,39
80130,19,38
80131,19,38
80132,19,36
80133,19,41
80134,19,42
80135,19,39
80136,19,38
80137,19,39
80138,19,38
80139,19,37
80140,19,39
80141,19,36
80142,19,40
80143,19,36
80144,19,39
80145,19,40
80146,19,36
80147,19,38
80148,19,39
80149,19,37
80150,19,38
80151,19,38
80152,19,37
80153,19,38
80154,19,39
80155,19,41
80156,19,38
80157,19,40
80158,19,40
80159,19,38
80160,19,38
80161,19,37
80162,19,39
80163,19,38
80164,19,38
80165,19,38
80166,19,39
80167,19,38
80168,19,38
80169,19,37
80170,19,38
80171,19,38
80172,19,39
80173,19,38
80174,19,40
80175,19,38
80176,19,38
80177,19,36
80178,19,40
80179,19,37
80180,19,39
80181,19,38
80182,19,37
80183,19,39
80184,19,39
80185,19,35
80186,19,39
80187,19,39
80188,19,38
80189,19,37
80190,19,37
80191,19,38
80192,19,39
80193,19,37
80194,19,39
80195,19,38
80196,19,37
80197,19,38
80198,19,39
80199,19,40
80200,19,39
80201,19,38
80202,19,39
80203,19,40
80204,19,38
80205,19,39
80206,19,39
80207,19,38
80208,19,40
80209,19,36
80210,19,39
80211,19,39
80212,19,38
80213,19,37
80214,19,36
80215,19,37
80216,19,40
80217,19,38
80218,19,39
80219,19,37
80220,19,38
80221,19,38
80222,19,40
80223,19,39
80224,19,37
80225,19,37
80226,19,38
80227,19,37
80228,19,40
80229,19,36
80230,19,39
80231,19,37
80232,19,37
80233,19,37
80234,19,38
80235,19,38
80236,19,38
80237,19,39
80238,19,36
80239,19,39
80240,19,37
80241,19,37
80242,19,39
80243,19,37
80244,19,39
80245,19,39
80246,19,39
80247,19,38
80248,19,38
80249,19,38
80250,19,39
80251,19,39
80252,19,38
80253,19,39
80254,19,37
80255,19,39
80256,19,39
80257,19,37
80258,19,39
80259,19,40
80260,19,37
80261,19,38
80262,19,38
80263,19,39
80264,19,39
80265,19,37
80266,19,38
80267,19,38
80268,19,40
80269,19,38
80270,19,36
80271,19,39
80272,19,37
80273,19,39
80274,19,37
80275,19,38
80276,19,39
80277,19,38
80278,19,38
80279,19,41
80280,19,39
80281,19,41
80282,19,38
80283,19,37
80284,19,38
80285,19,37
80286,19,37
80287,19,38
80288,19,37
80289,19,42
80290,19,39
80291,19,41
80292,19,38
80293,19,38
80294,19,39
80295,19,38
80296,19,37
80297,19,39
80298,19,36
80299,19,37
80300,19,39
80301,19,39
80302,19,37
80303,19,37
80304,19,39
80305,19,38
80306,19,40
80307,19,39
80308,19,40
80309,19,41
80310,19,37
80311,19,37
80312,19,37
80313,19,37
80314,19,38
80315,19,38
80316,19,36
80317,19,38
80318,19,38
80319,19,38
80320,19,37
80321,19,37
80322,19,38
80323,19,39
80324,19,36
80325,19,39
80326,19,40
80327,19,38
80328,19,39
80329,19,37
80330,19,36
80331,19,40
80332,19,40
80333,19,38
80334,19,40
80335,19,39
80336,19,39
80337,19,39
80338,19,39
80339,19,37
80340,19,38
80341,19,35
80342,19,37
80343,19,41
80344,19,40
80345,19,38
80346,19,37
80347,19,38
80348,19,40
80349,19,40
80350,19,37
80351,19,39
80352,19,37
80353,19,41
80354,19,38
80355,19,38
80356,19,36
80357,19,35
80358,19,39
80359,19,38
80360,19,38
80361,19,39
80362,19,39
80363,19,38
80364,19,41
80365,19,38
80366,19,37
80367,19,39
80368,19,38
80369,19,36
80370,19,38
80371,19,37
80372,19,39
80373,19,36
80374,19,39
80375,19,39
80376,19,39
80377,19,39
80378,19,37
80379,19,42
80380,19,39
80381,19,37
80382,19,39
80383,19,39
80384,19,38
80385,19,39
80386,19,36
80387,19,37
80388,19,37
80389,19,36
80390,19,39
80391,19,37
80392,19,38
80393,19,42
80394,19,37
80395,19,39
80396,19,38
80397,19,38
80398,19,38
80399,19,38
80400,19,38
80401,19,39
80402,19,36
80403,19,40
80404,19,40
80405,19,39
80406,19,38
80407,19,36
80408,19,37
80409,19,39
80410,19,38
80411,19,38
80412,19,40
80413,19,39
80414,19,37
80415,19,38
80416,19,37
80417,19,38
80418,19,39
80419,19,37
80420,19,40
80421,19,40
80422,19,37
80423,19,39
80424,19,39
80425,19,38
80426,19,39
80427,19,39
80428,19,40
80429,19,36
80430,19,36
80431,19,39
80432,19,41
80433,19,39
80434,19,39
80435,19,36
80436,19,37
80437,19,39
80438,19,37
80439,19,40
80440,19,39
80441,19,38
80442,19,38
80443,19,39
80444,19,39
80445,19,41
80446,19,38
80447,19,38
80448,19,39
80449,19,39
80450,19,39
80451,19,40
80452,19,40
80453,19,38
80454,19,38
80455,19,39
80456,19,38
80457,19,39
80458,19,39
80459,19,39
80460,19,41
80461,19,38
80462,19,38
80463,19,39
80464,19,40
80465,19,37
80466,19,37
80467,19,38
80468,19,41
80469,19,38
80470,19,39
80471,19,40
80472,19,38
80473,19,36
80474,19,40
80475,19,37
80476,19,39
80477,19,37
80478,19,39
80479,19,39
80480,19,38
80481,19,37
80482,19,39
80483,19,39
80484,19,39
80485,19,37
80486,19,38
80487,19,40
80488,19,39
80489,19,39
80490,19,38
80491,19,38
80492,19,37
80493,19,37
80494,19,42
80495,19,37
80496,19,38
80497,19,39
80498,19,36
80499,19,37
80500,19,37
80501,19,39
80502,19,37
80503,19,40
80504,19,38
80505,19,38
80506,19,38
80507,19,37
80508,19,37
80509,19,36
80510,19,37
80511,19,38
80512,19,38
80513,19,39
80514,19,37
80515,19,42
80516,19,37
80517,19,38
80518,19,38
80519,19,40
80520,19,38
80521,19,38
80522,19,39
80523,19,40
80524,19,38
80525,19,38
80526,19,38
80527,19,38
80528,19,37
80529,19,38
80530,19,39
80531,19,39
80532,19,40
80533,19,38
80534,19,37
80535,19,37
80536,19,40
80537,19,37
80538,19,39
80539,19,37
80540,19,39
80541,19,40
80542,19,40
80543,19,38
80544,19,37
80545,19,38
80546,19,41
80547,19,38
80548,19,38
80549,19,38
80550,19,37
80551,19,39
80552,19,36
80553,19,37
80554,19,40
80555,19,39
80556,19,37
80557,19,38
80558,19,38
80559,19,39
80560,19,39
80561,19,39
80562,19,37
80563,19,37
80564,19,37
80565,19,38
80566,19,39
80567,19,37
80568,19,39
80569,19,41
80570,19,38
80571,19,38
80572,19,39
80573,19,38
80574,19,40
80575,19,37
80576,19,37
80577,19,37
80578,19,37
80579,19,37
80580,19,38
80581,19,40
80582,19,39
80583,19,39
80584,19,37
80585,19,38
80586,19,38
80587,19,38
80588,19,39
80589,19,38
80590,19,37
80591,19,39
80592,19,37
80593,19,38
80594,19,39
80595,19,38
80596,19,40
80597,19,37
80598,19,40
80599,19,40
80600,19,40
80601,19,39
80602,19,37
80603,19,38
80604,19,38
80605,19,38
80606,19,38
80607,19,40
80608,19,38
80609,19,37
80610,19,39
80611,19,39
80612,19,38
80613,19,39
80614,19,39
80615,19,39
80616,19,39
80617,19,38
80618,19,37
80619,19,37
80620,19,38
80621,19,37
80622,19,37
80623,19,39
80624,19,36
80625,19,36
80626,19,40
80627,19,38
80628,19,37
80629,19,39
80630,19,38
80631,19,39
80632,19,42
80633,19,39
80634,19,40
80635,19,38
80636,19,37
80637,19,38
80638,19,38
80639,19,39
80640,19,38
80641,19,38
80642,19,39
80643,19,39
80644,19,38
80645,19,39
80646,19,38
80647,19,38
80648,19,36
80649,19,37
80650,19,40
80651,19,38
80652,19,37
80653,19,37
80654,19,39
80655,19,39
80656,19,40
80657,19,39
80658,19,38
80659,19,40
80660,19,40
80661,19,38
80662,19,39
80663,19,40
80664,19,39
80665,19,38
80666,19,39
80667,19,38
80668,19,36
80669,19,37
80670,19,39
80671,19,40
80672,19,38
80673,19,39
80674,19,39
80675,19,38
80676,19,38
80677,19,40
80678,19,38
80679,19,38
80680,19,37
80681,19,40
80682,19,39
80683,19,40
80684,19,38
80685,19,37
80686,19,39
80687,19,38
80688,19,38
80689,19,37
80690,19,38
80691,19,37
80692,19,37
80693,19,36
80694,19,37
80695,19,38
80696,19,37
80697,19,37
80698,19,38
80699,19,39
80700,19,39
80701,19,38
80702,19,38
80703,19,42
80704,19,37
80705,19,38
80706,19,37
80707,19,38
80708,19,39
80709,19,38
80710,19,41
80711,19,38
80712,19,41
80713,19,37
80714,19,38
80715,19,38
80716,19,38
80717,19,36
80718,19,37
80719,19,39
80720,19,37
80721,19,40
80722,19,37
80723,19,38
80724,19,39
80725,19,40
80726,19,36
80727,19,37
80728,19,40
80729,19,38
80730,19,39
80731,19,39
80732,19,38
80733,19,38
80734,19,38
80735,19,41
80736,19,39
80737,19,41
80738,19,40
80739,19,38
80740,19,39
80741,19,37
80742,19,37
80743,19,37
80744,19,39
80745,19,40
80746,19,38
80747,19,39
80748,19,38
80749,19,39
80750,19,37
80751,19,38
80752,19,40
80753,19,37
80754,19,38
80755,19,41
80756,19,37
80757,19,37
80758,19,37
80759,19,40
80760,19,39
80761,19,41
80762,19,39
80763,19,37
80764,19,38
80765,19,37
80766,19,37
80767,19,42
80768,19,40
80769,19,40
80770,19,36
80771,19,38
80772,19,38
80773,19,38
80774,19,38
80775,19,38
80776,19,40
80777,19,42
80778,19,38
80779,19,42
80780,19,39
80781,19,38
80782,19,38
80783,19,38
80784,19,37
80785,19,38
80786,19,37
80787,19,37
80788,19,39
80789,19,39
80790,19,37
80791,19,37
80792,19,37
80793,19,38
80794,19,36
80795,19,39
80796,19,38
80797,19,39
80798,19,40
80799,19,40
80800,19,37
80801,19,37
80802,19,39
80803,19,38
80804,19,38
80805,19,38
80806,19,39
80807,19,38
80808,19,39
80809,19,40
80810,19,38
80811,19,39
80812,19,38
80813,19,39
80814,19,38
80815,19,39
80816,19,38
80817,19,38
80818,19,38
80819,19,38
80820,19,38
80821,19,38
80822,19,38
80823,19,38
80824,19,39
80825,19,37
80826,19,37
80827,19,39
80828,19,37
80829,19,40
80830,19,39
80831,19,38
80832,19,36
80833,19,41
80834,19,38
80835,19,39
80836,19,42
80837,19,40
80838,19,40
80839,19,38
80840,19,37
80841,19,38
80842,19,38
80843,19,38
80844,19,37
80845,19,41
80846,19,39
80847,19,38
80848,19,40
80849,19,38
80850,19,39
80851,19,38
80852,19,40
80853,19,40
80854,19,40
80855,19,38
80856,19,38
80857,19,40
80858,19,38
80859,19,38
80860,19,39
80861,19,38
80862,19,41
80863,19,39
80864,19,39
80865,19,40
80866,19,38
80867,19,39
80868,19,39
80869,19,37
80870,19,38
80871,19,39
80872,19,37
80873,19,38
80874,19,38
80875,19,40
80876,19,37
80877,19,40
80878,19,37
80879,19,42
80880,19,37
80881,19,36
80882,19,38
80883,19,38
80884,19,36
80885,19,38
80886,19,38
80887,19,39
80888,19,37
80889,19,39
80890,19,36
80891,19,40
80892,19,39
80893,19,37
80894,19,37
80895,19,39
80896,19,39
80897,19,38
80898,19,37
80899,19,39
80900,19,37
80901,19,38
80902,19,39
80903,19,39
80904,19,39
80905,19,37
80906,19,38
80907,19,39
80908,19,38
80909,19,38
80910,19,40
80911,19,36
80912,19,41
80913,19,37
80914,19,37
80915,19,39
80916,19,37
80917,19,38
80918,19,40
80919,19,39
80920,19,38
80921,19,39
80922,19,39
80923,19,37
80924,19,39
80925,19,38
80926,19,38
80927,19,40
80928,19,38
80929,19,39
80930,19,38
80931,19,38
80932,19,38
80933,19,37
80934,19,37
80935,19,40
80936,19,40
80937,19,39
80938,19,37
80939,19,37
80940,19,40
80941,19,37
80942,19,39
80943,19,38
80944,19,40
80945,19,39
80946,19,38
80947,19,40
80948,19,37
80949,19,37
80950,19,36
80951,19,38
80952,19,38
80953,19,35
80954,19,39
80955,19,38
80956,19,36
80957,19,37
80958,19,41
80959,19,39
80960,19,39
80961,19,39
80962,19,37
80963,19,38
80964,19,38
80965,19,38
80966,19,40
80967,19,36
80968,19,40
80969,19,38
80970,19,40
80971,19,39
80972,19,38
80973,19,39
80974,19,38
80975,19,40
80976,19,38
80977,19,38
80978,19,38
80979,19,38
80980,19,37
80981,19,41
80982,19,41
80983,19,37
80984,19,38
80985,19,39
80986,19,38
80987,19,39
80988,19,38
80989,19,39
80990,19,35
80991,19,39
80992,19,37
80993,19,38
80994,19,39
80995,19,39
80996,19,36
80997,19,39
80998,19,41
80999,19,38
81000,19,38
81001,19,37
81002,19,39
81003,19,38
81004,19,38
81005,19,39
81006,19,37
81007,19,39
81008,19,39
81009,19,37
81010,19,39
81011,19,38
81012,19,37
81013,19,38
81014,19,38
81015,19,36
81016,19,37
81017,19,37
81018,19,39
81019,19,39
81020,19,38
81021,19,38
81022,19,38
81023,19,40
81024,19,39
81025,19,39
81026,19,39
81027,19,38
81028,19,38
81029,19,37
81030,19,36
81031,19,38
81032,19,38
81033,19,41
81034,19,38
81035,19,37
81036,19,37
81037,19,37
81038,19,39
81039,19,38
81040,19,38
81041,19,41
81042,19,37
81043,19,37
81044,19,39
81045,19,39
81046,19,38
81047,19,37
81048,19,35
81049,19,39
81050,19,39
81051,19,38
81052,19,41
81053,19,40
81054,19,37
81055,19,39
81056,19,39
81057,19,37
81058,19,38
81059,19,37
81060,19,40
81061,19,39
81062,19,38
81063,19,38
81064,19,39
81065,19,39
81066,19,39
81067,19,38
81068,19,37
81069,19,37
81070,19,38
81071,19,40
81072,19,38
81073,19,39
81074,19,37
81075,19,39
81076,19,40
81077,19,41
81078,19,38
81079,19,38
81080,19,38
81081,19,40
81082,19,39
81083,19,37
81084,19,39
81085,19,40
81086,19,38
81087,19,40
81088,19,37
81089,19,38
81090,19,38
81091,19,37
81092,19,37
81093,19,39
81094,19,39
81095,19,37
81096,19,35
81097,19,37
81098,19,38
81099,19,37
81100,19,37
81101,19,37
81102,19,38
81103,19,38
81104,19,37
81105,19,37
81106,19,37
81107,19,37
81108,19,38
81109,19,38
81110,19,37
81111,19,38
81112,19,39
81113,19,39
81114,19,37
81115,19,37
81116,19,39
81117,19,39
81118,19,37
81119,19,38
81120,19,38
81121,19,38
81122,19,39
81123,19,37
81124,19,38
81125,19,38
81126,19,36
81127,19,38
81128,19,36
81129,19,41
81130,19,39
81131,19,39
81132,19,36
81133,19,38
81134,19,39
81135,19,38
81136,19,39
81137,19,38
81138,19,38
81139,19,38
81140,19,38
81141,19,37
81142,19,38
81143,19,40
81144,19,39
81145,19,36
81146,19,37
81147,19,39
81148,19,39
81149,19,38
81150,19,39
81151,19,37
81152,19,39
81153,19,38
81154,19,39
81155,19,37
81156,19,39
81157,19,39
81158,19,38
81159,19,39
81160,19,36
81161,19,38
81162,19,40
81163,19,38
81164,19,36
81165,19,38
81166,19,41
81167,19,38
81168,19,39
81169,19,39
81170,19,37
81171,19,40
81172,19,40
81173,19,39
81174,19,37
81175,19,40
81176,19,38
81177,19,39
81178,19,39
81179,19,36
81180,19,40
81181,19,38
81182,19,38
81183,19,40
81184,19,39
81185,19,37
81186,19,37
81187,19,39
81188,19,41
81189,19,37
81190,19,40
81191,19,38
81192,19,39
81193,19,39
81194,19,40
81195,19,37
81196,19,38
81197,19,40
81198,19,39
81199,19,38
81200,19,39
81201,19,38
81202,19,39
81203,19,36
81204,19,39
81205,19,37
81206,19,38
81207,19,38
81208,19,38
81209,19,38
81210,19,37
81211,19,39
81212,19,38
81213,19,40
81214,19,37
81215,19,37
81216,19,38
81217,19,38
81218,19,38
81219,19,39
81220,19,38
81221,19,38
81222,19,38
81223,19,40
81224,19,40
81225,19,35
81226,19,42
81227,19,43
81228,19,37
81229,19,40
81230,19,39
81231,19,38
81232,19,37
81233,19,38
81234,19,37
81235,19,39
81236,19,38
81237,19,39
81238,19,39
81239,19,36
81240,19,38
81241,19,40
81242,19,41
81243,19,41
81244,19,39
81245,19,37
81246,19,40
81247,19,40
81248,19,38
81249,19,38
81250,19,40
81251,19,38
81252,19,40
81253,19,38
81254,19,40
81255,19,39
81256,19,37
81257,19,38
81258,19,37
81259,19,39
81260,19,37
81261,19,40
81262,19,38
81263,19,38
81264,19,38
81265,19,38
81266,19,40
81267,19,41
81268,19,38
81269,19,38
81270,19,38
81271,19,39
81272,19,39
81273,19,39
81274,19,40
81275,19,39
81276,19,40
81277,19,41
81278,19,38
81279,19,40
81280,19,41
81281,19,37
81282,19,38
81283,19,37
81284,19,38
81285,19,41
81286,19,38
81287,19,38
81288,19,38
81289,19,40
81290,19,36
81291,19,37
81292,19,38
81293,19,39
81294,19,37
81295,19,39
81296,19,38
81297,19,38
81298,19,39
81299,19,39
81300,19,37
81301,19,37
81302,19,39
81303,19,39
81304,19,39
81305,19,38
81306,19,37
81307,19,37
81308,19,38
81309,19,38
81310,19,37
81311,19,38
81312,19,39
81313,19,40
81314,19,41
81315,19,39
81316,19,36
81317,19,39
81318,19,38
81319,19,39
81320,19,38
81321,19,36
81322,19,38
81323,19,39
81324,19,37
81325,19,37
81326,19,40
81327,19,39
81328,19,37
81329,19,39
81330,19,37
81331,19,40
81332,19,38
81333,19,38
81334,19,38
81335,19,39
81336,19,37
81337,19,36
81338,19,37
81339,19,38
81340,19,38
81341,19,37
81342,19,38
81343,19,39
81344,19,38
81345,19,39
81346,19,40
81347,19,38
81348,19,40
81349,19,38
81350,19,37
81351,19,37
81352,19,39
81353,19,37
81354,19,39
81355,19,36
81356,19,39
81357,19,39
81358,19,41
81359,19,39
81360,19,38
81361,19,39
81362,19,38
81363,19,39
81364,19,38
81365,19,39
81366,19,38
81367,19,37
81368,19,38
81369,19,38
81370,19,38
81371,19,37
81372,19,38
81373,19,39
81374,19,39
81375,19,37
81376,19,38
81377,19,40
81378,19,39
81379,19,39
81380,19,39
81381,19,40
81382,19,40
81383,19,38
81384,19,38
81385,19,39
81386,19,39
81387,19,39
81388,19,37
81389,19,38
81390,19,41
81391,19,38
81392,19,39
81393,19,39
81394,19,37
81395,19,37
81396,19,39
81397,19,42
81398,19,38
81399,19,40
81400,19,40
81401,19,38
81402,19,40
81403,19,40
81404,19,38
81405,19,38
81406,19,37
81407,19,39
81408,19,38
81409,19,38
81410,19,36
81411,19,38
81412,19,39
81413,19,37
81414,19,38
81415,19,39
81416,19,39
81417,19,37
81418,19,37
81419,19,38
81420,19,38
81421,19,40
81422,19,40
81423,19,39
81424,19,37
81425,19,38
81426,19,39
81427,19,39
81428,19,38
81429,19,40
81430,19,39
81431,19,39
81432,19,41
81433,19,39
81434,19,37
81435,19,38
81436,19,38
81437,19,38
81438,19,38
81439,19,39
81440,19,42
81441,19,39
81442,19,40
81443,19,41
81444,19,37
81445,19,38
81446,19,40
81447,19,39
81448,19,38
81449,19,40
81450,19,39
81451,19,38
81452,19,39
81453,19,38
81454,19,37
81455,19,40
81456,19,38
81457,19,37
81458,19,39
81459,19,38
81460,19,39
81461,19,39
81462,19,37
81463,19,37
81464,19,41
81465,19,37
81466,19,42
81467,19,39
81468,19,39
81469,19,38
81470,19,40
81471,19,38
81472,19,39
81473,19,39
81474,19,39
81475,19,37
81476,19,37
81477,19,37
81478,19,37
81479,19,39
81480,19,38
81481,19,39
81482,19,39
81483,19,39
81484,19,40
81485,19,38
81486,19,39
81487,19,38
81488,19,38
81489,19,37
81490,19,39
81491,19,37
81492,19,38
81493,19,39
81494,19,38
81495,19,39
81496,19,37
81497,19,37
81498,19,38
81499,19,37
81500,19,38
81501,19,38
81502,19,40
81503,19,37
81504,19,42
81505,19,38
81506,19,40
81507,19,40
81508,19,38
81509,19,37
81510,19,37
81511,19,39
81512,19,38
81513,19,37
81514,19,38
81515,19,39
81516,19,38
81517,19,40
81518,19,39
81519,19,39
81520,19,37
81521,19,39
81522,19,40
81523,19,39
81524,19,38
81525,19,37
81526,19,38
81527,19,37
81528,19,40
81529,19,40
81530,19,37
81531,19,40
81532,19,40
81533,19,39
81534,19,38
81535,19,38
81536,19,38
81537,19,40
81538,19,39
81539,19,41
81540,19,37
81541,19,38
81542,19,38
81543,19,40
81544,19,39
81545,19,39
81546,19,38
81547,19,39
81548,19,40
81549,19,39
81550,19,40
81551,19,37
81552,19,38
81553,19,41
81554,19,38
81555,19,40
81556,19,39
81557,19,37
81558,19,39
81559,19,38
81560,19,38
81561,19,40
81562,19,38
81563,19,42
81564,19,36
81565,19,37
81566,19,40
81567,19,38
81568,19,36
81569,19,39
81570,19,37
81571,19,40
81572,19,38
81573,19,39
81574,19,37
81575,19,39
81576,19,38
81577,19,40
81578,19,40
81579,19,41
81580,19,39
81581,19,36
81582,19,38
81583,19,37
81584,19,40
81585,19,38
81586,19,41
81587,19,38
81588,19,40
81589,19,37
81590,19,37
81591,19,39
81592,19,37
81593,19,38
81594,19,39
81595,19,40
81596,19,38
81597,19,39
81598,19,40
81599,19,38
81600,19,41
81601,19,38
81602,19,41
81603,19,38
81604,19,37
81605,19,38
81606,19,37
81607,19,38
81608,19,39
81609,19,37
81610,19,39
81611,19,39
81612,19,39
81613,19,39
81614,19,40
81615,19,37
81616,19,39
81617,19,37
81618,19,39
81619,19,36
81620,19,38
81621,19,40
81622,19,40
81623,19,39
81624,19,38
81625,19,38
81626,19,36
81627,19,37
81628,19,39
81629,19,37
81630,19,36
81631,19,37
81632,19,39
81633,19,39
81634,19,37
81635,19,36
81636,19,39
81637,19,40
81638,19,38
81639,19,41
81640,19,38
81641,19,38
81642,19,36
81643,19,37
81644,19,42
81645,19,39
81646,19,37
81647,19,40
81648,19,37
81649,19,38
81650,19,38
81651,19,39
81652,19,39
81653,19,38
81654,19,39
81655,19,42
81656,19,38
81657,19,39
81658,19,38
81659,19,41
81660,19,39
81661,19,37
81662,19,37
81663,19,38
81664,19,38
81665,19,38
81666,19,38
81667,19,38
81668,19,36
81669,19,37
81670,19,38
81671,19,38
81672,19,41
81673,19,36
81674,19,38
81675,19,37
81676,19,41
81677,19,39
81678,19,38
81679,19,38
81680,19,38
81681,19,39
81682,19,41
81683,19,36
81684,19,39
81685,19,37
81686,19,40
81687,19,40
81688,19,37
81689,19,36
81690,19,39
81691,19,36
81692,19,37
81693,19,41
81694,19,40
81695,19,40
81696,19,36
81697,19,37
81698,19,38
81699,19,40
81700,19,39
81701,19,40
81702,19,40
81703,19,38
81704,19,38
81705,19,38
81706,19,39
81707,19,40
81708,19,40
81709,19,38
81710,19,38
81711,19,38
81712,19,37
81713,19,38
81714,19,40
81715,19,39
81716,19,40
81717,19,40
81718,19,38
81719,19,38
81720,19,37
81721,19,38
81722,19,36
81723,19,39
81724,19,38
81725,19,39
81726,19,40
81727,19,39
81728,19,39
81729,19,37
81730,19,39
81731,19,42
81732,19,40
81733,19,40
81734,19,37
81735,19,40
81736,19,38
81737,19,38
81738,19,38
81739,19,40
81740,19,37
81741,19,40
81742,19,37
81743,19,39
81744,19,41
81745,19,40
81746,19,39
81747,19,40
81748,19,38
81749,19,36
81750,19,38
81751,19,40
81752,19,38
81753,19,37
81754,19,38
81755,19,40
81756,19,40
81757,19,39
81758,19,39
81759,19,37
81760,19,38
81761,19,38
81762,19,39
81763,19,36
81764,19,37
81765,19,38
81766,19,39
81767,19,37
81768,19,39
81769,19,40
81770,19,37
81771,19,40
81772,19,37
81773,19,40
81774,19,38
81775,19,39
81776,19,37
81777,19,39
81778,19,38
81779,19,38
81780,19,38
81781,19,36
81782,19,39
81783,19,36
81784,19,39
81785,19,38
81786,19,38
81787,19,38
81788,19,38
81789,19,39
81790,19,40
81791,19,40
81792,19,38
81793,19,38
81794,19,36
81795,19,38
81796,19,40
81797,19,37
81798,19,40
81799,19,42
81800,19,39
81801,19,41
81802,19,40
81803,19,41
81804,19,41
81805,19,37
81806,19,37
81807,19,38
81808,19,40
81809,19,39
81810,19,39
81811,19,41
81812,19,39
81813,19,40
81814,19,40
81815,19,40
81816,19,40
81817,19,39
81818,19,37
81819,19,41
81820,19,38
81821,19,40
81822,19,37
81823,19,37
81824,19,39
81825,19,39
81826,19,38
81827,19,38
81828,19,39
81829,19,39
81830,19,39
81831,19,40
81832,19,37
81833,19,40
81834,19,37
81835,19,37
81836,19,41
81837,19,38
81838,19,37
81839,19,38
81840,19,39
81841,19,38
81842,19,37
81843,19,38
81844,19,38
81845,19,38
81846,19,39
81847,19,41
81848,19,40
81849,19,38
81850,19,38
81851,19,39
81852,19,40
81853,19,39
81854,19,38
81855,19,38
81856,19,37
81857,19,39
81858,19,40
81859,19,38
81860,19,38
81861,19,37
81862,19,38
81863,19,39
81864,19,39
81865,19,39
81866,19,38
81867,19,38
81868,19,39
81869,19,37
81870,19,39
81871,19,36
81872,19,38
81873,19,41
81874,19,39
81875,19,38
81876,19,39
81877,19,38
81878,19,38
81879,19,37
81880,19,39
81881,19,39
81882,19,39
81883,19,39
81884,19,39
81885,19,39
81886,19,37
81887,19,38
81888,19,38
81889,19,38
81890,19,39
81891,19,38
81892,19,36
81893,19,38
81894,19,37
81895,19,39
81896,19,38
81897,19,38
81898,19,40
81899,19,39
81900,19,38
81901,19,40
81902,19,37
81903,19,40
81904,19,39
81905,19,37
81906,19,37
81907,19,39
81908,19,40
81909,19,40
81910,19,40
81911,19,39
81912,19,38
81913,19,39
81914,19,40
81915,19,40
81916,19,38
81917,19,38
81918,19,39
81919,19,37
81920,19,37
81921,19,39
81922,19,39
81923,19,37
81924,19,39
81925,19,37
81926,19,37
81927,19,40
81928,19,39
81929,19,38
81930,19,39
81931,19,40
81932,19,36
81933,19,38
81934,19,38
81935,19,36
81936,19,39
81937,19,38
81938,19,40
81939,19,40
81940,19,37
81941,19,37
81942,19,37
81943,19,39
81944,19,36
81945,19,38
81946,19,36
81947,19,40
81948,19,40
81949,19,40
81950,19,38
81951,19,37
81952,19,37
81953,19,38
81954,19,39
81955,19,38
81956,19,38
81957,19,38
81958,19,39
81959,19,40
81960,19,41
81961,19,40
81962,19,39
81963,19,40
81964,19,36
81965,19,37
81966,19,39
81967,19,38
81968,19,37
81969,19,39
81970,19,38
81971,19,39
81972,19,37
81973,19,41
81974,19,39
81975,19,37
81976,19,40
81977,19,38
81978,19,38
81979,19,36
81980,19,38
81981,19,40
81982,19,39
81983,19,38
81984,19,40
81985,19,40
81986,19,38
81987,19,39
81988,19,39
81989,19,40
81990,19,37
81991,19,38
81992,19,36
81993,19,38
81994,19,37
81995,19,39
81996,19,39
81997,19,39
81998,19,39
81999,19,39
82000,19,38
82001,19,37
82002,19,39
82003,19,37
82004,19,37
82005,19,38
82006,19,41
82007,19,37
82008,19,39
82009,19,38
82010,19,39
82011,19,42
82012,19,38
82013,19,39
82014,19,39
82015,19,38
82016,19,36
82017,19,40
82018,19,42
82019,19,39
82020,19,39
82021,19,39
82022,19,38
82023,19,39
82024,19,37
82025,19,40
82026,19,39
82027,19,40
82028,19,38
82029,19,36
82030,19,37
82031,19,36
82032,19,38
82033,19,39
82034,19,38
82035,19,37
82036,19,39
82037,19,40
82038,19,36
82039,19,37
82040,19,39
82041,19,39
82042,19,39
82043,19,38
82044,19,38
82045,19,38
82046,19,40
82047,19,39
82048,19,39
82049,19,40
82050,19,37
82051,19,39
82052,19,40
82053,19,37
82054,19,38
82055,19,37
82056,19,37
82057,19,37
82058,19,40
82059,19,37
82060,19,37
82061,19,38
82062,19,38
82063,19,39
82064,19,38
82065,19,39
82066,19,36
82067,19,37
82068,19,39
82069,19,38
82070,19,39
82071,19,40
82072,19,39
82073,19,38
82074,19,39
82075,19,38
82076,19,41
82077,19,40
82078,19,38
82079,19,38
82080,19,39
82081,19,39
82082,19,37
82083,19,37
82084,19,37
82085,19,40
82086,19,38
82087,19,38
82088,19,41
82089,19,39
82090,19,36
82091,19,37
82092,19,39
82093,19,39
82094,19,37
82095,19,39
82096,19,37
82097,19,38
82098,19,38
82099,19,40
82100,19,39
82101,19,39
82102,19,39
82103,19,39
82104,19,40
82105,19,39
82106,19,39
82107,19,38
82108,19,37
82109,19,39
82110,19,38
82111,19,36
82112,19,38
82113,19,40
82114,19,39
82115,19,39
82116,19,36
82117,19,41
82118,19,39
82119,19,39
82120,19,37
82121,19,38
82122,19,41
82123,19,40
82124,19,39
82125,19,39
82126,19,37
82127,19,37
82128,19,38
82129,19,40
82130,19,40
82131,19,38
82132,19,40
82133,19,38
82134,19,36
82135,19,38
82136,19,39
82137,19,39
82138,19,38
82139,19,40
82140,19,37
82141,19,39
82142,19,40
82143,19,36
82144,19,41
82145,19,40
82146,19,38
82147,19,39
82148,19,39
82149,19,38
82150,19,41
82151,19,37
82152,19,35
82153,19,38
82154,19,37
82155,19,40
82156,19,41
82157,19,39
82158,19,37
82159,19,38
82160,19,38
82161,19,39
82162,19,37
82163,19,39
82164,19,41
82165,19,39
82166,19,37
82167,19,38
82168,19,38
82169,19,38
82170,19,37
82171,19,37
82172,19,38
82173,19,38
82174,19,38
82175,19,42
82176,19,39
82177,19,38
82178,19,38
82179,19,39
82180,19,41
82181,19,38
82182,19,38
82183,19,37
82184,19,38
82185,19,38
82186,19,39
82187,19,37
82188,19,38
82189,19,40
82190,19,40
82191,19,39
82192,19,38
82193,19,40
82194,19,37
82195,19,40
82196,19,36
82197,19,38
82198,19,38
82199,19,38
82200,19,39
82201,19,38
82202,19,40
82203,19,39
82204,19,38
82205,19,37
82206,19,41
82207,19,41
82208,19,37
82209,19,39
82210,19,37
82211,19,38
82212,19,39
82213,19,38
82214,19,38
82215,19,38
82216,19,40
82217,19,38
82218,19,40
82219,19,37
82220,19,39
82221,19,37
82222,19,39
82223,19,37
82224,19,39
82225,19,38
82226,19,38
82227,19,39
82228,19,39
82229,19,39
82230,19,38
82231,19,38
82232,19,39
82233,19,38
82234,19,40
82235,19,38
82236,19,40
82237,19,38
82238,19,39
82239,19,37
82240,19,39
82241,19,37
82242,19,38
82243,19,40
82244,19,37
82245,19,39
82246,19,38
82247,19,41
82248,19,37
82249,19,39
82250,19,38
82251,19,39
82252,19,37
82253,19,38
82254,19,40
82255,19,38
82256,19,38
82257,19,38
82258,19,39
82259,19,39
82260,19,37
82261,19,38
82262,19,39
82263,19,37
82264,19,36
82265,19,38
82266,19,37
82267,19,39
82268,19,41
82269,19,38
82270,19,41
82271,19,38
82272,19,40
82273,19,39
82274,19,40
82275,19,40
82276,19,39
82277,19,38
82278,19,39
82279,19,40
82280,19,36
82281,19,39
82282,19,38
82283,19,40
82284,19,38
82285,19,38
82286,19,42
82287,19,38
82288,19,38
82289,19,39
82290,19,39
82291,19,38
82292,19,37
82293,19,40
82294,19,39
82295,19,37
82296,19,38
82297,19,36
82298,19,40
82299,19,38
82300,19,37
82301,19,38
82302,19,40
82303,19,36
82304,19,40
82305,19,41
82306,19,39
82307,19,39
82308,19,39
82309,19,37
82310,19,38
82311,19,39
82312,19,38
82313,19,37
82314,19,36
82315,19,39
82316,19,37
82317,19,37
82318,19,36
82319,19,37
82320,19,40
82321,19,38
82322,19,38
82323,19,37
82324,19,41
82325,19,39
82326,19,39
82327,19,37
82328,19,39
82329,19,39
82330,19,38
82331,19,42
82332,19,39
82333,19,40
82334,19,38
82335,19,39
82336,19,40
82337,19,37
82338,19,40
82339,19,36
82340,19,37
82341,19,39
82342,19,42
82343,19,38
82344,19,41
82345,19,38
82346,19,39
82347,19,39
82348,19,36
82349,19,38
82350,19,37
82351,19,38
82352,19,39
82353,19,39
82354,19,39
82355,19,38
82356,19,39
82357,19,38
82358,19,40
82359,19,39
82360,19,40
82361,19,40
82362,19,40
82363,19,39
82364,19,37
82365,19,37
82366,19,37
82367,19,39
82368,19,37
82369,19,38
82370,19,40
82371,19,39
82372,19,40
82373,19,37
82374,19,40
82375,19,38
82376,19,40
82377,19,37
82378,19,37
82379,19,39
82380,19,37
82381,19,40
82382,19,38
82383,19,39
82384,19,38
82385,19,37
82386,19,41
82387,19,36
82388,19,39
82389,19,38
82390,19,38
82391,19,38
82392,19,38
82393,19,40
82394,19,40
82395,19,38
82396,19,38
82397,19,37
82398,19,38
82399,19,38
82400,19,37
82401,19,37
82402,19,38
82403,19,38
82404,19,40
82405,19,36
82406,19,39
82407,19,37
82408,19,37
82409,19,41
82410,19,41
82411,19,38
82412,19,39
82413,19,37
82414,19,41
82415,19,39
82416,19,39
82417,19,38
82418,19,40
82419,19,36
82420,19,37
82421,19,39
82422,19,39
82423,19,37
82424,19,38
82425,19,37
82426,19,40
82427,19,39
82428,19,40
82429,19,39
82430,19,37
82431,19,37
82432,19,38
82433,19,39
82434,19,36
82435,19,38
82436,19,39
82437,19,40
82438,19,40
82439,19,40
82440,19,39
82441,19,38
82442,19,38
82443,19,38
82444,19,37
82445,19,38
82446,19,37
82447,19,39
82448,19,39
82449,19,38
82450,19,38
82451,19,39
82452,19,39
82453,19,38
82454,19,39
82455,19,39
82456,19,38
82457,19,37
82458,19,39
82459,19,43
82460,19,39
82461,19,41
82462,19,38
82463,19,39
82464,19,40
82465,19,39
82466,19,36
82467,19,39
82468,19,40
82469,19,39
82470,19,38
82471,19,39
82472,19,37
82473,19,38
82474,19,37
82475,19,37
82476,19,39
82477,19,38
82478,19,37
82479,19,39
82480,19,37
82481,19,37
82482,19,38
82483,19,37
82484,19,38
82485,19,37
82486,19,38
82487,19,40
82488,19,37
82489,19,37
82490,19,41
82491,19,38
82492,19,39
82493,19,37
82494,19,40
82495,19,37
82496,19,38
82497,19,39
82498,19,41
82499,19,39
82500,19,39
82501,19,37
82502,19,39
82503,19,39
82504,19,38
82505,19,39
82506,19,40
82507,19,40
82508,19,38
82509,19,40
82510,19,39
82511,19,39
82512,19,38
82513,19,39
82514,19,38
82515,19,40
82516,19,40
82517,19,39
82518,19,39
82519,19,40
82520,19,41
82521,19,39
82522,19,38
82523,19,39
82524,19,40
82525,19,39
82526,19,38
82527,19,38
82528,19,40
82529,19,39
82530,19,38
82531,19,41
82532,19,37
82533,19,38
82534,19,39
82535,19,37
82536,19,38
82537,19,37
82538,19,40
82539,19,38
82540,19,38
82541,19,39
82542,19,38
82543,19,39
82544,19,39
82545,19,38
82546,19,39
82547,19,38
82548,19,40
82549,19,38
82550,19,38
82551,19,38
82552,19,39
82553,19,39
82554,19,37
82555,19,38
82556,19,38
82557,19,39
82558,19,37
82559,19,37
82560,19,37
82561,19,39
82562,19,38
82563,19,38
82564,19,39
82565,19,38
82566,19,39
82567,19,39
82568,19,40
82569,19,37
82570,19,41
82571,19,38
82572,19,38
82573,19,39
82574,19,38
82575,19,37
82576,19,38
82577,19,38
82578,19,37
82579,19,37
82580,19,38
82581,19,41
82582,19,42
82583,19,39
82584,19,40
82585,19,39
82586,19,39
82587,19,38
82588,19,38
82589,19,40
82590,19,38
82591,19,40
82592,19,38
82593,19,41
82594,19,38
82595,19,40
82596,19,39
82597,19,37
82598,19,41
82599,19,38
82600,19,39
82601,19,40
82602,19,38
82603,19,40
82604,19,38
82605,19,39
82606,19,35
82607,19,38
82608,19,37
82609,19,37
82610,19,39
82611,19,38
82612,19,38
82613,19,37
82614,19,41
82615,19,38
82616,19,37
82617,19,38
82618,19,38
82619,19,38
82620,19,40
82621,19,37
82622,19,37
82623,19,38
82624,19,39
82625,19,37
82626,19,41
82627,19,38
82628,19,39
82629,19,37
82630,19,40
82631,19,40
82632,19,38
82633,19,40
82634,19,40
82635,19,39
82636,19,38
82637,19,38
82638,19,38
82639,19,38
82640,19,38
82641,19,37
82642,19,39
82643,19,40
82644,19,40
82645,19,39
82646,19,38
82647,19,42
82648,19,37
82649,19,37
82650,19,38
82651,19,37
82652,19,39
82653,19,38
82654,19,37
82655,19,39
82656,19,39
82657,19,38
82658,19,39
82659,19,36
82660,19,37
82661,19,39
82662,19,38
82663,19,37
82664,19,39
82665,19,36
82666,19,38
82667,19,38
82668,19,40
82669,19,38
82670,19,38
82671,19,42
82672,19,41
82673,19,38
82674,19,37
82675,19,38
82676,19,38
82677,19,37
82678,19,37
82679,19,38
82680,19,39
82681,19,39
82682,19,40
82683,19,37
82684,19,36
82685,19,41
82686,19,39
82687,19,40
82688,19,40
82689,19,37
82690,19,37
82691,19,38
82692,19,36
82693,19,39
82694,19,38
82695,19,37
82696,19,40
82697,19,37
82698,19,37
82699,19,39
82700,19,37
82701,19,37
82702,19,37
82703,19,39
82704,19,39
82705,19,40
82706,19,40
82707,19,38
82708,19,39
82709,19,38
82710,19,37
82711,19,37
82712,19,37
82713,19,40
82714,19,40
82715,19,39
82716,19,38
82717,19,41
82718,19,38
82719,19,37
82720,19,40
82721,19,39
82722,19,38
82723,19,39
82724,19,39
82725,19,38
82726,19,40
82727,19,39
82728,19,38
82729,19,39
82730,19,39
82731,19,36
82732,19,39
82733,19,39
82734,19,36
82735,19,37
82736,19,38
82737,19,39
82738,19,41
82739,19,39
82740,19,38
82741,19,40
82742,19,38
82743,19,37
82744,19,40
82745,19,38
82746,19,39
82747,19,40
82748,19,38
82749,19,36
82750,19,38
82751,19,39
82752,19,38
82753,19,40
82754,19,40
82755,19,36
82756,19,40
82757,19,38
82758,19,40
82759,19,40
82760,19,38
82761,19,41
82762,19,40
82763,19,40
82764,19,38
82765,19,36
82766,19,38
82767,19,39
82768,19,38
82769,19,38
82770,19,38
82771,19,39
82772,19,39
82773,19,38
82774,19,40
82775,19,38
82776,19,39
82777,19,40
82778,19,39
82779,19,38
82780,19,40
82781,19,38
82782,19,38
82783,19,40
82784,19,38
82785,19,38
82786,19,40
82787,19,39
82788,19,40
82789,19,38
82790,19,37
82791,19,37
82792,19,40
82793,19,40
82794,19,38
82795,19,40
82796,19,37
82797,19,38
82798,19,37
82799,19,38
82800,19,39
82801,19,38
82802,19,39
82803,19,40
82804,19,38
82805,19,42
82806,19,38
82807,19,37
82808,19,39
82809,19,37
82810,19,39
82811,19,40
82812,19,42
82813,19,39
82814,19,40
82815,19,38
82816,19,36
82817,19,39
82818,19,39
82819,19,38
82820,19,39
82821,19,37
82822,19,39
82823,19,39
82824,19,38
82825,19,39
82826,19,38
82827,19,39
82828,19,38
82829,19,39
82830,19,37
82831,19,39
82832,19,40
82833,19,37
82834,19,37
82835,19,38
82836,19,40
82837,19,37
82838,19,39
82839,19,39
82840,19,38
82841,19,41
82842,19,38
82843,19,39
82844,19,38
82845,19,40
82846,19,38
82847,19,39
82848,19,40
82849,19,39
82850,19,38
82851,19,38
82852,19,38
82853,19,38
82854,19,38
82855,19,39
82856,19,38
82857,19,39
82858,19,39
82859,19,38
82860,19,42
82861,19,38
82862,19,38
82863,19,37
82864,19,39
82865,19,41
82866,19,38
82867,19,38
82868,19,37
82869,19,40
82870,19,37
82871,19,39
82872,19,38
82873,19,41
82874,19,38
82875,19,37
82876,19,39
82877,19,38
82878,19,39
82879,19,39
82880,19,39
82881,19,39
82882,19,41
82883,19,42
82884,19,38
82885,19,39
82886,19,38
82887,19,38
82888,19,39
82889,19,40
82890,19,38
82891,19,40
82892,19,40
82893,19,39
82894,19,40
82895,19,40
82896,19,38
82897,19,40
82898,19,39
82899,19,39
82900,19,40
82901,19,38
82902,19,37
82903,19,40
82904,19,36
82905,19,39
82906,19,39
82907,19,39
82908,19,40
82909,19,38
82910,19,40
82911,19,36
82912,19,39
82913,19,40
82914,19,37
82915,19,36
82916,19,37
82917,19,37
82918,19,38
82919,19,39
82920,19,38
82921,19,39
82922,19,38
82923,19,38
82924,19,37
82925,19,39
82926,19,39
82927,19,38
82928,19,37
82929,19,37
82930,19,37
82931,19,42
82932,19,42
82933,19,38
82934,19,37
82935,19,38
82936,19,40
82937,19,40
82938,19,38
82939,19,38
82940,19,40
82941,19,38
82942,19,39
82943,19,42
82944,19,42
82945,19,39
82946,19,38
82947,19,39
82948,19,37
82949,19,37
82950,19,38
82951,19,38
82952,19,38
82953,19,38
82954,19,38
82955,19,40
82956,19,38
82957,19,38
82958,19,39
82959,19,39
82960,19,38
82961,19,38
82962,19,40
82963,19,39
82964,19,38
82965,19,39
82966,19,38
82967,19,39
82968,19,40
82969,19,40
82970,19,38
82971,19,38
82972,19,40
82973,19,38
82974,19,38
82975,19,42
82976,19,41
82977,19,39
82978,19,38
82979,19,41
82980,19,35
82981,19,39
82982,19,39
82983,19,39
82984,19,37
82985,19,37
82986,19,37
82987,19,38
82988,19,40
82989,19,39
82990,19,36
82991,19,40
82992,19,38
82993,19,39
82994,19,39
82995,19,39
82996,19,38
82997,19,38
82998,19,38
82999,19,38
83000,19,38
83001,19,38
83002,19,39
83003,19,39
83004,19,37
83005,19,41
83006,19,38
83007,19,39
83008,19,39
83009,19,38
83010,19,38
83011,19,37
83012,19,39
83013,19,37
83014,19,39
83015,19,39
83016,19,42
83017,19,37
83018,19,38
83019,19,38
83020,19,38
83021,19,38
83022,19,37
83023,19,40
83024,19,37
83025,19,37
83026,19,39
83027,19,39
83028,19,38
83029,19,37
83030,19,39
83031,19,39
83032,19,42
83033,19,40
83034,19,39
83035,19,38
83036,19,41
83037,19,37
83038,19,38
83039,19,41
83040,19,39
83041,19,38
83042,19,39
83043,19,38
83044,19,38
83045,19,39
83046,19,38
83047,19,38
83048,19,39
83049,19,38
83050,19,39
83051,19,40
83052,19,39
83053,19,38
83054,19,39
83055,19,40
83056,19,38
83057,19,40
83058,19,41
83059,19,37
83060,19,39
83061,19,38
83062,19,40
83063,19,38
83064,19,38
83065,19,37
83066,19,40
83067,19,38
83068,19,36
83069,19,37
83070,19,38
83071,19,41
83072,19,39
83073,19,40
83074,19,38
83075,19,40
83076,19,36
83077,19,37
83078,19,39
83079,19,37
83080,19,39
83081,19,38
83082,19,38
83083,19,37
83084,19,39
83085,19,39
83086,19,40
83087,19,35
83088,19,38
83089,19,39
83090,19,39
83091,19,38
83092,19,37
83093,19,36
83094,19,38
83095,19,38
83096,19,39
83097,19,36
83098,19,40
83099,19,39
83100,19,38
83101,19,39
83102,19,38
83103,19,40
83104,19,38
83105,19,39
83106,19,39
83107,19,39
83108,19,38
83109,19,38
83110,19,40
83111,19,37
83112,19,37
83113,19,39
83114,19,40
83115,19,38
83116,19,36
83117,19,38
83118,19,38
83119,19,39
83120,19,38
83121,19,39
83122,19,37
83123,19,38
83124,19,38
83125,19,39
83126,19,39
83127,19,38
83128,19,37
83129,19,37
83130,19,41
83131,19,39
83132,19,38
83133,19,37
83134,19,39
83135,19,38
83136,19,42
83137,19,39
83138,19,37
83139,19,37
83140,19,37
83141,19,41
83142,19,38
83143,19,37
83144,19,40
83145,19,39
83146,19,39
83147,19,36
83148,19,39
83149,19,41
83150,19,40
83151,19,38
83152,19,37
83153,19,36
83154,19,37
83155,19,37
83156,19,39
83157,19,36
83158,19,39
83159,19,39
83160,19,40
83161,19,39
83162,19,39
83163,19,39
83164,19,37
83165,19,37
83166,19,39
83167,19,39
83168,19,37
83169,19,39
83170,19,41
83171,19,39
83172,19,36
83173,19,39
83174,19,39
83175,19,40
83176,19,36
83177,19,38
83178,19,37
83179,19,42
83180,19,38
83181,19,39
83182,19,38
83183,19,38
83184,19,41
83185,19,38
83186,19,36
83187,19,39
83188,19,40
83189,19,38
83190,19,38
83191,19,36
83192,19,38
83193,19,38
83194,19,36
83195,19,40
83196,19,38
83197,19,39
83198,19,39
83199,19,40
83200,19,39
83201,19,39
83202,19,39
83203,19,39
83204,19,39
83205,19,37
83206,19,39
83207,19,41
83208,19,39
83209,19,38
83210,19,37
83211,19,39
83212,19,38
83213,19,40
83214,19,41
83215,19,38
83216,19,37
83217,19,39
83218,19,37
83219,19,38
83220,19,41
83221,19,41
83222,19,38
83223,19,38
83224,19,40
83225,19,40
83226,19,36
83227,19,40
83228,19,38
83229,19,36
83230,19,38
83231,19,39
83232,19,38
83233,19,38
83234,19,37
83235,19,38
83236,19,38
83237,19,37
83238,19,37
83239,19,38
83240,19,39
83241,19,38
83242,19,39
83243,19,39
83244,19,38
83245,19,38
83246,19,40
83247,19,40
83248,19,38
83249,19,40
83250,19,36
83251,19,42
83252,19,37
83253,19,40
83254,19,38
83255,19,42
83256,19,37
83257,19,40
83258,19,37
83259,19,39
83260,19,37
83261,19,39
83262,19,41
83263,19,40
83264,19,37
83265,19,40
83266,19,41
83267,19,40
83268,19,40
83269,19,39
83270,19,37
83271,19,39
83272,19,38
83273,19,40
83274,19,38
83275,19,39
83276,19,39
83277,19,37
83278,19,37
83279,19,38
83280,19,38
83281,19,38
83282,19,41
83283,19,39
83284,19,37
83285,19,37
83286,19,39
83287,19,38
83288,19,38
83289,19,39
83290,19,38
83291,19,38
83292,19,41
83293,19,38
83294,19,40
83295,19,37
83296,19,42
83297,19,40
83298,19,40
83299,19,38
83300,19,41
83301,19,39
83302,19,38
83303,19,40
83304,19,38
83305,19,39
83306,19,39
83307,19,38
83308,19,39
83309,19,37
83310,19,38
83311,19,36
83312,19,39
83313,19,38
83314,19,40
83315,19,38
83316,19,37
83317,19,38
83318,19,37
83319,19,37
83320,19,37
83321,19,39
83322,19,39
83323,19,38
83324,19,38
83325,19,38
83326,19,38
83327,19,40
83328,19,39
83329,19,39
83330,19,39
83331,19,39
83332,19,39
83333,19,39
83334,19,40
83335,19,38
83336,19,41
83337,19,40
83338,19,38
83339,19,38
83340,19,39
83341,19,38
83342,19,36
83343,19,37
83344,19,39
83345,19,36
83346,19,39
83347,19,38
83348,19,40
83349,19,37
83350,19,38
83351,19,39
83352,19,40
83353,19,41
83354,19,37
83355,19,41
83356,19,39
83357,19,39
83358,19,40
83359,19,39
83360,19,38
83361,19,37
83362,19,39
83363,19,40
83364,19,39
83365,19,38
83366,19,38
83367,19,37
83368,19,38
83369,19,37
83370,19,38
83371,19,38
83372,19,38
83373,19,39
83374,19,40
83375,19,39
83376,19,38
83377,19,39
83378,19,40
83379,19,39
83380,19,38
83381,19,39
83382,19,39
83383,19,38
83384,19,39
83385,19,37
83386,19,36
83387,19,39
83388,19,39
83389,19,38
83390,19,37
83391,19,40
83392,19,39
83393,19,39
83394,19,39
83395,19,39
83396,19,38
83397,19,37
83398,19,41
83399,19,38
83400,19,41
83401,19,38
83402,19,40
83403,19,39
83404,19,39
83405,19,38
83406,19,38
83407,19,41
83408,19,39
83409,19,39
83410,19,37
83411,19,39
83412,19,38
83413,19,39
83414,19,38
83415,19,37
83416,19,38
83417,19,38
83418,19,38
83419,19,39
83420,19,41
83421,19,38
83422,19,41
83423,19,40
83424,19,37
83425,19,39
83426,19,39
83427,19,37
83428,19,39
83429,19,38
83430,19,39
83431,19,40
83432,19,41
83433,19,40
83434,19,37
83435,19,39
83436,19,40
83437,19,38
83438,19,37
83439,19,40
83440,19,40
83441,19,39
83442,19,38
83443,19,38
83444,19,39
83445,19,38
83446,19,39
83447,19,41
83448,19,38
83449,19,39
83450,19,37
83451,19,37
83452,19,37
83453,19,38
83454,19,38
83455,19,36
83456,19,40
83457,19,39
83458,19,40
83459,19,37
83460,19,38
83461,19,38
83462,19,38
83463,19,39
83464,19,38
83465,19,39
83466,19,40
83467,19,38
83468,19,39
83469,19,40
83470,19,38
83471,19,38
83472,19,38
83473,19,39
83474,19,38
83475,19,38
83476,19,38
83477,19,38
83478,19,38
83479,19,38
83480,19,40
83481,19,36
83482,19,37
83483,19,41
83484,19,37
83485,19,37
83486,19,39
83487,19,39
83488,19,39
83489,19,38
83490,19,38
83491,19,40
83492,19,37
83493,19,39
83494,19,38
83495,19,38
83496,19,39
83497,19,38
83498,19,39
83499,19,38
83500,19,38
83501,19,39
83502,19,38
83503,19,38
83504,19,40
83505,19,38
83506,19,39
83507,19,39
83508,19,38
83509,19,39
83510,19,37
83511,19,37
83512,19,41
83513,19,41
83514,19,38
83515,19,41
83516,19,37
83517,19,37
83518,19,38
83519,19,40
83520,19,39
83521,19,39
83522,19,37
83523,19,40
83524,19,38
83525,19,38
83526,19,39
83527,19,40
83528,19,39
83529,19,39
83530,19,37
83531,19,40
83532,19,37
83533,19,38
83534,19,39
83535,19,39
83536,19,38
83537,19,42
83538,19,37
83539,19,38
83540,19,41
83541,19,38
83542,19,41
83543,19,37
83544,19,37
83545,19,39
83546,19,38
83547,19,39
83548,19,38
83549,19,40
83550,19,39
83551,19,38
83552,19,41
83553,19,39
83554,19,38
83555,19,40
83556,19,41
83557,19,38
83558,19,38
83559,19,39
83560,19,39
83561,19,37
83562,19,38
83563,19,38
83564,19,39
83565,19,39
83566,19,38
83567,19,38
83568,19,40
83569,19,37
83570,19,37
83571,19,37
83572,19,37
83573,19,39
83574,19,39
83575,19,38
83576,19,40
83577,19,38
83578,19,41
83579,19,38
83580,19,39
83581,19,37
83582,19,38
83583,19,37
83584,19,39
83585,19,37
83586,19,39
83587,19,39
83588,19,39
83589,19,37
83590,19,38
83591,19,36
83592,19,40
83593,19,40
83594,19,41
83595,19,38
83596,19,40
83597,19,37
83598,19,38
83599,19,38
83600,19,37
83601,19,39
83602,19,38
83603,19,40
83604,19,37
83605,19,37
83606,19,38
83607,19,36
83608,19,37
83609,19,37
83610,19,37
83611,19,38
83612,19,39
83613,19,38
83614,19,38
83615,19,40
83616,19,38
83617,19,37
83618,19,37
83619,19,40
83620,19,41
83621,19,38
83622,19,39
83623,19,39
83624,19,40
83625,19,38
83626,19,39
83627,19,38
83628,19,39
83629,19,38
83630,19,39
83631,19,37
83632,19,37
83633,19,39
83634,19,38
83635,19,37
83636,19,38
83637,19,38
83638,19,37
83639,19,38
83640,19,39
83641,19,38
83642,19,39
83643,19,41
83644,19,40
83645,19,41
83646,19,37
83647,19,38
83648,19,38
83649,19,38
83650,19,38
83651,19,41
83652,19,38
83653,19,39
83654,19,40
83655,19,40
83656,19,38
83657,19,42
83658,19,39
83659,19,40
83660,19,40
83661,19,40
83662,19,40
83663,19,39
83664,19,38
83665,19,37
83666,19,39
83667,19,37
83668,19,37
83669,19,42
83670,19,41
83671,19,38
83672,19,36
83673,19,40
83674,19,40
83675,19,38
83676,19,40
83677,19,41
83678,19,37
83679,19,39
83680,19,40
83681,19,39
83682,19,37
83683,19,37
83684,19,39
83685,19,39
83686,19,39
83687,19,38
83688,19,38
83689,19,38
83690,19,38
83691,19,40
83692,19,42
83693,19,38
83694,19,40
83695,19,38
83696,19,40
83697,19,41
83698,19,38
83699,19,39
83700,19,39
83701,19,41
83702,19,37
83703,19,37
83704,19,40
83705,19,39
83706,19,41
83707,19,38
83708,19,39
83709,19,38
83710,19,40
83711,19,39
83712,19,37
83713,19,38
83714,19,40
83715,19,41
83716,19,39
83717,19,39
83718,19,37
83719,19,39
83720,19,40
83721,19,40
83722,19,39
83723,19,38
83724,19,36
83725,19,39
83726,19,38
83727,19,36
83728,19,39
83729,19,44
83730,19,37
83731,19,40
83732,19,39
83733,19,38
83734,19,40
83735,19,38
83736,19,37
83737,19,37
83738,19,39
83739,19,41
83740,19,38
83741,19,39
83742,19,39
83743,19,40
83744,19,38
83745,19,40
83746,19,40
83747,19,40
83748,19,40
83749,19,39
83750,19,38
83751,19,37
83752,19,41
83753,19,38
83754,19,37
83755,19,43
83756,19,37
83757,19,38
83758,19,36
83759,19,39
83760,19,38
83761,19,37
83762,19,38
83763,19,38
83764,19,41
83765,19,39
83766,19,39
83767,19,38
83768,19,41
83769,19,40
83770,19,38
83771,19,39
83772,19,37
83773,19,40
83774,19,37
83775,19,39
83776,19,38
83777,19,41
83778,19,40
83779,19,38
83780,19,39
83781,19,38
83782,19,37
83783,19,39
83784,19,40
83785,19,36
83786,19,41
83787,19,38
83788,19,39
83789,19,38
83790,19,38
83791,19,36
83792,19,37
83793,19,42
83794,19,37
83795,19,38
83796,19,39
83797,19,38
83798,19,39
83799,19,37
83800,19,38
83801,19,37
83802,19,38
83803,19,40
83804,19,38
83805,19,39
83806,19,38
83807,19,38
83808,19,40
83809,19,40
83810,19,39
83811,19,38
83812,19,37
83813,19,37
83814,19,39
83815,19,39
83816,19,38
83817,19,40
83818,19,40
83819,19,39
83820,19,40
83821,19,39
83822,19,38
83823,19,37
83824,19,37
83825,19,39
83826,19,39
83827,19,38
83828,19,40
83829,19,38
83830,19,39
83831,19,39
83832,19,39
83833,19,38
83834,19,40
83835,19,38
83836,19,40
83837,19,37
83838,19,39
83839,19,40
83840,19,38
83841,19,40
83842,19,40
83843,19,39
83844,19,39
83845,19,38
83846,19,39
83847,19,37
83848,19,40
83849,19,38
83850,19,39
83851,19,40
83852,19,40
83853,19,40
83854,19,39
83855,19,39
83856,19,39
83857,19,37
83858,19,40
83859,19,39
83860,19,41
83861,19,39
83862,19,38
83863,19,38
83864,19,39
83865,19,38
83866,19,40
83867,19,38
83868,19,38
83869,19,39
83870,19,40
83871,19,39
83872,19,39
83873,19,38
83874,19,41
83875,19,40
83876,19,38
83877,19,38
83878,19,39
83879,19,38
83880,19,40
83881,19,39
83882,19,41
83883,19,37
83884,19,42
83885,19,39
83886,19,37
83887,19,37
83888,19,41
83889,19,39
83890,19,39
83891,19,41
83892,19,39
83893,19,40
83894,19,39
83895,19,38
83896,19,38
83897,19,39
83898,19,38
83899,19,40
83900,19,39
83901,19,39
83902,19,37
83903,19,37
83904,19,37
83905,19,39
83906,19,39
83907,19,38
83908,19,38
83909,19,38
83910,19,38
83911,19,39
83912,19,39
83913,19,38
83914,19,38
83915,19,38
83916,19,39
83917,19,42
83918,19,40
83919,19,39
83920,19,39
83921,19,37
83922,19,37
83923,19,39
83924,19,38
83925,19,39
83926,19,38
83927,19,39
83928,19,39
83929,19,38
83930,19,38
83931,19,38
83932,19,37
83933,19,38
83934,19,43
83935,19,38
83936,19,38
83937,19,39
83938,19,40
83939,19,38
83940,19,37
83941,19,40
83942,19,39
83943,19,40
83944,19,38
83945,19,40
83946,19,41
83947,19,38
83948,19,36
83949,19,37
83950,19,39
83951,19,40
83952,19,37
83953,19,38
83954,19,36
83955,19,36
83956,19,39
83957,19,38
83958,19,38
83959,19,40
83960,19,38
83961,19,38
83962,19,41
83963,19,39
83964,19,40
83965,19,39
83966,19,40
83967,19,39
83968,19,39
83969,19,38
83970,19,39
83971,19,38
83972,19,37
83973,19,38
83974,19,38
83975,19,39
83976,19,39
83977,19,39
83978,19,39
83979,19,38
83980,19,38
83981,19,37
83982,19,39
83983,19,38
83984,19,37
83985,19,37
83986,19,40
83987,19,40
83988,19,37
83989,19,41
83990,19,39
83991,19,38
83992,19,39
83993,19,43
83994,19,38
83995,19,39
83996,19,38
83997,19,39
83998,19,38
83999,19,38
84000,19,39
84001,19,39
84002,19,38
84003,19,40
84004,19,41
84005,19,39
84006,19,39
84007,19,38
84008,19,38
84009,19,39
84010,19,38
84011,19,39
84012,19,36
84013,19,40
84014,19,37
84015,19,37
84016,19,38
84017,19,39
84018,19,38
84019,19,41
84020,19,38
84021,19,39
84022,19,39
84023,19,40
84024,19,37
84025,19,39
84026,19,38
84027,19,39
84028,19,38
84029,19,40
84030,19,41
84031,19,37
84032,19,37
84033,19,39
84034,19,41
84035,19,40
84036,19,37
84037,19,38
84038,19,37
84039,19,38
84040,19,37
84041,19,38
84042,19,41
84043,19,38
84044,19,39
84045,19,38
84046,19,38
84047,19,37
84048,19,39
84049,19,38
84050,19,38
84051,19,40
84052,19,40
84053,19,38
84054,19,41
84055,19,37
84056,19,39
84057,19,38
84058,19,40
84059,19,39
84060,19,38
84061,19,40
84062,19,39
84063,19,40
84064,19,39
84065,19,40
84066,19,40
84067,19,39
84068,19,40
84069,19,39
84070,19,40
84071,19,39
84072,19,37
84073,19,37
84074,19,38
84075,19,37
84076,19,39
84077,19,39
84078,19,42
84079,19,37
84080,19,41
84081,19,38
84082,19,38
84083,19,39
84084,19,38
84085,19,38
84086,19,39
84087,19,37
84088,19,39
84089,19,39
84090,19,38
84091,19,41
84092,19,39
84093,19,39
84094,19,37
84095,19,40
84096,19,37
84097,19,37
84098,19,39
84099,19,38
84100,19,37
84101,19,39
84102,19,41
84103,19,38
84104,19,40
84105,19,36
84106,19,40
84107,19,40
84108,19,39
84109,19,39
84110,19,39
84111,19,38
84112,19,37
84113,19,38
84114,19,40
84115,19,37
84116,19,38
84117,19,38
84118,19,38
84119,19,40
84120,19,38
84121,19,38
84122,19,40
84123,19,37
84124,19,40
84125,19,39
84126,19,38
84127,19,41
84128,19,39
84129,19,40
84130,19,40
84131,19,39
84132,19,39
84133,19,38
84134,19,38
84135,19,40
84136,19,35
84137,19,38
84138,19,38
84139,19,37
84140,19,37
84141,19,37
84142,19,38
84143,19,36
84144,19,39
84145,19,40
84146,19,38
84147,19,39
84148,19,39
84149,19,38
84150,19,39
84151,19,38
84152,19,39
84153,19,38
84154,19,40
84155,19,38
84156,19,38
84157,19,40
84158,19,38
84159,19,38
84160,19,37
84161,19,37
84162,19,38
84163,19,41
84164,19,36
84165,19,40
84166,19,41
84167,19,37
84168,19,38
84169,19,41
84170,19,37
84171,19,39
84172,19,41
84173,19,41
84174,19,41
84175,19,39
84176,19,38
84177,19,37
84178,19,36
84179,19,38
84180,19,38
84181,19,38
84182,19,39
84183,19,37
84184,19,38
84185,19,38
84186,19,38
84187,19,38
84188,19,39
84189,19,39
84190,19,37
84191,19,37
84192,19,38
84193,19,38
84194,19,37
84195,19,37
84196,19,39
84197,19,40
84198,19,38
84199,19,37
84200,19,42
84201,19,38
84202,19,37
84203,19,39
84204,19,39
84205,19,40
84206,19,38
84207,19,40
84208,19,38
84209,19,38
84210,19,40
84211,19,38
84212,19,39
84213,19,39
84214,19,39
84215,19,38
84216,19,41
84217,19,38
84218,19,38
84219,19,39
84220,19,38
84221,19,41
84222,19,38
84223,19,40
84224,19,38
84225,19,38
84226,19,39
84227,19,39
84228,19,39
84229,19,36
84230,19,37
84231,19,38
84232,19,37
84233,19,39
84234,19,39
84235,19,38
84236,19,37
84237,19,40
84238,19,41
84239,19,37
84240,19,37
84241,19,40
84242,19,40
84243,19,37
84244,19,38
84245,19,38
84246,19,40
84247,19,37
84248,19,39
84249,19,38
84250,19,38
84251,19,37
84252,19,38
84253,19,40
84254,19,40
84255,19,39
84256,19,37
84257,19,36
84258,19,39
84259,19,40
84260,19,39
84261,19,38
84262,19,37
84263,19,40
84264,19,39
84265,19,39
84266,19,39
84267,19,40
84268,19,39
84269,19,38
84270,19,40
84271,19,40
84272,19,37
84273,19,38
84274,19,37
84275,19,38
84276,19,39
84277,19,37
84278,19,39
84279,19,39
84280,19,38
84281,19,39
84282,19,39
84283,19,41
84284,19,38
84285,19,39
84286,19,38
84287,19,40
84288,19,39
84289,19,38
84290,19,39
84291,19,38
84292,19,40
84293,19,39
84294,19,39
84295,19,39
84296,19,37
84297,19,40
84298,19,40
84299,19,42
84300,19,38
84301,19,37
84302,19,37
84303,19,37
84304,19,40
84305,19,39
84306,19,39
84307,19,39
84308,19,39
84309,19,39
84310,19,38
84311,19,40
84312,19,40
84313,19,38
84314,19,38
84315,19,40
84316,19,37
84317,19,37
84318,19,38
84319,19,39
84320,19,39
84321,19,37
84322,19,38
84323,19,38
84324,19,40
84325,19,36
84326,19,40
84327,19,39
84328,19,42
84329,19,37
84330,19,39
84331,19,38
84332,19,37
84333,19,39
84334,19,38
84335,19,39
84336,19,39
84337,19,37
84338,19,38
84339,19,39
84340,19,39
84341,19,38
84342,19,39
84343,19,38
84344,19,38
84345,19,37
84346,19,40
84347,19,38
84348,19,38
84349,19,39
84350,19,36
84351,19,37
84352,19,37
84353,19,40
84354,19,38
84355,19,39
84356,19,36
84357,19,40
84358,19,39
84359,19,39
84360,19,39
84361,19,38
84362,19,39
84363,19,37
84364,19,37
84365,19,40
84366,19,39
84367,19,38
84368,19,40
84369,19,38
84370,19,41
84371,19,39
84372,19,41
84373,19,39
84374,19,38
84375,19,36
84376,19,37
84377,19,39
84378,19,40
84379,19,40
84380,19,37
84381,19,38
84382,19,38
84383,19,37
84384,19,40
84385,19,39
84386,19,39
84387,19,38
84388,19,38
84389,19,38
84390,19,40
84391,19,38
84392,19,37
84393,19,38
84394,19,39
84395,19,42
84396,19,42
84397,19,39
84398,19,40
84399,19,38
84400,19,40
84401,19,37
84402,19,40
84403,19,42
84404,19,41
84405,19,38
84406,19,39
84407,19,39
84408,19,38
84409,19,39
84410,19,39
84411,19,40
84412,19,36
84413,19,39
84414,19,39
84415,19,39
84416,19,39
84417,19,39
84418,19,37
84419,19,37
84420,19,39
84421,19,39
84422,19,36
84423,19,40
84424,19,40
84425,19,39
84426,19,37
84427,19,39
84428,19,40
84429,19,38
84430,19,39
84431,19,40
84432,19,38
84433,19,39
84434,19,37
84435,19,40
84436,19,37
84437,19,37
84438,19,38
84439,19,37
84440,19,38
84441,19,38
84442,19,40
84443,19,38
84444,19,40
84445,19,38
84446,19,38
84447,19,38
84448,19,38
84449,19,39
84450,19,39
84451,19,38
84452,19,39
84453,19,39
84454,19,38
84455,19,39
84456,19,38
84457,19,42
84458,19,38
84459,19,39
84460,19,37
84461,19,38
84462,19,41
84463,19,37
84464,19,44
84465,19,39
84466,19,39
84467,19,41
84468,19,41
84469,19,39
84470,19,39
84471,19,41
84472,19,36
84473,19,39
84474,19,39
84475,19,38
84476,19,38
84477,19,39
84478,19,41
84479,19,37
84480,19,39
84481,19,37
84482,19,39
84483,19,38
84484,19,39
84485,19,38
84486,19,40
84487,19,39
84488,19,37
84489,19,36
84490,19,38
84491,19,38
84492,19,39
84493,19,38
84494,19,37
84495,19,40
84496,19,38
84497,19,38
84498,19,38
84499,19,40
84500,19,38
84501,19,38
84502,19,39
84503,19,39
84504,19,39
84505,19,41
84506,19,40
84507,19,40
84508,19,37
84509,19,37
84510,19,39
84511,19,42
84512,19,37
84513,19,39
84514,19,37
84515,19,38
84516,19,37
84517,19,39
84518,19,38
84519,19,39
84520,19,39
84521,19,37
84522,19,42
84523,19,39
84524,19,39
84525,19,36
84526,19,39
84527,19,38
84528,19,39
84529,19,39
84530,19,40
84531,19,38
84532,19,40
84533,19,37
84534,19,38
84535,19,40
84536,19,38
84537,19,39
84538,19,38
84539,19,40
84540,19,38
84541,19,37
84542,19,37
84543,19,38
84544,19,37
84545,19,41
84546,19,39
84547,19,38
84548,19,39
84549,19,39
84550,19,37
84551,19,38
84552,19,39
84553,19,38
84554,19,39
84555,19,39
84556,19,39
84557,19,40
84558,19,37
84559,19,39
84560,19,37
84561,19,39
84562,19,38
84563,19,40
84564,19,36
84565,19,39
84566,19,38
84567,19,37
84568,19,40
84569,19,41
84570,19,38
84571,19,38
84572,19,41
84573,19,36
84574,19,39
84575,19,38
84576,19,39
84577,19,39
84578,19,41
84579,19,36
84580,19,40
84581,19,39
84582,19,38
84583,19,38
84584,19,39
84585,19,40
84586,19,37
84587,19,41
84588,19,39
84589,19,37
84590,19,38
84591,19,39
84592,19,36
84593,19,39
84594,19,38
84595,19,36
84596,19,41
84597,19,39
84598,19,39
84599,19,38
84600,19,38
84601,19,38
84602,19,38
84603,19,37
84604,19,39
84605,19,39
84606,19,38
84607,19,40
84608,19,38
84609,19,37
84610,19,39
84611,19,37
84612,19,40
84613,19,38
84614,19,37
84615,19,39
84616,19,39
84617,19,39
84618,19,39
84619,19,41
84620,19,38
84621,19,38
84622,19,39
84623,19,39
84624,19,38
84625,19,40
84626,19,43
84627,19,38
84628,19,41
84629,19,38
84630,19,40
84631,19,40
84632,19,39
84633,19,37
84634,19,39
84635,19,37
84636,19,38
84637,19,39
84638,19,38
84639,19,37
84640,19,39
84641,19,38
84642,19,38
84643,19,38
84644,19,38
84645,19,40
84646,19,39
84647,19,38
84648,19,38
84649,19,38
84650,19,42
84651,19,37
84652,19,39
84653,19,37
84654,19,39
84655,19,38
84656,19,39
84657,19,40
84658,19,36
84659,19,38
84660,19,37
84661,19,40
84662,19,37
84663,19,40
84664,19,40
84665,19,37
84666,19,41
84667,19,40
84668,19,40
84669,19,37
84670,19,38
84671,19,38
84672,19,40
84673,19,38
84674,19,39
84675,19,39
84676,19,39
84677,19,38
84678,19,38
84679,19,39
84680,19,41
84681,19,39
84682,19,38
84683,19,37
84684,19,38
84685,19,40
84686,19,38
84687,19,38
84688,19,38
84689,19,38
84690,19,37
84691,19,39
84692,19,39
84693,19,38
84694,19,37
84695,19,40
84696,19,38
84697,19,38
84698,19,38
84699,19,41
84700,19,40
84701,19,40
84702,19,38
84703,19,37
84704,19,37
84705,19,38
84706,19,41
84707,19,42
84708,19,38
84709,19,38
84710,19,39
84711,19,37
84712,19,38
84713,19,40
84714,19,38
84715,19,39
84716,19,39
84717,19,37
84718,19,38
84719,19,42
84720,19,39
84721,19,37
84722,19,39
84723,19,38
84724,19,37
84725,19,39
84726,19,37
84727,19,37
84728,19,36
84729,19,37
84730,19,39
84731,19,37
84732,19,38
84733,19,42
84734,19,39
84735,19,38
84736,19,37
84737,19,39
84738,19,38
84739,19,40
84740,19,36
84741,19,37
84742,19,39
84743,19,39
84744,19,39
84745,19,41
84746,19,39
84747,19,38
84748,19,39
84749,19,40
84750,19,38
84751,19,37
84752,19,39
84753,19,40
84754,19,38
84755,19,38
84756,19,38
84757,19,37
84758,19,38
84759,19,37
84760,19,42
84761,19,39
84762,19,37
84763,19,38
84764,19,38
84765,19,39
84766,19,39
84767,19,38
84768,19,38
84769,19,40
84770,19,40
84771,19,39
84772,19,38
84773,19,41
84774,19,41
84775,19,39
84776,19,39
84777,19,36
84778,19,37
84779,19,37
84780,19,38
84781,19,38
84782,19,40
84783,19,38
84784,19,38
84785,19,39
84786,19,38
84787,19,41
84788,19,39
84789,19,39
84790,19,38
84791,19,39
84792,19,39
84793,19,36
84794,19,41
84795,19,40
84796,19,36
84797,19,39
84798,19,37
84799,19,39
84800,19,37
84801,19,36
84802,19,41
84803,19,40
84804,19,40
84805,19,39
84806,19,38
84807,19,40
84808,19,37
84809,19,39
84810,19,37
84811,19,39
84812,19,39
84813,19,39
84814,19,38
84815,19,39
84816,19,40
84817,19,40
84818,19,38
84819,19,39
84820,19,38
84821,19,39
84822,19,39
84823,19,37
84824,19,37
84825,19,38
84826,19,37
84827,19,39
84828,19,38
84829,19,39
84830,19,37
84831,19,39
84832,19,39
84833,19,38
84834,19,37
84835,19,39
84836,19,39
84837,19,39
84838,19,39
84839,19,39
84840,19,39
84841,19,38
84842,19,39
84843,19,39
84844,19,39
84845,19,39
84846,19,39
84847,19,37
84848,19,37
84849,19,42
84850,19,38
84851,19,38
84852,19,38
84853,19,39
84854,19,39
84855,19,41
84856,19,41
84857,19,39
84858,19,36
84859,19,38
84860,19,38
84861,19,38
84862,19,42
84863,19,39
84864,19,40
84865,19,38
84866,19,39
84867,19,39
84868,19,40
84869,19,39
84870,19,38
84871,19,38
84872,19,40
84873,19,38
84874,19,42
84875,19,39
84876,19,39
84877,19,38
84878,19,38
84879,19,38
84880,19,36
84881,19,38
84882,19,38
84883,19,37
84884,19,38
84885,19,37
84886,19,38
84887,19,39
84888,19,37
84889,19,39
84890,19,41
84891,19,37
84892,19,39
84893,19,37
84894,19,38
84895,19,40
84896,19,38
84897,19,39
84898,19,37
84899,19,38
84900,19,40
84901,19,38
84902,19,40
84903,19,40
84904,19,39
84905,19,40
84906,19,38
84907,19,39
84908,19,39
84909,19,40
84910,19,37
84911,19,40
84912,19,38
84913,19,39
84914,19,39
84915,19,39
84916,19,38
84917,19,39
84918,19,40
84919,19,38
84920,19,42
84921,19,38
84922,19,38
84923,19,37
84924,19,41
84925,19,40
84926,19,39
84927,19,39
84928,19,41
84929,19,41
84930,19,38
84931,19,39
84932,19,38
84933,19,37
84934,19,37
84935,19,40
84936,19,39
84937,19,39
84938,19,38
84939,19,38
84940,19,41
84941,19,40
84942,19,39
84943,19,39
84944,19,38
84945,19,38
84946,19,37
84947,19,42
84948,19,36
84949,19,37
84950,19,38
84951,19,36
84952,19,38
84953,19,38
84954,19,39
84955,19,41
84956,19,40
84957,19,37
84958,19,38
84959,19,40
84960,19,36
84961,19,39
84962,19,39
84963,19,40
84964,19,38
84965,19,39
84966,19,38
84967,19,40
84968,19,37
84969,19,40
84970,19,40
84971,19,37
84972,19,40
84973,19,39
84974,19,37
84975,19,37
84976,19,39
84977,19,38
84978,19,40
84979,19,39
84980,19,40
84981,19,37
84982,19,38
84983,19,38
84984,19,40
84985,19,38
84986,19,41
84987,19,40
84988,19,38
84989,19,41
84990,19,39
84991,19,39
84992,19,38
84993,19,39
84994,19,38
84995,19,39
84996,19,41
84997,19,40
84998,19,40
84999,19,38
85000,19,40
85001,19,39
85002,19,38
85003,19,37
85004,19,38
85005,19,39
85006,19,40
85007,19,39
85008,19,37
85009,19,41
85010,19,40
85011,19,39
85012,19,38
85013,19,37
85014,19,39
85015,19,39
85016,19,38
85017,19,41
85018,19,37
85019,19,39
85020,19,37
85021,19,37
85022,19,38
85023,19,41
85024,19,38
85025,19,39
85026,19,39
85027,19,39
85028,19,37
85029,19,38
85030,19,40
85031,19,38
85032,19,39
85033,19,37
85034,19,40
85035,19,39
85036,19,38
85037,19,39
85038,19,39
85039,19,39
85040,19,40
85041,19,38
85042,19,38
85043,19,37
85044,19,40
85045,19,39
85046,19,38
85047,19,38
85048,19,40
85049,19,39
85050,19,41
85051,19,41
85052,19,39
85053,19,38
85054,19,38
85055,19,38
85056,19,37
85057,19,38
85058,19,39
85059,19,39
85060,19,39
85061,19,39
85062,19,40
85063,19,40
85064,19,38
85065,19,39
85066,19,38
85067,19,39
85068,19,37
85069,19,39
85070,19,37
85071,19,40
85072,19,37
85073,19,38
85074,19,39
85075,19,41
85076,19,37
85077,19,38
85078,19,39
85079,19,39
85080,19,39
85081,19,40
85082,19,40
85083,19,38
85084,19,37
85085,19,40
85086,19,41
85087,19,38
85088,19,38
85089,19,39
85090,19,39
85091,19,40
85092,19,39
85093,19,39
85094,19,39
85095,19,39
85096,19,39
85097,19,39
85098,19,39
85099,19,38
85100,19,40
85101,19,37
85102,19,40
85103,19,39
85104,19,37
85105,19,38
85106,19,37
85107,19,40
85108,19,39
85109,19,38
85110,19,38
85111,19,39
85112,19,39
85113,19,38
85114,19,39
85115,19,38
85116,19,37
85117,19,39
85118,19,38
85119,19,40
85120,19,39
85121,19,40
85122,19,39
85123,19,41
85124,19,39
85125,19,41
85126,19,38
85127,19,39
85128,19,38
85129,19,37
85130,19,37
85131,19,39
85132,19,40
85133,19,41
85134,19,38
85135,19,39
85136,19,38
85137,19,38
85138,19,39
85139,19,39
85140,19,38
85141,19,43
85142,19,39
85143,19,37
85144,19,40
85145,19,38
85146,19,39
85147,19,38
85148,19,38
85149,19,39
85150,19,40
85151,19,37
85152,19,38
85153,19,38
85154,19,38
85155,19,38
85156,19,39
85157,19,42
85158,19,36
85159,19,37
85160,19,39
85161,19,36
85162,19,38
85163,19,40
85164,19,38
85165,19,38
85166,19,37
85167,19,39
85168,19,39
85169,19,38
85170,19,38
85171,19,38
85172,19,40
85173,19,37
85174,19,42
85175,19,38
85176,19,39
85177,19,39
85178,19,39
85179,19,38
85180,19,39
85181,19,39
85182,19,37
85183,19,40
85184,19,38
85185,19,37
85186,19,38
85187,19,38
85188,19,40
85189,19,37
85190,19,39
85191,19,41
85192,19,39
85193,19,38
85194,19,38
85195,19,37
85196,19,38
85197,19,39
85198,19,37
85199,19,38
85200,19,39
85201,19,39
85202,19,37
85203,19,37
85204,19,37
85205,19,38
85206,19,38
85207,19,38
85208,19,38
85209,19,41
85210,19,39
85211,19,36
85212,19,39
85213,19,40
85214,19,37
85215,19,38
85216,19,38
85217,19,40
85218,19,41
85219,19,40
85220,19,42
85221,19,36
85222,19,40
85223,19,38
85224,19,39
85225,19,40
85226,19,38
85227,19,37
85228,19,40
85229,19,39
85230,19,38
85231,19,41
85232,19,39
85233,19,37
85234,19,39
85235,19,39
85236,19,36
85237,19,40
85238,19,36
85239,19,40
85240,19,39
85241,19,39
85242,19,38
85243,19,39
85244,19,39
85245,19,39
85246,19,38
85247,19,42
85248,19,40
85249,19,36
85250,19,38
85251,19,40
85252,19,38
85253,19,36
85254,19,36
85255,19,39
85256,19,37
85257,19,37
85258,19,39
85259,19,39
85260,19,38
85261,19,38
85262,19,39
85263,19,40
85264,19,37
85265,19,38
85266,19,39
85267,19,36
85268,19,38
85269,19,38
85270,19,40
85271,19,39
85272,19,38
85273,19,38
85274,19,39
85275,19,37
85276,19,37
85277,19,38
85278,19,38
85279,19,40
85280,19,40
85281,19,39
85282,19,43
85283,19,38
85284,19,38
85285,19,39
85286,19,39
85287,19,40
85288,19,40
85289,19,38
85290,19,38
85291,19,41
85292,19,40
85293,19,39
85294,19,39
85295,19,37
85296,19,39
85297,19,38
85298,19,40
85299,19,38
85300,19,38
85301,19,39
85302,19,37
85303,19,37
85304,19,40
85305,19,39
85306,19,39
85307,19,39
85308,19,40
85309,19,39
85310,19,38
85311,19,39
85312,19,37
85313,19,39
85314,19,38
85315,19,37
85316,19,40
85317,19,39
85318,19,37
85319,19,39
85320,19,38
85321,19,38
85322,19,36
85323,19,38
85324,19,40
85325,19,37
85326,19,40
85327,19,38
85328,19,40
85329,19,36
85330,19,38
85331,19,39
85332,19,40
85333,19,38
85334,19,39
85335,19,40
85336,19,40
85337,19,38
85338,19,39
85339,19,40
85340,19,39
85341,19,37
85342,19,37
85343,19,38
85344,19,38
85345,19,40
85346,19,38
85347,19,40
85348,19,37
85349,19,38
85350,19,38
85351,19,40
85352,19,40
85353,19,41
85354,19,43
85355,19,38
85356,19,38
85357,19,38
85358,19,39
85359,19,38
85360,19,39
85361,19,40
85362,19,38
85363,19,41
85364,19,39
85365,19,41
85366,19,39
85367,19,39
85368,19,40
85369,19,38
85370,19,39
85371,19,39
85372,19,38
85373,19,38
85374,19,39
85375,19,40
85376,19,37
85377,19,38
85378,19,37
85379,19,38
85380,19,38
85381,19,37
85382,19,40
85383,19,39
85384,19,40
85385,19,37
85386,19,37
85387,19,38
85388,19,39
85389,19,38
85390,19,39
85391,19,36
85392,19,39
85393,19,40
85394,19,39
85395,19,37
85396,19,39
85397,19,38
85398,19,37
85399,19,37
85400,19,39
85401,19,37
85402,19,40
85403,19,38
85404,19,37
85405,19,40
85406,19,39
85407,19,38
85408,19,39
85409,19,38
85410,19,40
85411,19,40
85412,19,40
85413,19,39
85414,19,39
85415,19,40
85416,19,36
85417,19,37
85418,19,40
85419,19,38
85420,19,38
85421,19,41
85422,19,39
85423,19,38
85424,19,39
85425,19,38
85426,19,41
85427,19,39
85428,19,38
85429,19,40
85430,19,38
85431,19,38
85432,19,37
85433,19,39
85434,19,38
85435,19,41
85436,19,39
85437,19,36
85438,19,40
85439,19,38
85440,19,39
85441,19,37
85442,19,39
85443,19,38
85444,19,40
85445,19,40
85446,19,41
85447,19,38
85448,19,38
85449,19,37
85450,19,40
85451,19,39
85452,19,39
85453,19,38
85454,19,37
85455,19,39
85456,19,37
85457,19,40
85458,19,39
85459,19,38
85460,19,37
85461,19,39
85462,19,40
85463,19,40
85464,19,43
85465,19,39
85466,19,38
85467,19,40
85468,19,41
85469,19,40
85470,19,40
85471,19,38
85472,19,38
85473,19,38
85474,19,40
85475,19,38
85476,19,38
85477,19,39
85478,19,39
85479,19,39
85480,19,41
85481,19,39
85482,19,40
85483,19,40
85484,19,41
85485,19,40
85486,19,38
85487,19,41
85488,19,39
85489,19,39
85490,19,38
85491,19,37
85492,19,38
85493,19,41
85494,19,36
85495,19,41
85496,19,36
85497,19,41
85498,19,39
85499,19,40
85500,19,37
85501,19,42
85502,19,36
85503,19,38
85504,19,38
85505,19,39
85506,19,38
85507,19,39
85508,19,38
85509,19,37
85510,19,37
85511,19,37
85512,19,37
85513,19,37
85514,19,39
85515,19,40
85516,19,39
85517,19,38
85518,19,38
85519,19,40
85520,19,39
85521,19,39
85522,19,38
85523,19,39
85524,19,40
85525,19,39
85526,19,39
85527,19,37
85528,19,38
85529,19,39
85530,19,40
85531,19,37
85532,19,41
85533,19,38
85534,20,38
85535,19,38
85536,19,39
85537,19,39
85538,19,39
85539,19,38
85540,19,41
85541,19,38
85542,19,38
85543,19,40
85544,19,37
85545,19,39
85546,19,38
85547,19,39
85548,19,37
85549,19,39
85550,19,40
85551,19,40
85552,19,39
85553,19,39
85554,19,38
85555,19,37
85556,19,41
85557,19,38
85558,19,39
85559,19,39
85560,19,37
85561,19,40
85562,19,40
85563,19,38
85564,19,39
85565,19,38
85566,19,38
85567,19,40
85568,19,37
85569,19,38
85570,19,40
85571,19,38
85572,19,39
85573,19,39
85574,19,38
85575,19,38
85576,19,39
85577,19,38
85578,19,37
85579,19,37
85580,19,38
85581,19,40
85582,19,40
85583,19,41
85584,19,38
85585,19,38
85586,19,39
85587,19,39
85588,19,40
85589,19,38
85590,19,39
85591,19,38
85592,19,39
85593,19,41
85594,19,40
85595,19,38
85596,19,38
85597,19,37
85598,19,39
85599,19,40
85600,19,37
85601,19,39
85602,19,36
85603,19,39
85604,19,41
85605,19,39
85606,19,37
85607,19,38
85608,19,38
85609,19,39
85610,19,40
85611,19,37
85612,19,38
85613,19,38
85614,19,38
85615,19,39
85616,19,39
85617,19,39
85618,19,42
85619,19,38
85620,19,39
85621,19,38
85622,19,39
85623,19,42
85624,19,37
85625,19,39
85626,19,38
85627,19,37
85628,19,38
85629,19,39
85630,19,37
85631,19,37
85632,19,38
85633,19,38
85634,19,38
85635,19,39
85636,19,39
85637,19,39
85638,19,39
85639,19,40
85640,19,38
85641,19,38
85642,19,39
85643,19,40
85644,19,38
85645,19,38
85646,19,38
85647,19,40
85648,19,38
85649,19,39
85650,19,39
85651,19,37
85652,19,39
85653,19,38
85654,19,39
85655,19,38
85656,19,38
85657,19,38
85658,19,39
85659,20,39
85660,19,39
85661,19,39
85662,19,39
85663,19,38
85664,19,38
85665,19,37
85666,19,38
85667,19,39
85668,19,39
85669,19,38
85670,19,37
85671,19,35
85672,19,38
85673,19,38
85674,19,40
85675,19,37
85676,19,38
85677,19,39
85678,19,37
85679,19,38
85680,19,38
85681,19,39
85682,19,39
85683,19,40
85684,19,38
85685,19,39
85686,19,39
85687,19,38
85688,19,37
85689,19,38
85690,19,40
85691,19,37
85692,19,37
85693,19,38
85694,19,41
85695,19,39
85696,19,40
85697,19,39
85698,19,39
85699,19,41
85700,19,38
85701,19,37
85702,19,38
85703,19,37
85704,19,40
85705,19,36
85706,19,37
85707,19,41
85708,19,37
85709,19,40
85710,19,39
85711,19,37
85712,19,37
85713,19,39
85714,19,38
85715,19,41
85716,19,36
85717,19,40
85718,19,39
85719,19,41
85720,19,38
85721,19,38
85722,19,40
85723,19,39
85724,19,38
85725,19,38
85726,19,37
85727,19,39
85728,19,40
85729,19,38
85730,19,37
85731,19,38
85732,19,39
85733,19,39
85734,19,39
85735,19,38
85736,19,39
85737,19,37
85738,19,36
85739,19,38
85740,19,38
85741,19,38
85742,19,40
85743,19,37
85744,19,42
85745,19,39
85746,19,39
85747,19,41
85748,19,41
85749,19,39
85750,19,40
85751,19,41
85752,19,39
85753,19,39
85754,19,40
85755,19,38
85756,19,40
85757,19,40
85758,19,37
85759,19,39
85760,19,38
85761,19,40
85762,19,36
85763,19,40
85764,19,39
85765,19,38
85766,19,39
85767,19,38
85768,19,39
85769,19,38
85770,19,39
85771,19,37
85772,19,38
85773,19,39
85774,19,38
85775,19,40
85776,19,38
85777,19,38
85778,19,39
85779,19,38
85780,19,39
85781,19,39
85782,19,38
85783,19,39
85784,19,39
85785,19,37
85786,19,42
85787,19,40
85788,19,41
85789,19,41
85790,19,37
85791,19,39
85792,19,37
85793,19,39
85794,19,39
85795,19,38
85796,19,37
85797,19,40
85798,19,39
85799,19,42
85800,19,38
85801,19,39
85802,19,40
85803,19,40
85804,19,41
85805,19,40
85806,19,39
85807,19,38
85808,19,39
85809,19,40
85810,19,36
85811,19,37
85812,19,39
85813,19,39
85814,19,40
85815,19,37
85816,19,39
85817,19,38
85818,19,39
85819,19,38
85820,19,38
85821,19,39
85822,19,38
85823,19,41
85824,19,41
85825,19,38
85826,19,39
85827,19,38
85828,19,39
85829,19,37
85830,19,38
85831,19,38
85832,19,39
85833,19,38
85834,19,37
85835,19,40
85836,19,39
85837,19,41
85838,19,37
85839,19,38
85840,19,37
85841,19,38
85842,19,39
85843,19,40
85844,19,38
85845,19,40
85846,19,38
85847,19,38
85848,19,38
85849,19,40
85850,19,38
85851,19,38
85852,19,36
85853,19,43
85854,19,39
85855,19,37
85856,19,38
85857,19,40
85858,19,39
85859,19,37
85860,19,41
85861,19,38
85862,19,39
85863,19,39
85864,19,42
85865,19,37
85866,19,38
85867,19,39
85868,19,40
85869,19,38
85870,19,40
85871,19,39
85872,19,38
85873,19,37
85874,19,39
85875,19,40
85876,19,38
85877,19,38
85878,19,39
85879,19,40
85880,19,36
85881,19,40
85882,19,40
85883,19,40
85884,19,41
85885,19,40
85886,19,39
85887,19,38
85888,19,39
85889,19,40
85890,19,42
85891,19,41
85892,19,38
85893,19,39
85894,19,39
85895,19,37
85896,19,39
85897,19,39
85898,19,40
85899,19,38
85900,19,37
85901,19,39
85902,19,37
85903,19,38
85904,19,38
85905,19,38
85906,19,37
85907,19,39
85908,19,38
85909,19,39
85910,19,39
85911,19,41
85912,19,39
85913,19,41
85914,19,38
85915,19,39
85916,19,39
85917,19,38
85918,19,40
85919,19,40
85920,19,39
85921,19,38
85922,19,38
85923,19,40
85924,19,37
85925,19,40
85926,19,40
85927,19,38
85928,19,37
85929,19,37
85930,19,40
85931,19,39
85932,19,39
85933,19,37
85934,19,43
85935,19,39
85936,19,38
85937,19,39
85938,19,38
85939,19,39
85940,19,38
85941,19,38
85942,19,38
85943,19,38
85944,19,38
85945,19,39
85946,19,39
85947,19,41
85948,19,38
85949,19,39
85950,19,39
85951,19,38
85952,19,37
85953,19,38
85954,19,38
85955,19,42
85956,19,37
85957,19,38
85958,19,39
85959,19,38
85960,19,38
85961,19,40
85962,19,38
85963,19,39
85964,19,39
85965,19,39
85966,19,38
85967,19,39
85968,19,38
85969,19,39
85970,19,39
85971,19,38
85972,19,39
85973,19,39
85974,19,39
85975,19,39
85976,19,38
85977,19,39
85978,19,39
85979,19,38
85980,19,38
85981,19,39
85982,19,40
85983,19,39
85984,19,40
85985,19,39
85986,19,38
85987,19,39
85988,19,39
85989,19,39
85990,19,37
85991,19,38
85992,19,39
85993,19,40
85994,19,38
85995,19,42
85996,19,40
85997,19,37
85998,19,39
85999,19,39
86000,19,39
86001,19,39
86002,19,40
86003,19,38
86004,19,38
86005,19,38
86006,19,37
86007,19,38
86008,19,39
86009,19,40
86010,19,38
86011,19,40
86012,19,39
86013,19,38
86014,19,36
86015,19,36
86016,19,37
86017,19,39
86018,19,38
86019,19,39
86020,19,37
86021,19,39
86022,19,38
86023,19,39
86024,19,41
86025,19,38
86026,19,39
86027,19,38
86028,19,39
86029,19,38
86030,19,39
86031,19,37
86032,19,40
86033,19,39
86034,19,39
86035,19,39
86036,19,38
86037,19,37
86038,19,37
86039,19,39
86040,19,40
86041,19,40
86042,19,38
86043,19,39
86044,19,39
86045,19,40
86046,19,39
86047,19,38
86048,19,38
86049,19,39
86050,19,39
86051,19,39
86052,19,38
86053,19,38
86054,19,38
86055,19,41
86056,19,40
86057,19,38
86058,19,38
86059,19,40
86060,19,37
86061,19,38
86062,19,39
86063,19,39
86064,19,38
86065,19,41
86066,19,39
86067,19,39
86068,19,37
86069,19,38
86070,19,38
86071,19,40
86072,19,38
86073,19,39
86074,19,41
86075,19,39
86076,19,38
86077,19,38
86078,19,39
86079,19,39
86080,19,40
86081,19,36
86082,19,40
86083,19,40
86084,19,38
86085,19,39
86086,19,38
86087,19,39
86088,19,38
86089,19,37
86090,19,40
86091,19,39
86092,19,39
86093,19,39
86094,19,39
86095,19,40
86096,19,37
86097,19,38
86098,19,39
86099,19,39
86100,19,39
86101,19,37
86102,19,40
86103,19,39
86104,19,40
86105,19,38
86106,19,36
86107,19,41
86108,19,39
86109,19,36
86110,19,40
86111,19,39
86112,19,41
86113,19,37
86114,19,38
86115,19,37
86116,19,38
86117,19,39
86118,19,39
86119,19,38
86120,19,38
86121,19,37
86122,19,39
86123,19,39
86124,19,39
86125,19,38
86126,19,39
86127,19,41
86128,19,41
86129,19,39
86130,19,38
86131,19,38
86132,19,40
86133,19,42
86134,19,37
86135,19,39
86136,19,38
86137,19,40
86138,19,37
86139,19,39
86140,19,40
86141,19,38
86142,19,42
86143,19,40
86144,19,38
86145,19,38
86146,19,37
86147,19,39
86148,19,39
86149,19,40
86150,19,38
86151,19,37
86152,19,39
86153,19,42
86154,19,37
86155,19,43
86156,19,38
86157,19,37
86158,19,40
86159,19,40
86160,19,39
86161,19,37
86162,19,36
86163,19,39
86164,19,38
86165,19,37
86166,19,41
86167,19,38
86168,19,40
86169,19,39
86170,19,39
86171,19,38
86172,19,39
86173,19,38
86174,19,39
86175,19,37
86176,19,38
86177,19,39
86178,19,38
86179,19,38
86180,19,39
86181,19,40
86182,19,38
86183,19,38
86184,19,37
86185,19,41
86186,19,40
86187,19,38
86188,19,38
86189,19,39
86190,19,38
86191,19,38
86192,19,38
86193,19,37
86194,19,39
86195,19,41
86196,19,39
86197,19,38
86198,19,40
86199,19,42
86200,19,39
86201,19,38
86202,19,37
86203,19,40
86204,19,36
86205,19,38
86206,19,37
86207,19,39
86208,19,38
86209,19,39
86210,19,40
86211,19,38
86212,19,39
86213,19,38
86214,19,42
86215,19,39
86216,19,36
86217,19,39
86218,19,38
86219,19,38
86220,19,38
86221,19,37
86222,19,38
86223,19,37
86224,19,41
86225,19,40
86226,19,41
86227,19,36
86228,19,38
86229,19,40
86230,19,39
86231,19,40
86232,19,42
86233,19,39
86234,19,39
86235,19,37
86236,19,39
86237,19,40
86238,19,39
86239,19,40
86240,19,39
86241,19,41
86242,19,38
86243,19,40
86244,19,38
86245,19,38
86246,19,41
86247,19,38
86248,19,39
86249,19,40
86250,19,37
86251,19,38
86252,19,38
86253,19,38
86254,19,40
86255,19,41
86256,19,37
86257,19,38
86258,19,38
86259,19,39
86260,19,38
86261,19,37
86262,19,40
86263,19,41
86264,19,38
86265,19,38
86266,19,39
86267,19,38
86268,19,36
86269,19,40
86270,19,41
86271,19,39
86272,19,38
86273,19,38
86274,19,39
86275,19,39
86276,19,38
86277,19,39
86278,19,39
86279,19,39
86280,19,38
86281,19,38
86282,19,38
86283,19,39
86284,19,39
86285,19,38
86286,19,41
86287,19,39
86288,19,37
86289,19,40
86290,19,37
86291,19,40
86292,19,39
86293,19,40
86294,19,39
86295,19,38
86296,19,39
86297,19,40
86298,19,38
86299,19,39
86300,19,40
86301,19,40
86302,19,39
86303,19,39
86304,19,40
86305,19,38
86306,19,42
86307,19,40
86308,19,41
86309,19,39
86310,19,39
86311,19,39
86312,19,40
86313,19,38
86314,19,40
86315,19,38
86316,19,38
86317,19,38
86318,19,38
86319,19,38
86320,19,41
86321,19,41
86322,19,37
86323,19,38
86324,19,39
86325,19,42
86326,19,39
86327,19,40
86328,19,40
86329,19,40
86330,19,40
86331,19,38
86332,19,40
86333,19,40
86334,19,38
86335,19,39
86336,19,41
86337,19,41
86338,19,38
86339,19,39
86340,19,37
86341,19,37
86342,19,39
86343,19,39
86344,19,38
86345,19,37
86346,19,39
86347,19,38
86348,19,37
86349,19,39
86350,19,39
86351,19,38
86352,19,40
86353,19,38
86354,19,38
86355,19,39
86356,19,41
86357,19,37
86358,19,38
86359,19,38
86360,19,37
86361,19,38
86362,19,38
86363,19,38
86364,19,38
86365,19,37
86366,19,40
86367,19,42
86368,19,38
86369,19,40
86370,19,40
86371,19,38
86372,19,37
86373,19,41
86374,19,39
86375,19,40
86376,19,41
86377,19,39
86378,19,39
86379,19,38
86380,19,39
86381,19,38
86382,19,40
86383,19,38
86384,19,37
86385,19,39
86386,19,38
86387,19,37
86388,19,39
86389,19,38
86390,19,37
86391,19,39
86392,19,41
86393,19,40
86394,19,41
86395,19,40
86396,19,40
86397,19,38
86398,19,38
86399,19,37
86400,19,38
86401,19,42
86402,19,37
86403,19,38
86404,19,39
86405,19,38
86406,19,40
86407,19,42
86408,19,38
86409,19,39
86410,19,39
86411,19,38
86412,19,39
86413,19,38
86414,19,38
86415,19,38
86416,19,39
86417,19,41
86418,19,37
86419,19,39
86420,19,39
86421,19,38
86422,19,38
86423,19,39
86424,19,38
86425,19,36
86426,19,38
86427,19,40
86428,19,38
86429,19,41
86430,19,37
86431,19,38
86432,19,40
86433,19,38
86434,19,38
86435,19,38
86436,19,39
86437,19,38
86438,19,40
86439,19,36
86440,19,38
86441,19,39
86442,19,37
86443,19,38
86444,19,39
86445,19,38
86446,19,39
86447,19,40
86448,19,38
86449,19,39
86450,19,39
86451,19,40
86452,19,36
86453,19,39
86454,19,41
86455,19,38
86456,19,40
86457,19,39
86458,19,38
86459,19,40
86460,19,39
86461,19,39
86462,19,39
86463,19,39
86464,19,40
86465,19,39
86466,19,40
86467,19,39
86468,19,41
86469,19,38
86470,19,39
86471,19,38
86472,19,37
86473,19,43
86474,19,38
86475,19,37
86476,19,39
86477,19,38
86478,19,38
86479,19,38
86480,19,38
86481,19,37
86482,19,37
86483,19,39
86484,19,38
86485,19,40
86486,19,39
86487,19,39
86488,19,38
86489,19,39
86490,19,39
86491,19,39
86492,19,37
86493,19,38
86494,19,36
86495,19,39
86496,19,38
86497,19,39
86498,19,37
86499,19,38
86500,19,39
86501,19,38
86502,19,38
86503,19,39
86504,19,41
86505,19,39
86506,19,40
86507,19,39
86508,19,38
86509,19,38
86510,19,39
86511,19,41
86512,19,37
86513,19,38
86514,19,38
86515,19,38
86516,19,38
86517,19,38
86518,19,39
86519,19,39
86520,19,37
86521,19,37
86522,19,39
86523,19,38
86524,19,39
86525,19,39
86526,19,40
86527,19,40
86528,19,38
86529,19,40
86530,19,39
86531,19,39
86532,19,40
86533,19,38
86534,19,38
86535,19,38
86536,19,42
86537,19,38
86538,19,39
86539,19,41
86540,19,37
86541,19,41
86542,19,38
86543,19,38
86544,19,40
86545,19,40
86546,19,40
86547,19,38
86548,19,40
86549,19,39
86550,19,41
86551,19,37
86552,19,38
86553,19,38
86554,19,40
86555,19,37
86556,19,39
86557,19,39
86558,19,38
86559,19,39
86560,19,37
86561,19,38
86562,19,38
86563,19,41
86564,19,38
86565,19,38
86566,19,38
86567,19,42
86568,19,37
86569,19,38
86570,19,41
86571,19,39
86572,19,38
86573,19,38
86574,19,37
86575,19,39
86576,19,38
86577,19,39
86578,19,39
86579,19,36
86580,19,38
86581,19,40
86582,19,38
86583,19,38
86584,19,41
86585,19,37
86586,19,37
86587,19,38
86588,19,38
86589,19,39
86590,19,41
86591,19,40
86592,19,38
86593,19,38
86594,19,38
86595,19,39
86596,19,41
86597,19,37
86598,19,39
86599,19,38
86600,19,37
86601,19,40
86602,19,38
86603,19,39
86604,19,38
86605,19,37
86606,19,41
86607,19,39
86608,19,37
86609,19,38
86610,19,37
86611,19,38
86612,19,38
86613,19,38
86614,19,38
86615,19,38
86616,19,39
86617,19,37
86618,19,40
86619,19,38
86620,19,37
86621,19,39
86622,19,36
86623,19,39
86624,19,39
86625,19,39
86626,19,41
86627,19,39
86628,19,41
86629,19,38
86630,19,37
86631,19,39
86632,19,38
86633,19,40
86634,19,38
86635,19,40
86636,19,39
86637,19,39
86638,19,38
86639,19,39
86640,19,41
86641,19,38
86642,19,37
86643,19,38
86644,19,38
86645,19,37
86646,19,38
86647,19,39
86648,19,38
86649,19,38
86650,19,40
86651,19,37
86652,19,40
86653,19,38
86654,19,37
86655,19,40
86656,19,38
86657,19,38
86658,19,39
86659,19,38
86660,19,38
86661,19,38
86662,19,40
86663,19,41
86664,19,39
86665,19,37
86666,19,40
86667,19,37
86668,19,39
86669,19,40
86670,19,41
86671,19,41
86672,19,38
86673,19,39
86674,19,39
86675,19,40
86676,19,38
86677,19,37
86678,19,39
86679,19,38
86680,19,40
86681,19,39
86682,19,41
86683,19,39
86684,19,39
86685,19,38
86686,19,38
86687,19,40
86688,19,39
86689,19,39
86690,19,37
86691,19,38
86692,19,39
86693,19,41
86694,19,40
86695,19,37
86696,19,37
86697,19,39
86698,19,39
86699,19,37
86700,19,38
86701,19,38
86702,19,39
86703,19,38
86704,19,38
86705,19,38
86706,19,39
86707,19,37
86708,19,38
86709,19,38
86710,19,40
86711,19,39
86712,19,41
86713,19,39
86714,19,37
86715,19,41
86716,19,40
86717,19,39
86718,19,38
86719,19,39
86720,19,39
86721,19,40
86722,19,40
86723,19,39
86724,19,39
86725,19,39
86726,19,39
86727,19,38
86728,19,37
86729,19,39
86730,19,40
86731,19,40
86732,19,40
86733,19,39
86734,19,40
86735,19,40
86736,19,39
86737,19,37
86738,19,38
86739,19,39
86740,19,39
86741,19,38
86742,19,38
86743,19,40
86744,19,40
86745,19,38
86746,19,38
86747,19,40
86748,19,42
86749,19,39
86750,19,37
86751,19,38
86752,19,37
86753,19,38
86754,19,37
86755,19,39
86756,19,42
86757,19,38
86758,19,38
86759,19,39
86760,19,38
86761,19,39
86762,19,37
86763,19,38
86764,19,42
86765,19,37
86766,19,38
86767,19,38
86768,19,39
86769,19,37
86770,19,39
86771,19,37
86772,19,38
86773,19,37
86774,19,39
86775,19,37
86776,19,40
86777,19,38
86778,19,40
86779,19,40
86780,19,37
86781,19,38
86782,19,39
86783,19,38
86784,19,39
86785,19,40
86786,19,40
86787,19,39
86788,19,39
86789,19,39
86790,19,39
86791,19,39
86792,19,38
86793,19,38
86794,19,41
86795,19,37
86796,19,39
86797,19,39
86798,19,40
86799,19,38
86800,19,39
86801,19,39
86802,19,37
86803,19,39
86804,19,39
86805,19,38
86806,19,38
86807,19,39
86808,19,37
86809,19,39
86810,19,37
86811,19,38
86812,19,38
86813,19,39
86814,19,39
86815,19,37
86816,19,39
86817,19,38
86818,19,39
86819,19,38
86820,19,37
86821,19,43
86822,19,39
86823,19,37
86824,19,39
86825,19,38
86826,19,38
86827,19,38
86828,19,39
86829,19,39
86830,19,40
86831,19,39
86832,19,40
86833,19,41
86834,19,38
86835,19,41
86836,19,39
86837,19,39
86838,19,41
86839,19,38
86840,19,40
86841,19,38
86842,19,38
86843,19,36
86844,19,37
86845,19,39
86846,19,40
86847,19,40
86848,19,36
86849,19,38
86850,19,39
86851,19,37
86852,19,37
86853,19,38
86854,19,40
86855,19,37
86856,19,42
86857,19,39
86858,19,38
86859,19,41
86860,19,38
86861,19,40
86862,19,40
86863,19,39
86864,19,37
86865,19,38
86866,19,39
86867,19,41
86868,19,40
86869,19,40
86870,19,38
86871,19,39
86872,19,37
86873,19,38
86874,19,38
86875,19,38
86876,19,40
86877,19,37
86878,19,39
86879,19,39
86880,19,39
86881,19,38
86882,19,39
86883,19,39
86884,19,38
86885,19,38
86886,19,40
86887,19,39
86888,19,38
86889,19,42
86890,19,38
86891,19,38
86892,19,40
86893,19,41
86894,19,40
86895,19,39
86896,19,37
86897,19,39
86898,19,38
86899,19,41
86900,19,40
86901,19,41
86902,19,37
86903,19,40
86904,19,38
86905,19,37
86906,19,40
86907,19,40
86908,19,41
86909,19,40
86910,19,38
86911,19,38
86912,19,38
86913,19,37
86914,19,38
86915,19,39
86916,19,38
86917,19,39
86918,19,39
86919,19,36
86920,19,38
86921,19,40
86922,19,37
86923,19,41
86924,19,38
86925,19,43
86926,19,38
86927,19,41
86928,19,38
86929,19,37
86930,19,40
86931,19,40
86932,19,38
86933,19,41
86934,19,38
86935,19,36
86936,19,40
86937,19,38
86938,19,39
86939,19,39
86940,19,40
86941,19,39
86942,19,39
86943,19,38
86944,19,37
86945,19,38
86946,19,39
86947,19,37
86948,19,39
86949,19,38
86950,19,37
86951,19,39
86952,19,38
86953,19,42
86954,19,38
86955,19,38
86956,19,40
86957,19,40
86958,19,38
86959,19,39
86960,19,39
86961,19,38
86962,19,38
86963,19,37
86964,19,38
86965,19,38
86966,19,41
86967,19,39
86968,19,39
86969,19,38
86970,19,38
86971,19,40
86972,19,38
86973,19,40
86974,19,39
86975,19,38
86976,19,38
86977,19,39
86978,19,40
86979,19,38
86980,19,39
86981,19,39
86982,19,38
86983,19,41
86984,19,38
86985,19,41
86986,19,37
86987,19,38
86988,19,37
86989,19,39
86990,19,39
86991,19,39
86992,19,38
86993,19,36
86994,19,39
86995,19,39
86996,19,38
86997,19,39
86998,19,35
86999,19,39
87000,19,41
87001,19,37
87002,19,40
87003,19,39
87004,19,39
87005,19,38
87006,19,38
87007,19,39
87008,19,40
87009,19,41
87010,19,38
87011,19,38
87012,19,37
87013,19,37
87014,19,40
87015,19,42
87016,19,38
87017,19,39
87018,19,38
87019,19,40
87020,19,40
87021,19,39
87022,19,41
87023,19,39
87024,19,41
87025,19,38
87026,19,38
87027,19,39
87028,19,39
87029,19,39
87030,19,37
87031,19,40
87032,19,39
87033,19,40
87034,19,38
87035,19,38
87036,19,38
87037,19,40
87038,19,39
87039,19,40
87040,19,40
87041,19,40
87042,19,38
87043,19,39
87044,19,38
87045,19,40
87046,19,36
87047,19,39
87048,19,39
87049,19,39
87050,19,39
87051,19,37
87052,19,40
87053,19,39
87054,19,41
87055,19,42
87056,19,43
87057,19,38
87058,19,39
87059,19,36
87060,19,38
87061,19,38
87062,19,39
87063,19,40
87064,19,38
87065,19,41
87066,19,39
87067,19,38
87068,19,39
87069,19,39
87070,19,39
87071,19,38
87072,19,41
87073,19,39
87074,19,39
87075,19,37
87076,19,40
87077,19,38
87078,19,41
87079,19,41
87080,19,39
87081,19,41
87082,19,39
87083,19,39
87084,19,41
87085,19,38
87086,19,37
87087,19,40
87088,19,38
87089,19,38
87090,19,37
87091,19,38
87092,19,39
87093,19,37
87094,19,39
87095,19,40
87096,19,37
87097,19,40
87098,19,39
87099,19,39
87100,19,38
87101,19,40
87102,19,39
87103,19,40
87104,19,41
87105,19,39
87106,19,39
87107,19,39
87108,19,39
87109,19,37
87110,19,40
87111,19,40
87112,19,39
87113,19,39
87114,19,39
87115,19,39
87116,19,35
87117,19,38
87118,19,40
87119,19,41
87120,19,38
87121,19,37
87122,19,39
87123,19,40
87124,19,40
87125,19,38
87126,19,39
87127,19,39
87128,19,38
87129,19,37
87130,19,38
87131,19,37
87132,19,37
87133,19,39
87134,19,38
87135,19,41
87136,19,39
87137,19,38
87138,19,38
87139,19,41
87140,19,38
87141,19,37
87142,19,38
87143,19,39
87144,19,41
87145,19,40
87146,19,38
87147,19,38
87148,19,39
87149,19,39
87150,19,40
87151,19,38
87152,19,41
87153,19,38
87154,19,39
87155,19,38
87156,19,37
87157,19,43
87158,19,39
87159,19,39
87160,19,37
87161,19,39
87162,19,39
87163,19,42
87164,19,39
87165,19,36
87166,19,38
87167,19,40
87168,19,41
87169,19,38
87170,19,39
87171,19,41
87172,19,40
87173,19,38
87174,19,41
87175,19,38
87176,19,39
87177,19,38
87178,19,37
87179,19,41
87180,19,39
87181,19,39
87182,19,38
87183,19,39
87184,19,39
87185,19,37
87186,19,38
87187,19,38
87188,19,38
87189,19,37
87190,19,38
87191,19,38
87192,19,40
87193,19,37
87194,19,38
87195,19,39
87196,19,38
87197,19,40
87198,19,38
87199,19,40
87200,19,39
87201,19,40
87202,19,37
87203,19,40
87204,19,38
87205,19,40
87206,19,38
87207,19,38
87208,19,41
87209,19,36
87210,19,39
87211,19,40
87212,19,42
87213,19,40
87214,19,41
87215,19,37
87216,19,37
87217,19,39
87218,19,37
87219,19,39
87220,19,38
87221,19,38
87222,19,38
87223,19,38
87224,19,41
87225,19,39
87226,19,39
87227,19,38
87228,19,39
87229,19,39
87230,19,39
87231,19,36
87232,19,38
87233,19,38
87234,19,39
87235,19,41
87236,19,39
87237,19,42
87238,19,37
87239,19,37
87240,19,38
87241,19,39
87242,19,39
87243,19,38
87244,19,38
87245,19,38
87246,19,41
87247,19,39
87248,19,38
87249,19,38
87250,19,38
87251,19,38
87252,19,40
87253,19,38
87254,19,40
87255,19,39
87256,19,38
87257,19,39
87258,19,41
87259,19,37
87260,19,39
87261,19,36
87262,19,39
87263,19,38
87264,19,40
87265,19,38
87266,19,40
87267,19,42
87268,19,38
87269,19,39
87270,19,40
87271,19,39
87272,19,42
87273,19,39
87274,19,38
87275,19,40
87276,19,38
87277,19,37
87278,19,40
87279,19,41
87280,19,38
87281,19,39
87282,19,40
87283,19,39
87284,19,37
87285,19,42
87286,19,38
87287,19,38
87288,19,41
87289,19,38
87290,19,38
87291,19,37
87292,19,38
87293,19,41
87294,19,38
87295,19,41
87296,19,38
87297,19,41
87298,19,39
87299,19,40
87300,19,38
87301,19,38
87302,19,39
87303,19,39
87304,19,39
87305,19,42
87306,19,37
87307,19,39
87308,19,37
87309,19,39
87310,19,38
87311,19,38
87312,19,41
87313,19,38
87314,19,40
87315,19,40
87316,19,40
87317,19,39
87318,19,37
87319,19,37
87320,19,40
87321,19,37
87322,19,39
87323,19,38
87324,19,39
87325,19,40
87326,19,39
87327,19,39
87328,19,40
87329,19,39
87330,19,38
87331,19,37
87332,19,39
87333,19,39
87334,19,39
87335,19,40
87336,19,40
87337,19,41
87338,19,40
87339,19,36
87340,19,40
87341,19,38
87342,19,41
87343,19,42
87344,19,41
87345,19,38
87346,19,37
87347,19,37
87348,19,39
87349,19,37
87350,19,38
87351,19,44
87352,19,39
87353,19,38
87354,19,38
87355,19,38
87356,19,38
87357,19,40
87358,19,37
87359,19,40
87360,19,38
87361,19,40
87362,19,43
87363,19,38
87364,19,38
87365,19,37
87366,19,39
87367,19,40
87368,19,38
87369,19,38
87370,19,42
87371,19,38
87372,19,39
87373,19,39
87374,19,40
87375,19,38
87376,19,39
87377,19,39
87378,19,39
87379,19,38
87380,19,41
87381,19,37
87382,19,37
87383,19,38
87384,19,38
87385,19,41
87386,19,37
87387,19,38
87388,19,40
87389,19,41
87390,19,38
87391,19,41
87392,19,39
87393,19,38
87394,19,37
87395,19,38
87396,19,38
87397,19,38
87398,19,36
87399,19,39
87400,19,40
87401,19,39
87402,19,39
87403,19,41
87404,19,39
87405,19,38
87406,19,38
87407,19,38
87408,19,37
87409,19,39
87410,19,40
87411,19,41
87412,19,39
87413,19,39
87414,19,36
87415,19,41
87416,19,38
87417,19,38
87418,19,40
87419,19,39
87420,19,38
87421,19,39
87422,19,41
87423,19,39
87424,19,40
87425,19,38
87426,19,39
87427,19,37
87428,19,41
87429,19,37
87430,19,40
87431,19,41
87432,19,37
87433,19,38
87434,19,40
87435,19,39
87436,19,39
87437,19,40
87438,19,38
87439,19,39
87440,19,36
87441,19,38
87442,19,38
87443,19,39
87444,19,40
87445,19,39
87446,19,40
87447,19,40
87448,19,39
87449,19,38
87450,19,37
87451,19,39
87452,19,38
87453,19,39
87454,19,37
87455,19,40
87456,19,41
87457,19,38
87458,19,39
87459,19,41
87460,19,37
87461,19,42
87462,19,38
87463,19,39
87464,19,40
87465,19,38
87466,19,41
87467,19,39
87468,19,37
87469,19,41
87470,19,39
87471,19,38
87472,19,37
87473,19,39
87474,19,38
87475,19,43
87476,19,38
87477,19,37
87478,19,41
87479,19,39
87480,19,39
87481,19,39
87482,19,39
87483,19,39
87484,19,37
87485,19,40
87486,19,41
87487,19,38
87488,19,39
87489,19,39
87490,19,38
87491,19,40
87492,19,41
87493,19,38
87494,19,38
87495,19,36
87496,19,37
87497,19,38
87498,19,38
87499,19,40
87500,19,42
87501,19,36
87502,19,39
87503,19,39
87504,19,38
87505,19,39
87506,19,38
87507,19,38
87508,19,39
87509,19,39
87510,19,38
87511,19,40
87512,19,41
87513,19,39
87514,19,39
87515,19,38
87516,19,41
87517,19,36
87518,19,40
87519,19,39
87520,19,40
87521,19,38
87522,19,41
87523,19,41
87524,19,38
87525,19,39
87526,19,41
87527,19,37
87528,19,39
87529,19,40
87530,19,43
87531,19,42
87532,19,39
87533,19,42
87534,19,38
87535,19,39
87536,19,39
87537,19,39
87538,19,39
87539,19,39
87540,19,40
87541,19,41
87542,19,37
87543,19,41
87544,19,38
87545,19,42
87546,19,39
87547,19,37
87548,19,38
87549,19,37
87550,19,37
87551,19,39
87552,19,41
87553,19,37
87554,19,40
87555,19,38
87556,19,40
87557,19,40
87558,19,38
87559,19,38
87560,19,37
87561,19,38
87562,19,38
87563,19,39
87564,19,40
87565,19,37
87566,19,42
87567,19,38
87568,19,37
87569,19,40
87570,19,37
87571,19,40
87572,19,38
87573,19,38
87574,19,42
87575,19,40
87576,19,40
87577,19,41
87578,19,39
87579,19,37
87580,19,40
87581,19,37
87582,19,37
87583,19,38
87584,19,39
87585,19,38
87586,19,38
87587,19,37
87588,19,38
87589,19,40
87590,19,39
87591,19,39
87592,19,38
87593,19,40
87594,19,39
87595,19,39
87596,19,38
87597,19,39
87598,19,38
87599,19,36
87600,19,40
87601,19,37
87602,19,40
87603,19,38
87604,19,37
87605,19,38
87606,19,37
87607,19,39
87608,19,39
87609,19,37
87610,19,39
87611,19,37
87612,19,40
87613,19,39
87614,19,40
87615,19,38
87616,19,37
87617,19,36
87618,19,37
87619,19,41
87620,19,39
87621,19,40
87622,19,38
87623,19,37
87624,19,38
87625,19,37
87626,19,39
87627,19,37
87628,19,40
87629,19,37
87630,19,37
87631,19,39
87632,19,38
87633,19,40
87634,19,39
87635,19,37
87636,19,39
87637,19,39
87638,19,37
87639,19,38
87640,19,39
87641,19,37
87642,19,40
87643,19,38
87644,19,37
87645,19,37
87646,19,38
87647,19,41
87648,19,38
87649,19,38
87650,19,39
87651,19,40
87652,19,40
87653,19,38
87654,19,38
87655,19,40
87656,19,38
87657,19,38
87658,19,39
87659,19,38
87660,19,38
87661,19,37
87662,19,39
87663,19,38
87664,19,35
87665,19,41
87666,19,40
87667,19,37
87668,19,40
87669,19,37
87670,19,40
87671,19,38
87672,19,40
87673,19,39
87674,19,38
87675,19,40
87676,19,39
87677,19,38
87678,19,38
87679,19,39
87680,19,40
87681,19,40
87682,19,38
87683,19,39
87684,19,37
87685,19,39
87686,19,40
87687,19,38
87688,19,38
87689,19,42
87690,19,39
87691,19,40
87692,19,40
87693,19,37
87694,19,38
87695,19,37
87696,19,41
87697,19,38
87698,19,39
87699,19,41
87700,19,38
87701,19,38
87702,19,39
87703,19,40
87704,19,38
87705,19,38
87706,19,38
87707,19,41
87708,19,40
87709,19,40
87710,19,40
87711,19,39
87712,19,37
87713,19,40
87714,19,38
87715,19,41
87716,19,39
87717,19,38
87718,19,38
87719,19,39
87720,19,39
87721,19,37
87722,19,39
87723,19,40
87724,19,39
87725,19,39
87726,19,39
87727,19,37
87728,19,39
87729,19,38
87730,19,38
87731,19,40
87732,19,38
87733,19,40
87734,19,38
87735,19,38
87736,19,40
87737,19,39
87738,19,40
87739,19,38
87740,19,38
87741,19,40
87742,19,39
87743,19,38
87744,19,38
87745,19,38
87746,19,38
87747,19,38
87748,19,40
87749,19,38
87750,19,37
87751,19,37
87752,19,38
87753,19,39
87754,19,37
87755,19,39
87756,19,40
87757,19,38
87758,19,38
87759,19,37
87760,19,38
87761,19,38
87762,19,37
87763,19,38
87764,19,37
87765,19,38
87766,19,40
87767,19,38
87768,19,38
87769,19,37
87770,19,38
87771,19,38
87772,19,40
87773,19,38
87774,19,40
87775,19,39
87776,19,38
87777,19,37
87778,19,38
87779,19,39
87780,19,40
87781,19,39
87782,19,39
87783,19,38
87784,19,38
87785,19,38
87786,19,37
87787,19,38
87788,19,40
87789,19,39
87790,19,39
87791,19,37
87792,19,39
87793,19,39
87794,19,40
87795,19,38
87796,19,39
87797,19,39
87798,19,38
87799,19,39
87800,19,38
87801,19,40
87802,19,39
87803,19,41
87804,19,38
87805,19,39
87806,19,38
87807,19,38
87808,19,37
87809,19,37
87810,19,40
87811,19,38
87812,19,40
87813,19,36
87814,19,38
87815,19,39
87816,19,40
87817,19,39
87818,19,39
87819,19,41
87820,19,39
87821,19,38
87822,19,38
87823,19,38
87824,19,39
87825,19,40
87826,19,37
87827,19,40
87828,19,38
87829,19,36
87830,19,41
87831,19,40
87832,19,40
87833,19,38
87834,19,40
87835,19,38
87836,19,37
87837,19,38
87838,19,37
87839,19,37
87840,19,39
87841,19,39
87842,19,40
87843,19,37
87844,19,38
87845,20,40
87846,19,40
87847,19,39
87848,19,38
87849,19,39
87850,19,38
87851,19,38
87852,19,38
87853,19,38
87854,19,40
87855,19,37
87856,19,37
87857,19,41
87858,19,40
87859,19,38
87860,19,40
87861,19,38
87862,19,38
87863,20,39
87864,19,39
87865,19,39
87866,19,38
87867,19,38
87868,19,38
87869,19,41
87870,19,38
87871,19,42
87872,19,41
87873,19,39
87874,19,39
87875,19,39
87876,19,41
87877,19,41
87878,19,40
87879,19,39
87880,19,39
87881,19,39
87882,19,40
87883,19,40
87884,19,37
87885,19,39
87886,19,40
87887,19,40
87888,19,38
87889,19,40
87890,19,40
87891,19,37
87892,19,40
87893,19,39
87894,19,38
87895,19,40
87896,19,40
87897,19,38
87898,19,37
87899,19,38
87900,19,37
87901,19,39
87902,19,38
87903,19,39
87904,19,38
87905,19,39
87906,19,39
87907,19,40
87908,19,38
87909,19,38
87910,19,39
87911,19,39
87912,19,40
87913,19,39
87914,19,38
87915,19,38
87916,19,38
87917,19,38
87918,19,38
87919,19,39
87920,19,39
87921,19,40
87922,19,39
87923,19,36
87924,19,37
87925,19,38
87926,19,38
87927,19,39
87928,19,37
87929,19,39
87930,19,40
87931,19,41
87932,19,38
87933,19,39
87934,19,40
87935,19,38
87936,19,38
87937,19,39
87938,19,40
87939,19,39
87940,19,38
87941,19,38
87942,19,37
87943,19,36
87944,19,39
87945,19,37
87946,19,39
87947,19,41
87948,19,37
87949,19,37
87950,19,39
87951,19,41
87952,19,38
87953,19,40
87954,19,39
87955,19,39
87956,19,39
87957,19,38
87958,19,40
87959,19,37
87960,19,38
87961,19,39
87962,19,41
87963,19,39
87964,19,38
87965,19,37
87966,19,40
87967,19,39
87968,19,38
87969,19,40
87970,19,40
87971,19,37
87972,19,38
87973,19,39
87974,19,41
87975,19,37
87976,19,39
87977,19,39
87978,19,38
87979,19,41
87980,19,41
87981,19,40
87982,19,39
87983,19,40
87984,19,40
87985,19,38
87986,19,39
87987,19,37
87988,19,37
87989,19,39
87990,19,37
87991,19,38
87992,19,40
87993,19,39
87994,19,40
87995,19,39
87996,19,37
87997,19,38
87998,19,40
87999,19,38
88000,19,38
88001,19,38
88002,19,39
88003,19,39
88004,19,39
88005,19,38
88006,19,39
88007,19,40
88008,19,38
88009,19,39
88010,19,37
88011,19,38
88012,19,42
88013,19,38
88014,19,38
88015,19,38
88016,19,36
88017,19,39
88018,19,38
88019,19,38
88020,19,38
88021,19,39
88022,19,39
88023,19,37
88024,19,40
88025,19,38
88026,19,40
88027,19,39
88028,19,39
88029,19,40
88030,19,41
88031,19,37
88032,19,37
88033,19,38
88034,19,38
88035,19,39
88036,19,39
88037,19,39
88038,19,39
88039,19,41
88040,19,41
88041,19,40
88042,19,38
88043,19,38
88044,19,38
88045,19,40
88046,19,39
88047,19,37
88048,19,38
88049,19,40
88050,19,38
88051,19,39
88052,19,38
88053,19,40
88054,19,40
88055,19,37
88056,19,40
88057,19,38
88058,19,41
88059,19,39
88060,19,38
88061,19,40
88062,19,39
88063,19,39
88064,19,38
88065,19,38
88066,19,41
88067,19,38
88068,19,39
88069,19,37
88070,19,39
88071,19,37
88072,19,39
88073,19,39
88074,19,39
88075,19,38
88076,19,40
88077,19,40
88078,19,39
88079,19,39
88080,19,37
88081,19,40
88082,19,42
88083,19,39
88084,19,38
88085,19,38
88086,19,42
88087,19,39
88088,19,38
88089,19,40
88090,19,37
88091,19,37
88092,19,40
88093,19,38
88094,19,39
88095,19,38
88096,19,41
88097,19,38
88098,19,40
88099,19,39
88100,19,39
88101,19,38
88102,19,39
88103,19,38
88104,19,38
88105,19,40
88106,19,40
88107,19,41
88108,19,39
88109,19,39
88110,19,39
88111,19,37
88112,19,38
88113,19,38
88114,19,39
88115,19,39
88116,19,36
88117,19,37
88118,19,36
88119,19,36
88120,19,38
88121,19,37
88122,19,38
88123,19,38
88124,19,36
88125,19,38
88126,19,37
88127,19,39
88128,19,36
88129,19,38
88130,19,38
88131,19,39
88132,19,39
88133,19,38
88134,19,37
88135,19,40
88136,19,40
88137,19,41
88138,19,40
88139,19,38
88140,19,41
88141,19,39
88142,19,40
88143,19,38
88144,19,39
88145,19,38
88146,19,40
88147,19,39
88148,19,39
88149,19,36
88150,19,39
88151,19,39
88152,19,39
88153,19,38
88154,19,37
88155,19,38
88156,19,37
88157,19,38
88158,19,37
88159,19,39
88160,19,38
88161,19,37
88162,19,38
88163,19,42
88164,19,38
88165,19,40
88166,19,38
88167,19,39
88168,19,38
88169,19,38
88170,19,38
88171,19,37
88172,19,38
88173,19,38
88174,20,40
88175,19,38
88176,19,38
88177,19,38
88178,19,37
88179,19,40
88180,19,40
88181,19,40
88182,19,41
88183,19,40
88184,19,41
88185,19,40
88186,19,37
88187,19,39
88188,19,40
88189,19,40
88190,19,38
88191,19,38
88192,19,38
88193,19,39
88194,19,37
88195,19,38
88196,19,37
88197,19,39
88198,19,36
88199,19,39
88200,19,39
88201,19,39
88202,19,39
88203,19,39
88204,19,39
88205,19,40
88206,19,37
88207,19,39
88208,19,40
88209,19,38
88210,19,38
88211,19,40
88212,19,38
88213,19,39
88214,19,39
88215,19,39
88216,19,39
88217,19,37
88218,19,39
88219,19,40
88220,19,40
88221,19,39
88222,19,39
88223,19,39
88224,19,37
88225,19,41
88226,19,39
88227,19,40
88228,19,38
88229,19,38
88230,19,39
88231,19,40
88232,19,37
88233,19,40
88234,19,38
88235,19,38
88236,19,36
88237,19,41
88238,19,39
88239,19,37
88240,19,38
88241,19,39
88242,19,36
88243,19,41
88244,19,37
88245,19,39
88246,19,41
88247,19,39
88248,19,37
88249,19,38
88250,19,40
88251,19,38
88252,19,37
88253,19,39
88254,19,41
88255,19,37
88256,19,37
88257,19,40
88258,19,38
88259,19,40
88260,19,39
88261,19,39
88262,19,39
88263,19,40
88264,19,37
88265,19,39
88266,19,40
88267,19,39
88268,19,35
88269,19,36
88270,19,41
88271,19,39
88272,19,42
88273,19,39
88274,19,36
88275,19,40
88276,19,41
88277,19,38
88278,19,39
88279,19,39
88280,19,38
88281,19,40
88282,19,40
88283,19,36
88284,19,37
88285,19,37
88286,19,40
88287,19,39
88288,19,38
88289,19,38
88290,19,38
88291,19,38
88292,19,39
88293,19,40
88294,19,38
88295,19,39
88296,19,40
88297,19,37
88298,19,38
88299,19,41
88300,19,39
88301,19,40
88302,19,37
88303,19,37
88304,19,38
88305,19,39
88306,19,38
88307,19,41
88308,19,39
88309,19,41
88310,19,38
88311,19,36
88312,19,38
88313,19,38
88314,19,39
88315,19,42
88316,19,39
88317,19,41
88318,19,39
88319,19,38
88320,19,38
88321,19,37
88322,19,37
88323,19,39
88324,19,41
88325,19,37
88326,19,38
88327,19,41
88328,19,39
88329,19,41
88330,19,39
88331,19,39
88332,19,41
88333,19,39
88334,19,38
88335,19,40
88336,19,38
88337,19,38
88338,19,38
88339,19,39
88340,19,40
88341,19,38
88342,19,40
88343,19,37
88344,19,38
88345,19,37
88346,19,39
88347,19,37
88348,19,38
88349,19,39
88350,19,38
88351,19,38
88352,19,40
88353,19,39
88354,19,40
88355,19,39
88356,19,42
88357,19,39
88358,19,40
88359,19,38
88360,19,39
88361,20,39
88362,19,39
88363,19,39
88364,19,39
88365,19,41
88366,19,38
88367,19,42
88368,19,39
88369,19,38
88370,19,41
88371,19,39
88372,19,40
88373,19,38
88374,19,40
88375,19,39
88376,19,39
88377,19,38
88378,19,39
88379,19,39
88380,19,39
88381,19,39
88382,19,39
88383,19,39
88384,19,40
88385,19,36
88386,19,38
88387,19,38
88388,19,37
88389,19,39
88390,19,39
88391,19,37
88392,19,38
88393,19,39
88394,19,39
88395,19,40
88396,19,38
88397,19,38
88398,19,39
88399,19,42
88400,19,40
88401,19,38
88402,19,40
88403,19,41
88404,19,39
88405,19,39
88406,19,39
88407,19,39
88408,19,39
88409,19,37
88410,19,40
88411,19,38
88412,19,39
88413,19,38
88414,19,38
88415,19,38
88416,19,35
88417,19,40
88418,19,39
88419,19,39
88420,19,38
88421,19,38
88422,19,39
88423,19,37
88424,19,38
88425,19,38
88426,19,39
88427,19,37
88428,19,37
88429,19,39
88430,19,38
88431,19,39
88432,19,41
88433,19,38
88434,19,39
88435,19,39
88436,19,41
88437,19,38
88438,19,38
88439,19,37
88440,19,40
88441,19,39
88442,19,38
88443,19,39
88444,19,37
88445,19,39
88446,19,40
88447,19,41
88448,19,36
88449,19,38
88450,19,40
88451,19,37
88452,19,36
88453,19,39
88454,19,40
88455,19,37
88456,19,37
88457,19,38
88458,19,39
88459,19,38
88460,19,38
88461,19,38
88462,19,37
88463,19,39
88464,19,39
88465,19,36
88466,19,38
88467,19,38
88468,19,38
88469,19,37
88470,19,39
88471,19,40
88472,19,40
88473,19,40
88474,19,39
88475,19,40
88476,19,41
88477,19,39
88478,19,39
88479,19,41
88480,19,39
88481,19,40
88482,19,39
88483,19,39
88484,19,38
88485,19,38
88486,19,38
88487,19,39
88488,19,40
88489,19,42
88490,19,39
88491,19,39
88492,19,38
88493,19,38
88494,19,39
88495,19,40
88496,19,39
88497,19,37
88498,19,38
88499,19,40
88500,19,38
88501,19,39
88502,19,38
88503,19,40
88504,19,39
88505,19,39
88506,19,38
88507,19,36
88508,19,37
88509,19,40
88510,19,40
88511,19,40
88512,19,38
88513,19,37
88514,19,38
88515,19,40
88516,19,41
88517,19,39
88518,19,39
88519,19,39
88520,19,38
88521,19,38
88522,19,37
88523,19,38
88524,19,40
88525,19,37
88526,19,37
88527,19,37
88528,19,39
88529,19,37
88530,19,40
88531,19,39
88532,19,38
88533,19,40
88534,19,38
88535,19,36
88536,19,37
88537,19,36
88538,19,40
88539,19,38
88540,19,39
88541,19,38
88542,19,38
88543,19,38
88544,19,38
88545,19,37
88546,19,37
88547,19,41
88548,19,41
88549,19,37
88550,19,39
88551,19,38
88552,19,37
88553,19,39
88554,19,41
88555,19,38
88556,19,38
88557,19,40
88558,19,38
88559,19,38
88560,19,39
88561,19,43
88562,19,39
88563,19,41
88564,19,38
88565,19,39
88566,19,39
88567,19,40
88568,19,37
88569,19,40
88570,19,37
88571,19,40
88572,19,41
88573,19,40
88574,19,39
88575,19,39
88576,19,40
88577,19,40
88578,19,40
88579,19,38
88580,19,39
88581,19,37
88582,19,39
88583,19,38
88584,19,39
88585,19,38
88586,19,37
88587,19,40
88588,19,39
88589,19,37
88590,19,39
88591,19,40
88592,19,39
88593,19,40
88594,19,39
88595,19,41
88596,19,40
88597,19,37
88598,19,39
88599,19,38
88600,19,39
88601,19,38
88602,19,40
88603,19,39
88604,19,38
88605,19,39
88606,19,36
88607,19,41
88608,19,40
88609,19,39
88610,19,38
88611,19,40
88612,19,37
88613,19,39
88614,19,41
88615,20,38
88616,19,38
88617,19,37
88618,19,38
88619,19,38
88620,19,39
88621,19,38
88622,19,38
88623,19,39
88624,19,38
88625,19,38
88626,19,37
88627,19,37
88628,19,40
88629,19,37
88630,19,38
88631,19,39
88632,19,41
88633,19,41
88634,19,39
88635,19,38
88636,19,38
88637,19,39
88638,19,40
88639,19,38
88640,19,36
88641,19,39
88642,19,38
88643,19,38
88644,19,38
88645,19,39
88646,19,38
88647,19,39
88648,19,39
88649,19,39
88650,19,37
88651,19,39
88652,19,40
88653,19,38
88654,19,40
88655,19,40
88656,19,38
88657,19,37
88658,19,39
88659,19,39
88660,19,41
88661,19,38
88662,19,38
88663,19,39
88664,19,38
88665,19,38
88666,19,39
88667,19,40
88668,19,40
88669,19,39
88670,19,38
88671,19,40
88672,19,39
88673,19,40
88674,19,36
88675,19,37
88676,19,38
88677,19,41
88678,19,41
88679,19,39
88680,19,41
88681,19,40
88682,19,37
88683,19,38
88684,19,38
88685,19,39
88686,19,39
88687,19,39
88688,19,37
88689,19,40
88690,19,37
88691,19,38
88692,19,41
88693,19,40
88694,19,38
88695,19,38
88696,19,39
88697,19,40
88698,19,39
88699,19,38
88700,19,39
88701,19,39
88702,19,38
88703,19,38
88704,19,42
88705,19,40
88706,19,38
88707,19,38
88708,19,38
88709,19,41
88710,19,38
88711,19,38
88712,19,40
88713,19,39
88714,19,40
88715,19,40
88716,19,40
88717,19,39
88718,19,40
88719,19,39
88720,19,38
88721,19,38
88722,19,39
88723,19,39
88724,19,38
88725,19,38
88726,19,38
88727,19,39
88728,19,40
88729,19,39
88730,19,39
88731,19,38
88732,19,39
88733,19,39
88734,19,40
88735,19,40
88736,19,37
88737,19,39
88738,19,39
88739,19,39
88740,19,38
88741,19,40
88742,19,37
88743,19,39
88744,19,38
88745,19,39
88746,19,41
88747,19,37
88748,19,38
88749,19,36
88750,19,38
88751,19,40
88752,19,38
88753,19,38
88754,19,39
88755,19,42
88756,19,41
88757,19,38
88758,19,36
88759,19,38
88760,19,38
88761,19,38
88762,19,38
88763,19,40
88764,19,38
88765,19,37
88766,19,39
88767,19,41
88768,19,38
88769,19,38
88770,19,37
88771,19,38
88772,19,39
88773,19,38
88774,19,39
88775,19,38
88776,19,38
88777,19,39
88778,19,40
88779,19,38
88780,19,39
88781,19,38
88782,19,39
88783,19,39
88784,19,40
88785,19,38
88786,19,37
88787,19,37
88788,19,37
88789,19,37
88790,19,39
88791,19,38
88792,19,40
88793,19,39
88794,19,41
88795,19,38
88796,19,39
88797,19,39
88798,19,39
88799,19,39
88800,19,38
88801,19,41
88802,19,37
88803,19,40
88804,19,37
88805,19,37
88806,19,38
88807,19,37
88808,19,38
88809,19,40
88810,19,41
88811,19,41
88812,19,38
88813,19,39
88814,19,38
88815,19,39
88816,19,39
88817,19,40
88818,19,38
88819,19,37
88820,19,39
88821,19,40
88822,19,39
88823,19,40
88824,19,40
88825,19,37
88826,19,36
88827,19,38
88828,19,38
88829,19,40
88830,19,39
88831,19,39
88832,19,39
88833,19,39
88834,19,40
88835,19,39
88836,19,41
88837,19,40
88838,19,38
88839,19,39
88840,19,37
88841,19,40
88842,19,40
88843,19,38
88844,19,37
88845,19,38
88846,19,39
88847,19,40
88848,19,38
88849,19,38
88850,19,37
88851,19,38
88852,19,38
88853,19,39
88854,19,39
88855,19,36
88856,19,36
88857,19,39
88858,19,35
88859,19,39
88860,19,38
88861,19,38
88862,19,38
88863,19,39
88864,19,39
88865,19,39
88866,19,40
88867,19,39
88868,19,38
88869,19,39
88870,19,39
88871,19,37
88872,19,39
88873,19,36
88874,19,41
88875,19,39
88876,19,39
88877,19,39
88878,19,37
88879,19,40
88880,19,38
88881,19,39
88882,19,39
88883,19,40
88884,19,39
88885,19,37
88886,19,37
88887,19,38
88888,19,39
88889,19,39
88890,19,38
88891,19,37
88892,19,39
88893,19,38
88894,19,40
88895,19,40
88896,19,39
88897,19,40
88898,19,40
88899,19,38
88900,19,37
88901,19,40
88902,19,39
88903,19,37
88904,19,38
88905,19,39
88906,19,40
88907,19,38
88908,19,38
88909,19,38
88910,19,37
88911,19,40
88912,19,40
88913,19,37
88914,19,39
88915,19,40
88916,19,39
88917,19,40
88918,19,40
88919,19,40
88920,19,38
88921,19,41
88922,19,39
88923,19,38
88924,19,37
88925,19,39
88926,19,37
88927,19,38
88928,19,41
88929,19,39
88930,19,38
88931,19,38
88932,19,42
88933,19,41
88934,19,38
88935,19,40
88936,19,39
88937,19,37
88938,19,39
88939,19,39
88940,19,41
88941,19,39
88942,19,40
88943,19,41
88944,19,38
88945,19,41
88946,19,38
88947,19,39
88948,19,39
88949,19,40
88950,19,38
88951,19,39
88952,19,38
88953,19,42
88954,19,38
88955,19,39
88956,19,39
88957,19,39
88958,19,37
88959,19,37
88960,19,40
88961,19,38
88962,19,39
88963,19,41
88964,19,38
88965,19,37
88966,19,40
88967,19,40
88968,19,40
88969,19,42
88970,19,38
88971,19,38
88972,19,39
88973,19,40
88974,19,39
88975,19,39
88976,19,36
88977,19,41
88978,19,38
88979,19,39
88980,19,37
88981,19,41
88982,19,40
88983,19,39
88984,19,38
88985,19,42
88986,19,39
88987,19,38
88988,19,38
88989,19,39
88990,19,38
88991,19,37
88992,19,40
88993,19,39
88994,19,38
88995,19,40
88996,19,40
88997,19,38
88998,19,38
88999,19,40
89000,19,39
89001,19,39
89002,19,37
89003,19,39
89004,19,38
89005,19,40
89006,19,39
89007,19,38
89008,19,39
89009,19,39
89010,19,41
89011,19,39
89012,19,38
89013,19,39
89014,19,39
89015,19,38
89016,19,38
89017,19,39
89018,19,40
89019,19,40
89020,19,38
89021,19,39
89022,19,41
89023,19,38
89024,19,38
89025,19,38
89026,19,38
89027,19,41
89028,19,39
89029,19,39
89030,19,36
89031,19,38
89032,19,38
89033,19,39
89034,19,38
89035,19,38
89036,19,37
89037,19,38
89038,19,38
89039,19,40
89040,19,38
89041,19,39
89042,19,38
89043,19,42
89044,19,37
89045,19,38
89046,19,39
89047,19,38
89048,19,37
89049,19,38
89050,19,40
89051,19,38
89052,19,40
89053,19,37
89054,19,39
89055,19,39
89056,19,37
89057,19,40
89058,19,41
89059,19,39
89060,19,40
89061,19,40
89062,19,38
89063,19,39
89064,19,38
89065,19,38
89066,19,38
89067,19,39
89068,19,37
89069,19,39
89070,19,39
89071,19,38
89072,19,36
89073,19,39
89074,19,40
89075,19,38
89076,19,39
89077,19,39
89078,19,37
89079,19,39
89080,19,42
89081,19,38
89082,19,37
89083,19,38
89084,19,40
89085,19,39
89086,19,39
89087,19,39
89088,19,41
89089,19,38
89090,19,39
89091,19,38
89092,19,38
89093,19,39
89094,19,38
89095,19,38
89096,19,39
89097,19,40
89098,19,37
89099,19,38
89100,19,39
89101,19,39
89102,19,41
89103,19,39
89104,19,40
89105,19,38
89106,19,40
89107,19,39
89108,19,40
89109,19,39
89110,19,37
89111,19,42
89112,19,37
89113,19,40
89114,19,37
89115,19,37
89116,19,42
89117,19,40
89118,19,39
89119,19,38
89120,19,40
89121,19,39
89122,19,38
89123,19,42
89124,19,39
89125,19,36
89126,19,37
89127,19,38
89128,19,36
89129,19,36
89130,19,38
89131,19,38
89132,19,38
89133,19,40
89134,19,39
89135,19,39
89136,19,39
89137,19,39
89138,19,41
89139,19,38
89140,19,38
89141,19,40
89142,19,39
89143,19,39
89144,19,39
89145,19,37
89146,19,36
89147,19,40
89148,19,41
89149,19,40
89150,19,39
89151,19,38
89152,19,38
89153,19,41
89154,19,40
89155,19,38
89156,19,39
89157,19,39
89158,19,38
89159,19,38
89160,19,38
89161,19,37
89162,19,38
89163,19,38
89164,19,40
89165,19,40
89166,19,39
89167,19,39
89168,19,41
89169,20,41
89170,19,38
89171,19,39
89172,19,37
89173,19,41
89174,19,40
89175,19,36
89176,19,39
89177,19,39
89178,19,38
89179,19,39
89180,19,38
89181,19,39
89182,19,38
89183,19,39
89184,19,39
89185,19,38
89186,19,39
89187,19,37
89188,19,41
89189,19,38
89190,19,39
89191,19,38
89192,19,40
89193,19,40
89194,19,40
89195,19,39
89196,19,38
89197,19,38
89198,19,39
89199,19,39
89200,19,38
89201,19,39
89202,19,40
89203,19,39
89204,19,38
89205,19,37
89206,19,39
89207,19,41
89208,19,38
89209,19,36
89210,19,40
89211,19,40
89212,19,37
89213,19,40
89214,19,38
89215,19,39
89216,19,38
89217,19,39
89218,19,40
89219,19,38
89220,19,38
89221,19,39
89222,19,40
89223,19,37
89224,19,39
89225,19,39
89226,19,38
89227,19,43
89228,19,41
89229,19,38
89230,19,38
89231,19,38
89232,19,36
89233,19,40
89234,19,39
89235,19,39
89236,19,38
89237,19,37
89238,19,37
89239,19,38
89240,19,37
89241,19,39
89242,19,39
89243,19,39
89244,19,38
89245,19,37
89246,19,39
89247,19,39
89248,19,39
89249,19,39
89250,19,38
89251,19,38
89252,19,38
89253,19,39
89254,19,40
89255,19,39
89256,19,37
89257,19,38
89258,19,40
89259,19,38
89260,19,41
89261,19,38
89262,19,38
89263,19,38
89264,19,37
89265,19,41
89266,19,39
89267,19,38
89268,19,39
89269,19,37
89270,19,38
89271,19,39
89272,19,40
89273,19,39
89274,19,38
89275,19,37
89276,19,37
89277,19,38
89278,19,38
89279,19,40
89280,19,38
89281,19,39
89282,19,40
89283,19,37
89284,19,38
89285,19,39
89286,19,39
89287,19,39
89288,19,40
89289,19,38
89290,19,39
89291,19,38
89292,19,41
89293,19,38
89294,19,38
89295,19,40
89296,19,38
89297,19,38
89298,19,38
89299,19,38
89300,19,40
89301,19,40
89302,19,37
89303,19,37
89304,19,38
89305,19,39
89306,19,38
89307,19,37
89308,19,38
89309,19,39
89310,19,38
89311,19,39
89312,19,39
89313,19,40
89314,19,39
89315,19,39
89316,19,40
89317,19,39
89318,19,40
89319,19,38
89320,19,39
89321,19,39
89322,19,39
89323,19,41
89324,19,38
89325,19,39
89326,19,39
89327,19,39
89328,19,38
89329,19,39
89330,19,38
89331,19,36
89332,19,38
89333,19,39
89334,19,37
89335,19,39
89336,19,39
89337,19,38
89338,19,39
89339,19,38
89340,19,38
89341,19,38
89342,19,40
89343,19,38
89344,19,38
89345,19,42
89346,19,40
89347,19,40
89348,19,37
89349,19,40
89350,19,37
89351,19,38
89352,19,38
89353,19,38
89354,19,37
89355,19,39
89356,19,38
89357,19,38
89358,19,38
89359,19,39
89360,19,39
89361,19,40
89362,19,38
89363,19,39
89364,19,38
89365,19,37
89366,19,39
89367,19,37
89368,19,40
89369,19,39
89370,19,40
89371,19,38
89372,19,39
89373,19,38
89374,19,39
89375,19,39
89376,19,39
89377,19,40
89378,19,38
89379,19,38
89380,19,41
89381,19,41
89382,19,39
89383,19,40
89384,19,42
89385,19,39
89386,19,39
89387,19,38
89388,19,37
89389,19,39
89390,19,42
89391,19,39
89392,19,38
89393,19,37
89394,19,38
89395,19,40
89396,19,39
89397,19,37
89398,19,37
89399,19,40
89400,19,38
89401,19,41
89402,19,37
89403,19,39
89404,19,41
89405,19,38
89406,19,39
89407,19,40
89408,19,39
89409,19,38
89410,19,39
89411,19,38
89412,19,39
89413,19,38
89414,19,39
89415,19,41
89416,19,40
89417,19,39
89418,19,42
89419,19,38
89420,19,38
89421,19,37
89422,19,38
89423,19,39
89424,19,38
89425,19,40
89426,19,40
89427,19,38
89428,19,39
89429,19,38
89430,19,38
89431,19,40
89432,19,38
89433,19,37
89434,19,38
89435,19,38
89436,19,39
89437,19,39
89438,19,39
89439,19,39
89440,19,36
89441,19,39
89442,19,38
89443,19,38
89444,19,39
89445,19,40
89446,19,38
89447,19,38
89448,19,38
89449,19,39
89450,19,39
89451,19,39
89452,19,40
89453,19,37
89454,19,38
89455,19,38
89456,19,39
89457,19,39
89458,19,38
89459,19,41
89460,19,38
89461,19,39
89462,19,40
89463,19,39
89464,19,38
89465,19,39
89466,19,37
89467,19,38
89468,19,37
89469,19,39
89470,19,41
89471,19,38
89472,19,37
89473,19,39
89474,19,38
89475,19,40
89476,19,38
89477,19,39
89478,19,38
89479,19,39
89480,19,38
89481,19,40
89482,19,40
89483,19,37
89484,19,39
89485,19,39
89486,19,36
89487,19,39
89488,19,37
89489,19,39
89490,19,39
89491,19,38
89492,19,39
89493,19,38
89494,19,38
89495,19,40
89496,19,38
89497,19,39
89498,19,39
89499,19,39
89500,19,38
89501,19,38
89502,19,39
89503,19,39
89504,19,37
89505,19,42
89506,19,38
89507,19,39
89508,19,40
89509,19,40
89510,19,38
89511,19,38
89512,19,38
89513,19,40
89514,19,40
89515,19,39
89516,19,39
89517,19,39
89518,19,39
89519,19,38
89520,19,38
89521,19,38
89522,19,38
89523,19,38
89524,19,40
89525,19,38
89526,20,42
89527,19,37
89528,19,40
89529,19,37
89530,19,37
89531,19,39
89532,19,38
89533,19,37
89534,19,39
89535,19,42
89536,19,39
89537,19,38
89538,19,38
89539,19,38
89540,19,41
89541,19,38
89542,19,39
89543,19,39
89544,19,38
89545,19,41
89546,19,38
89547,19,37
89548,19,39
89549,19,39
89550,19,39
89551,19,39
89552,19,40
89553,19,38
89554,19,38
89555,19,37
89556,19,37
89557,19,39
89558,19,38
89559,19,39
89560,19,39
89561,19,41
89562,19,41
89563,19,39
89564,19,39
89565,19,39
89566,19,39
89567,19,39
89568,19,39
89569,19,40
89570,19,40
89571,19,38
89572,19,37
89573,19,38
89574,19,40
89575,19,38
89576,19,41
89577,19,38
89578,19,39
89579,19,37
89580,19,37
89581,19,38
89582,19,40
89583,19,40
89584,19,38
89585,19,38
89586,19,38
89587,19,40
89588,19,39
89589,19,38
89590,19,39
89591,19,38
89592,19,40
89593,19,40
89594,19,38
89595,19,39
89596,19,40
89597,19,40
89598,19,38
89599,19,39
89600,19,41
89601,19,37
89602,19,39
89603,19,39
89604,19,37
89605,19,38
89606,19,39
89607,19,37
89608,19,40
89609,19,40
89610,19,37
89611,19,38
89612,19,40
89613,19,38
89614,19,37
89615,19,38
89616,19,39
89617,19,39
89618,19,39
89619,19,40
89620,19,41
89621,19,41
89622,19,40
89623,19,40
89624,19,38
89625,19,40
89626,19,40
89627,19,40
89628,19,37
89629,19,41
89630,19,38
89631,19,39
89632,19,38
89633,19,39
89634,19,38
89635,19,40
89636,19,37
89637,19,38
89638,19,38
89639,20,39
89640,19,39
89641,19,37
89642,19,41
89643,19,39
89644,19,37
89645,19,38
89646,19,37
89647,19,41
89648,19,38
89649,19,38
89650,19,39
89651,19,39
89652,19,40
89653,19,41
89654,19,37
89655,19,37
89656,19,38
89657,19,37
89658,19,41
89659,19,39
89660,19,41
89661,19,39
89662,19,38
89663,19,37
89664,19,39
89665,19,39
89666,19,39
89667,19,41
89668,19,38
89669,19,38
89670,19,39
89671,19,40
89672,19,38
89673,19,37
89674,19,37
89675,19,39
89676,19,38
89677,19,38
89678,19,40
89679,19,38
89680,19,39
89681,19,39
89682,19,40
89683,19,40
89684,19,38
89685,19,40
89686,19,39
89687,19,38
89688,19,40
89689,19,39
89690,19,40
89691,19,39
89692,19,38
89693,19,38
89694,19,41
89695,19,38
89696,19,37
89697,19,38
89698,19,38
89699,19,40
89700,19,41
89701,19,39
89702,19,41
89703,19,38
89704,19,40
89705,19,39
89706,19,39
89707,19,36
89708,19,37
89709,19,36
89710,19,38
89711,19,39
89712,19,38
89713,19,37
89714,19,39
89715,19,40
89716,19,39
89717,19,38
89718,19,40
89719,19,40
89720,19,38
89721,19,38
89722,19,40
89723,19,39
89724,19,42
89725,19,39
89726,19,41
89727,19,38
89728,19,38
89729,19,40
89730,19,39
89731,19,38
89732,19,39
89733,19,40
89734,19,39
89735,19,37
89736,19,39
89737,19,40
89738,19,38
89739,19,39
89740,19,41
89741,19,38
89742,19,40
89743,19,36
89744,19,38
89745,19,38
89746,19,41
89747,19,38
89748,19,39
89749,19,37
89750,19,39
89751,19,39
89752,19,37
89753,19,39
89754,19,40
89755,19,37
89756,19,37
89757,19,40
89758,19,39
89759,19,39
89760,19,40
89761,19,39
89762,19,38
89763,19,38
89764,19,38
89765,19,37
89766,19,39
89767,19,39
89768,19,40
89769,19,38
89770,19,39
89771,19,39
89772,19,37
89773,19,38
89774,19,38
89775,19,38
89776,19,38
89777,19,38
89778,19,38
89779,19,40
89780,19,38
89781,19,40
89782,19,39
89783,19,37
89784,19,41
89785,19,38
89786,19,40
89787,19,39
89788,19,38
89789,19,38
89790,19,38
89791,19,39
89792,19,39
89793,19,38
89794,19,39
89795,19,39
89796,19,39
89797,19,37
89798,19,38
89799,19,39
89800,19,39
89801,19,38
89802,19,37
89803,19,37
89804,19,38
89805,19,39
89806,19,41
89807,19,38
89808,20,38
89809,19,38
89810,19,38
89811,19,38
89812,19,40
89813,20,39
89814,19,39
89815,19,37
89816,19,39
89817,19,38
89818,19,39
89819,19,41
89820,19,37
89821,19,39
89822,19,37
89823,19,39
89824,19,39
89825,19,37
89826,19,40
89827,19,38
89828,19,40
89829,19,38
89830,19,39
89831,19,37
89832,19,39
89833,19,39
89834,19,41
89835,19,39
89836,19,41
89837,19,39
89838,19,40
89839,19,38
89840,19,38
89841,19,42
89842,19,37
89843,19,38
89844,19,40
89845,19,38
89846,19,41
89847,19,38
89848,19,38
89849,19,38
89850,19,40
89851,19,38
89852,19,38
89853,19,40
89854,19,39
89855,19,40
89856,19,37
89857,19,37
89858,19,40
89859,19,38
89860,19,40
89861,19,40
89862,19,37
89863,19,37
89864,19,38
89865,19,39
89866,19,39
89867,19,41
89868,20,40
89869,19,41
89870,19,37
89871,19,39
89872,19,39
89873,19,39
89874,19,40
89875,19,42
89876,19,39
89877,19,39
89878,19,40
89879,19,40
89880,19,39
89881,19,38
89882,19,39
89883,19,39
89884,19,39
89885,19,40
89886,19,39
89887,19,37
89888,19,38
89889,19,37
89890,19,39
89891,19,40
89892,19,38
89893,19,38
89894,19,41
89895,19,39
89896,19,40
89897,19,39
89898,19,38
89899,19,38
89900,19,39
89901,19,40
89902,19,41
89903,19,39
89904,19,40
89905,19,39
89906,19,38
89907,19,38
89908,19,40
89909,19,39
89910,19,40
89911,19,40
89912,19,38
89913,19,39
89914,19,37
89915,19,40
89916,19,39
89917,19,39
89918,19,39
89919,19,39
89920,19,39
89921,19,39
89922,19,36
89923,20,38
89924,19,38
89925,19,41
89926,20,39
89927,19,37
89928,19,40
89929,19,37
89930,19,40
89931,19,37
89932,19,37
89933,19,38
89934,19,40
89935,19,40
89936,19,40
89937,19,39
89938,19,38
89939,19,38
89940,19,39
89941,19,38
89942,19,39
89943,19,39
89944,19,39
89945,19,39
89946,19,39
89947,19,40
89948,19,41
89949,19,39
89950,19,38
89951,19,39
89952,19,39
89953,19,39
89954,19,40
89955,19,37
89956,19,37
89957,19,39
89958,19,39
89959,19,40
89960,19,40
89961,19,42
89962,19,37
89963,19,40
89964,19,40
89965,19,39
89966,19,38
89967,19,40
89968,19,38
89969,19,38
89970,19,37
89971,19,39
89972,19,39
89973,19,40
89974,19,40
89975,19,38
89976,19,38
89977,19,42
89978,19,38
89979,19,39
89980,19,40
89981,19,40
89982,19,37
89983,19,39
89984,19,40
89985,19,40
89986,19,37
89987,19,40
89988,19,37
89989,20,40
89990,19,39
89991,19,39
89992,19,39
89993,19,37
89994,19,38
89995,19,38
89996,19,40
89997,19,38
89998,19,39
89999,19,37
90000,19,39
90001,19,39
90002,19,38
90003,19,38
90004,19,40
90005,19,38
90006,19,36
90007,19,37
90008,19,39
90009,19,38
90010,19,39
90011,19,38
90012,19,36
90013,19,37
90014,19,39
90015,19,42
90016,19,40
90017,19,41
90018,19,37
90019,19,38
90020,19,39
90021,19,38
90022,19,38
90023,19,38
90024,19,41
90025,19,38
90026,19,40
90027,19,39
90028,19,38
90029,19,38
90030,19,38
90031,19,38
90032,19,40
90033,19,38
90034,19,38
90035,19,40
90036,19,40
90037,19,38
90038,19,42
90039,19,38
90040,19,37
90041,19,38
90042,19,38
90043,19,40
90044,19,38
90045,19,38
90046,19,39
90047,19,38
90048,20,38
90049,19,37
90050,19,40
90051,19,38
90052,19,40
90053,19,38
90054,19,40
90055,19,41
90056,19,38
90057,19,38
90058,19,39
90059,19,40
90060,19,39
90061,19,40
90062,19,37
90063,19,39
90064,19,39
90065,19,39
90066,19,39
90067,19,37
90068,19,37
90069,19,40
90070,19,40
90071,19,39
90072,19,39
90073,19,39
90074,19,39
90075,19,39
90076,19,39
90077,19,38
90078,19,37
90079,19,40
90080,19,39
90081,19,39
90082,19,38
90083,19,40
90084,19,40
90085,19,38
90086,19,37
90087,19,40
90088,19,38
90089,19,40
90090,19,42
90091,19,38
90092,19,38
90093,19,39
90094,19,39
90095,19,40
90096,19,37
90097,19,37
90098,19,40
90099,19,41
90100,19,40
90101,19,38
90102,19,42
90103,19,38
90104,19,39
90105,19,41
90106,19,38
90107,19,39
90108,19,41
90109,19,37
90110,19,39
90111,19,39
90112,19,41
90113,19,39
90114,19,38
90115,19,40
90116,19,39
90117,19,38
90118,19,39
90119,19,41
90120,19,40
90121,19,40
90122,19,38
90123,19,39
90124,19,38
90125,19,39
90126,19,40
90127,19,39
90128,19,40
90129,19,38
90130,19,41
90131,19,37
90132,19,37
90133,19,39
90134,19,37
90135,19,39
90136,19,40
90137,19,39
90138,19,37
90139,19,38
90140,19,39
90141,19,41
90142,19,38
90143,19,39
90144,19,39
90145,19,40
90146,19,39
90147,19,41
90148,19,38
90149,19,38
90150,19,40
90151,19,39
90152,19,38
90153,19,38
90154,19,40
90155,19,37
90156,19,38
90157,19,38
90158,19,37
90159,19,39
90160,19,39
90161,19,38
90162,19,38
90163,19,38
90164,19,39
90165,19,39
90166,19,39
90167,19,39
90168,19,41
90169,19,38
90170,19,38
90171,19,40
90172,19,38
90173,19,40
90174,19,40
90175,19,38
90176,19,38
90177,19,37
90178,19,39
90179,19,38
90180,19,38
90181,19,38
90182,19,39
90183,19,37
90184,19,39
90185,19,43
90186,19,39
90187,19,39
90188,19,37
90189,19,38
90190,19,38
90191,19,37
90192,19,39
90193,19,41
90194,19,39
90195,19,38
90196,19,38
90197,19,38
90198,19,39
90199,19,39
90200,19,39
90201,19,42
90202,19,37
90203,19,38
90204,19,39
90205,19,39
90206,19,39
90207,19,39
90208,19,38
90209,19,41
90210,19,40
90211,19,39
90212,19,39
90213,19,38
90214,19,37
90215,19,41
90216,19,38
90217,19,39
90218,19,40
90219,19,39
90220,19,38
90221,19,39
90222,19,39
90223,19,39
90224,19,39
90225,19,39
90226,19,38
90227,19,38
90228,19,38
90229,19,37
90230,19,38
90231,19,41
90232,19,38
90233,19,39
90234,19,41
90235,19,38
90236,19,40
90237,19,40
90238,19,39
90239,19,37
90240,19,37
90241,19,41
90242,19,39
90243,19,38
90244,19,38
90245,19,41
90246,19,38
90247,19,38
90248,19,40
90249,19,38
90250,19,41
90251,19,39
90252,19,39
90253,19,41
90254,20,39
90255,19,40
90256,19,39
90257,19,40
90258,19,39
90259,19,38
90260,19,38
90261,19,38
90262,19,35
90263,19,41
90264,19,38
90265,19,38
90266,19,37
90267,19,40
90268,19,36
90269,19,39
90270,19,40
90271,19,39
90272,19,40
90273,19,37
90274,19,39
90275,19,39
90276,19,42
90277,19,38
90278,19,38
90279,19,38
90280,19,38
90281,19,37
90282,19,38
90283,19,39
90284,19,39
90285,19,40
90286,19,39
90287,19,38
90288,19,43
90289,19,39
90290,19,39
90291,19,39
90292,19,40
90293,19,39
90294,19,37
90295,19,38
90296,19,39
90297,19,37
90298,19,38
90299,19,39
90300,19,40
90301,19,38
90302,19,39
90303,19,38
90304,19,39
90305,19,39
90306,19,38
90307,19,37
90308,19,39
90309,19,40
90310,19,38
90311,19,43
90312,19,38
90313,19,39
90314,19,37
90315,19,39
90316,19,40
90317,19,40
90318,19,39
90319,19,40
90320,19,38
90321,19,39
90322,19,39
90323,19,39
90324,19,40
90325,19,39
90326,19,39
90327,19,37
90328,19,39
90329,19,38
90330,19,36
90331,19,37
90332,19,39
90333,19,38
90334,19,40
90335,19,38
90336,19,37
90337,19,40
90338,19,40
90339,19,39
90340,19,37
90341,19,39
90342,19,37
90343,19,39
90344,19,40
90345,19,37
90346,19,39
90347,19,38
90348,19,38
90349,20,40
90350,19,40
90351,19,39
90352,19,39
90353,19,39
90354,19,39
90355,19,39
90356,19,39
90357,19,38
90358,19,40
90359,19,39
90360,19,39
90361,19,39
90362,19,37
90363,19,39
90364,19,37
90365,19,40
90366,19,37
90367,19,40
90368,19,37
90369,19,37
90370,19,41
90371,19,39
90372,19,37
90373,19,40
90374,19,40
90375,19,38
90376,19,40
90377,19,40
90378,19,38
90379,19,37
90380,19,40
90381,19,40
90382,19,37
90383,19,40
90384,19,40
90385,19,38
90386,19,40
90387,19,39
90388,19,42
90389,19,38
90390,19,38
90391,19,39
90392,19,39
90393,19,39
90394,19,39
90395,19,40
90396,19,37
90397,20,39
90398,20,40
90399,19,37
90400,19,37
90401,19,41
90402,19,37
90403,19,40
90404,19,40
90405,19,38
90406,19,38
90407,19,39
90408,19,43
90409,19,38
90410,19,39
90411,19,38
90412,19,40
90413,19,42
90414,19,39
90415,19,37
90416,19,39
90417,19,38
90418,19,38
90419,19,38
90420,19,39
90421,19,38
90422,19,37
90423,19,37
90424,19,39
90425,19,40
90426,19,40
90427,19,39
90428,19,41
90429,19,39
90430,19,39
90431,19,38
90432,19,39
90433,19,38
90434,19,38
90435,19,38
90436,19,39
90437,19,38
90438,19,39
90439,19,39
90440,19,39
90441,19,42
90442,19,37
90443,19,39
90444,19,40
90445,19,38
90446,19,38
90447,19,40
90448,19,38
90449,19,38
90450,19,37
90451,19,37
90452,19,39
90453,19,41
90454,19,38
90455,19,38
90456,19,38
90457,19,41
90458,19,39
90459,19,39
90460,19,40
90461,19,40
90462,19,40
90463,19,39
90464,19,39
90465,19,39
90466,19,39
90467,19,41
90468,19,39
90469,19,38
90470,19,39
90471,19,39
90472,19,41
90473,19,40
90474,19,37
90475,19,40
90476,19,38
90477,19,41
90478,19,38
90479,19,40
90480,19,39
90481,19,39
90482,19,39
90483,19,39
90484,19,40
90485,19,40
90486,19,38
90487,19,39
90488,19,38
90489,19,39
90490,19,40
90491,19,39
90492,19,39
90493,19,38
90494,19,38
90495,19,40
90496,19,41
90497,19,39
90498,19,39
90499,19,40
90500,19,38
90501,19,40
90502,19,39
90503,19,39
90504,19,39
90505,19,37
90506,19,38
90507,19,38
90508,19,42
90509,19,38
90510,19,36
90511,19,39
90512,19,39
90513,19,42
90514,19,40
90515,19,37
90516,19,38
90517,19,40
90518,19,39
90519,19,39
90520,19,38
90521,19,40
90522,19,38
90523,19,39
90524,19,40
90525,19,39
90526,19,40
90527,19,40
90528,19,38
90529,19,38
90530,19,37
90531,19,38
90532,19,39
90533,19,38
90534,19,40
90535,19,37
90536,19,38
90537,19,38
90538,19,38
90539,19,40
90540,19,40
90541,19,39
90542,19,39
90543,19,40
90544,19,39
90545,19,40
90546,20,39
90547,19,40
90548,19,38
90549,19,37
90550,19,39
90551,19,39
90552,19,38
90553,19,38
90554,19,38
90555,19,38
90556,19,41
90557,19,41
90558,19,39
90559,19,38
90560,19,39
90561,19,40
90562,19,42
90563,19,39
90564,19,40
90565,19,37
90566,19,40
90567,19,41
90568,19,39
90569,19,39
90570,19,39
90571,19,38
90572,19,41
90573,19,39
90574,19,40
90575,19,39
90576,19,39
90577,19,38
90578,19,37
90579,19,39
90580,19,39
90581,19,39
90582,19,42
90583,19,40
90584,19,38
90585,19,39
90586,19,38
90587,19,38
90588,19,39
90589,19,38
90590,19,38
90591,19,40
90592,19,41
90593,19,38
90594,19,38
90595,19,39
90596,19,40
90597,19,41
90598,19,39
90599,19,39
90600,19,39
90601,19,41
90602,19,37
90603,19,38
90604,19,39
90605,20,41
90606,19,38
90607,19,39
90608,19,41
90609,19,40
90610,19,40
90611,19,39
90612,19,37
90613,19,40
90614,19,39
90615,19,37
90616,19,38
90617,19,37
90618,19,40
90619,19,39
90620,19,37
90621,19,38
90622,19,41
90623,19,41
90624,19,40
90625,19,39
90626,19,38
90627,19,40
90628,19,38
90629,19,38
90630,19,39
90631,19,42
90632,19,39
90633,19,39
90634,19,40
90635,19,38
90636,19,39
90637,19,41
90638,19,39
90639,19,39
90640,19,38
90641,19,39
90642,19,37
90643,20,39
90644,19,38
90645,19,41
90646,19,39
90647,19,38
90648,19,39
90649,19,38
90650,19,38
90651,19,40
90652,19,38
90653,19,37
90654,19,40
90655,19,38
90656,19,39
90657,19,38
90658,19,40
90659,19,40
90660,19,39
90661,19,40
90662,19,40
90663,19,42
90664,19,39
90665,19,39
90666,19,38
90667,19,38
90668,19,38
90669,19,41
90670,19,37
90671,19,38
90672,19,40
90673,19,39
90674,19,37
90675,19,39
90676,19,39
90677,19,37
90678,19,38
90679,19,37
90680,19,40
90681,19,39
90682,19,37
90683,19,38
90684,19,37
90685,19,41
90686,19,40
90687,19,38
90688,19,41
90689,19,38
90690,19,38
90691,19,37
90692,19,41
90693,19,40
90694,19,39
90695,20,38
90696,19,39
90697,19,38
90698,19,40
90699,19,39
90700,19,38
90701,19,39
90702,19,39
90703,19,36
90704,19,40
90705,19,38
90706,19,38
90707,19,38
90708,19,40
90709,19,40
90710,19,42
90711,19,39
90712,19,37
90713,19,38
90714,19,39
90715,19,38
90716,19,38
90717,19,38
90718,19,38
90719,19,39
90720,19,41
90721,19,40
90722,19,39
90723,19,43
90724,19,40
90725,19,36
90726,19,39
90727,19,39
90728,19,39
90729,19,38
90730,19,38
90731,19,40
90732,19,37
90733,19,38
90734,19,40
90735,19,38
90736,19,39
90737,19,41
90738,19,37
90739,19,39
90740,19,41
90741,19,37
90742,19,39
90743,19,39
90744,19,39
90745,19,39
90746,19,40
90747,19,39
90748,19,39
90749,19,40
90750,19,36
90751,19,40
90752,19,39
90753,19,39
90754,20,39
90755,19,41
90756,19,40
90757,19,40
90758,19,40
90759,19,39
90760,19,38
90761,19,40
90762,19,38
90763,19,37
90764,19,39
90765,19,40
90766,19,40
90767,19,39
90768,19,37
90769,19,37
90770,19,38
90771,19,37
90772,19,39
90773,19,38
90774,19,41
90775,19,41
90776,19,36
90777,19,36
90778,19,37
90779,19,40
90780,19,39
90781,19,39
90782,19,38
90783,19,38
90784,19,38
90785,19,40
90786,19,40
90787,19,41
90788,19,41
90789,19,38
90790,19,39
90791,19,40
90792,19,38
90793,19,38
90794,19,40
90795,19,38
90796,19,38
90797,19,41
90798,19,38
90799,19,38
90800,19,40
90801,19,38
90802,19,41
90803,19,39
90804,19,39
90805,19,39
90806,19,39
90807,19,39
90808,19,39
90809,19,37
90810,19,38
90811,19,40
90812,19,39
90813,19,38
90814,19,41
90815,19,38
90816,19,39
90817,19,38
90818,19,40
90819,19,39
90820,19,37
90821,19,40
90822,19,38
90823,19,39
90824,19,39
90825,19,38
90826,19,38
90827,19,38
90828,19,39
90829,19,38
90830,19,39
90831,19,39
90832,19,39
90833,19,39
90834,19,39
90835,19,40
90836,19,39
90837,19,40
90838,19,39
90839,19,38
90840,19,40
90841,19,40
90842,19,38
90843,19,40
90844,19,40
90845,19,39
90846,19,41
90847,19,38
90848,19,38
90849,19,39
90850,19,38
90851,19,38
90852,19,39
90853,19,38
90854,19,38
90855,19,38
90856,19,38
90857,19,38
90858,19,39
90859,20,40
90860,19,39
90861,19,43
90862,19,38
90863,19,41
90864,19,41
90865,19,37
90866,19,39
90867,19,38
90868,19,37
90869,19,39
90870,19,38
90871,19,40
90872,19,40
90873,19,38
90874,19,40
90875,19,39
90876,19,39
90877,19,40
90878,19,39
90879,19,40
90880,19,40
90881,19,38
90882,19,39
90883,19,39
90884,19,40
90885,19,40
90886,19,40
90887,19,39
90888,19,38
90889,19,39
90890,19,39
90891,19,38
90892,19,39
90893,19,39
90894,19,39
90895,19,37
90896,19,38
90897,19,38
90898,19,39
90899,19,38
90900,19,39
90901,19,39
90902,19,40
90903,19,39
90904,19,38
90905,19,39
90906,19,40
90907,19,40
90908,19,40
90909,19,39
90910,19,41
90911,19,41
90912,19,38
90913,19,37
90914,19,38
90915,19,39
90916,19,38
90917,19,39
90918,19,38
90919,19,37
90920,19,36
90921,19,40
90922,19,39
90923,19,39
90924,19,40
90925,19,38
90926,19,39
90927,19,38
90928,19,37
90929,19,38
90930,19,39
90931,19,38
90932,19,38
90933,19,38
90934,19,39
90935,19,40
90936,19,40
90937,19,39
90938,19,39
90939,19,40
90940,19,40
90941,19,40
90942,19,37
90943,19,41
90944,19,41
90945,19,39
90946,19,38
90947,19,35
90948,19,38
90949,19,38
90950,19,38
90951,19,41
90952,19,40
90953,19,41
90954,19,35
90955,19,38
90956,19,37
90957,19,39
90958,19,39
90959,19,40
90960,19,40
90961,19,39
90962,19,38
90963,19,39
90964,19,37
90965,19,42
90966,19,40
90967,19,40
90968,19,38
90969,19,40
90970,19,39
90971,19,40
90972,19,39
90973,19,39
90974,19,39
90975,19,38
90976,19,37
90977,19,39
90978,19,39
90979,19,42
90980,19,38
90981,19,40
90982,19,41
90983,19,37
90984,19,38
90985,19,39
90986,19,39
90987,19,40
90988,19,41
90989,19,37
90990,19,38
90991,19,40
90992,20,39
90993,19,38
90994,19,40
90995,19,40
90996,19,38
90997,19,39
90998,19,40
90999,19,38
91000,19,37
91001,19,40
91002,19,41
91003,19,38
91004,19,40
91005,19,40
91006,19,36
91007,19,41
91008,19,39
91009,19,39
91010,19,38
91011,19,40
91012,19,36
91013,19,39
91014,19,39
91015,19,38
91016,19,39
91017,19,38
91018,19,40
91019,19,38
91020,19,39
91021,19,39
91022,19,39
91023,19,36
91024,19,40
91025,19,38
91026,19,39
91027,19,37
91028,19,39
91029,19,40
91030,19,38
91031,19,39
91032,19,39
91033,19,39
91034,19,40
91035,19,40
91036,19,38
91037,19,41
91038,19,39
91039,19,39
91040,19,42
91041,19,40
91042,19,40
91043,19,40
91044,19,38
91045,19,38
91046,19,38
91047,19,40
91048,19,37
91049,19,37
91050,19,39
91051,19,39
91052,19,38
91053,19,40
91054,19,39
91055,19,37
91056,19,39
91057,19,39
91058,19,39
91059,19,40
91060,19,39
91061,19,40
91062,20,40
91063,19,37
91064,19,40
91065,19,38
91066,19,38
91067,19,39
91068,19,37
91069,19,39
91070,19,38
91071,19,40
91072,19,39
91073,19,40
91074,19,39
91075,19,36
91076,19,38
91077,19,40
91078,19,37
91079,19,38
91080,19,38
91081,19,38
91082,19,39
91083,19,37
91084,19,39
91085,19,40
91086,19,37
91087,19,38
91088,19,38
91089,19,39
91090,19,39
91091,19,39
91092,19,40
91093,19,38
91094,19,39
91095,19,38
91096,19,37
91097,19,39
91098,19,39
91099,19,39
91100,19,39
91101,19,38
91102,19,38
91103,19,38
91104,19,40
91105,19,38
91106,19,37
91107,19,38
91108,19,40
91109,19,37
91110,19,39
91111,19,41
91112,20,41
91113,19,38
91114,19,40
91115,19,38
91116,19,38
91117,19,40
91118,19,40
91119,19,38
91120,19,38
91121,19,38
91122,19,39
91123,19,39
91124,19,38
91125,19,38
91126,19,41
91127,19,41
91128,19,38
91129,19,39
91130,19,39
91131,19,39
91132,19,40
91133,19,38
91134,19,40
91135,19,38
91136,19,41
91137,19,40
91138,19,37
91139,19,39
91140,19,39
91141,19,39
91142,19,39
91143,19,41
91144,19,39
91145,19,37
91146,19,37
91147,19,40
91148,19,39
91149,19,40
91150,19,39
91151,19,41
91152,19,40
91153,19,38
91154,19,38
91155,19,38
91156,19,39
91157,19,39
91158,19,40
91159,19,41
91160,19,38
91161,19,39
91162,19,38
91163,19,39
91164,19,37
91165,19,39
91166,19,40
91167,19,43
91168,19,37
91169,19,38
91170,19,39
91171,19,38
91172,19,37
91173,19,37
91174,19,39
91175,19,39
91176,19,37
91177,19,40
91178,19,40
91179,19,38
91180,19,38
91181,19,39
91182,19,39
91183,19,42
91184,19,38
91185,19,39
91186,19,41
91187,19,41
91188,19,37
91189,19,39
91190,19,40
91191,19,40
91192,19,39
91193,19,41
91194,19,39
91195,19,38
91196,19,39
91197,19,40
91198,19,38
91199,19,38
91200,19,38
91201,19,41
91202,19,39
91203,19,39
91204,19,38
91205,19,39
91206,19,39
91207,19,38
91208,19,40
91209,19,40
91210,19,38
91211,19,39
91212,19,38
91213,19,37
91214,19,37
91215,19,38
91216,19,39
91217,19,41
91218,19,38
91219,19,38
91220,19,40
91221,19,38
91222,19,40
91223,19,39
91224,19,39
91225,19,38
91226,19,41
91227,19,39
91228,19,38
91229,19,38
91230,19,37
91231,19,41
91232,19,37
91233,19,39
91234,19,38
91235,19,41
91236,19,38
91237,19,37
91238,19,40
91239,19,38
91240,19,38
91241,19,40
91242,19,39
91243,19,39
91244,19,39
91245,19,40
91246,19,39
91247,19,39
91248,19,39
91249,19,39
91250,19,38
91251,19,38
91252,19,37
91253,19,38
91254,19,39
91255,19,38
91256,19,38
91257,19,38
91258,19,39
91259,19,43
91260,19,38
91261,19,42
91262,19,39
91263,19,39
91264,19,38
91265,19,39
91266,19,38
91267,19,37
91268,19,37
91269,19,38
91270,19,38
91271,19,38
91272,19,40
91273,19,39
91274,19,38
91275,19,38
91276,19,39
91277,19,39
91278,19,39
91279,19,40
91280,19,39
91281,19,37
91282,19,38
91283,19,38
91284,19,39
91285,19,39
91286,19,39
91287,19,39
91288,19,38
91289,19,39
91290,19,38
91291,19,38
91292,19,41
91293,19,39
91294,19,38
91295,19,40
91296,19,40
91297,19,40
91298,19,38
91299,19,38
91300,19,40
91301,19,38
91302,19,38
91303,19,39
91304,19,41
91305,19,39
91306,19,39
91307,19,40
91308,19,38
91309,19,39
91310,19,39
91311,19,40
91312,19,39
91313,19,37
91314,19,39
91315,19,40
91316,19,39
91317,19,40
91318,19,38
91319,19,38
91320,19,39
91321,19,38
91322,19,40
91323,19,40
91324,19,39
91325,19,39
91326,19,38
91327,19,42
91328,19,37
91329,19,38
91330,19,39
91331,19,39
91332,19,40
91333,19,38
91334,19,41
91335,19,38
91336,19,37
91337,19,38
91338,19,40
91339,19,40
91340,19,39
91341,19,39
91342,19,39
91343,19,38
91344,19,38
91345,19,41
91346,19,40
91347,19,38
91348,19,39
91349,19,38
91350,19,38
91351,19,39
91352,19,39
91353,19,41
91354,19,39
91355,19,38
91356,19,39
91357,19,39
91358,19,39
91359,19,41
91360,19,38
91361,19,39
91362,19,41
91363,19,37
91364,19,37
91365,19,39
91366,19,38
91367,19,39
91368,19,38
91369,19,37
91370,19,37
91371,19,38
91372,19,40
91373,19,39
91374,19,38
91375,19,38
91376,19,40
91377,19,38
91378,19,37
91379,19,39
91380,19,38
91381,19,39
91382,19,40
91383,19,40
91384,19,39
91385,19,39
91386,19,39
91387,19,39
91388,19,40
91389,19,39
91390,19,40
91391,19,39
91392,19,41
91393,19,39
91394,19,38
91395,19,38
91396,19,40
91397,19,39
91398,19,39
91399,19,38
91400,19,39
91401,19,38
91402,19,41
91403,19,39
91404,19,40
91405,19,38
91406,19,42
91407,19,41
91408,19,38
91409,19,38
91410,19,37
91411,19,39
91412,19,38
91413,19,42
91414,19,39
91415,19,38
91416,19,38
91417,19,40
91418,19,38
91419,19,39
91420,19,40
91421,19,39
91422,19,38
91423,19,37
91424,19,39
91425,19,39
91426,19,39
91427,19,40
91428,19,40
91429,19,37
91430,19,41
91431,19,37
91432,19,39
91433,20,37
91434,19,41
91435,19,37
91436,19,39
91437,19,37
91438,19,40
91439,19,39
91440,19,39
91441,19,37
91442,19,40
91443,19,37
91444,19,36
91445,19,38
91446,19,39
91447,19,40
91448,19,38
91449,19,39
91450,19,39
91451,19,40
91452,19,37
91453,19,38
91454,19,39
91455,19,37
91456,19,39
91457,19,40
91458,19,38
91459,19,39
91460,19,40
91461,19,38
91462,19,38
91463,19,38
91464,19,39
91465,19,39
91466,19,40
91467,19,39
91468,19,39
91469,19,38
91470,19,39
91471,19,38
91472,19,39
91473,19,40
91474,19,39
91475,19,38
91476,19,39
91477,19,40
91478,19,38
91479,19,40
91480,19,38
91481,19,39
91482,19,38
91483,19,39
91484,20,39
91485,19,42
91486,19,40
91487,19,38
91488,19,40
91489,19,38
91490,19,39
91491,19,37
91492,19,38
91493,19,39
91494,19,40
91495,19,38
91496,19,38
91497,19,37
91498,19,38
91499,19,40
91500,19,40
91501,19,39
91502,19,41
91503,19,37
91504,19,38
91505,19,39
91506,19,38
91507,19,40
91508,19,39
91509,19,41
91510,19,39
91511,19,38
91512,19,39
91513,19,37
91514,19,40
91515,19,40
91516,19,38
91517,19,37
91518,19,41
91519,19,38
91520,19,40
91521,19,37
91522,19,38
91523,19,37
91524,19,37
91525,19,39
91526,19,40
91527,19,39
91528,19,38
91529,19,39
91530,19,37
91531,19,38
91532,19,38
91533,19,42
91534,19,38
91535,19,38
91536,19,38
91537,19,38
91538,19,38
91539,19,39
91540,19,39
91541,19,39
91542,19,38
91543,19,41
91544,19,39
91545,19,40
91546,19,39
91547,19,43
91548,19,39
91549,19,38
91550,19,38
91551,19,42
91552,19,38
91553,19,39
91554,19,39
91555,19,38
91556,19,38
91557,19,39
91558,19,38
91559,19,40
91560,19,38
91561,19,38
91562,19,39
91563,19,38
91564,19,38
91565,19,39
91566,19,40
91567,19,38
91568,19,39
91569,19,39
91570,19,41
91571,19,39
91572,20,38
91573,19,39
91574,19,38
91575,19,39
91576,19,37
91577,19,39
91578,19,38
91579,19,39
91580,19,36
91581,19,37
91582,19,38
91583,19,40
91584,19,40
91585,19,38
91586,19,38
91587,19,38
91588,19,40
91589,19,37
91590,19,40
91591,19,38
91592,19,40
91593,19,38
91594,19,36
91595,19,41
91596,19,39
91597,19,39
91598,19,38
91599,19,38
91600,19,40
91601,19,39
91602,19,38
91603,19,38
91604,19,40
91605,19,39
91606,19,39
91607,19,39
91608,19,39
91609,19,40
91610,19,38
91611,19,40
91612,19,38
91613,19,38
91614,19,38
91615,19,39
91616,19,38
91617,19,37
91618,19,39
91619,19,38
91620,19,42
91621,19,41
91622,19,39
91623,19,41
91624,19,39
91625,19,37
91626,19,41
91627,19,38
91628,19,39
91629,19,38
91630,19,40
91631,19,37
91632,19,37
91633,19,37
91634,19,38
91635,19,37
91636,19,41
91637,19,39
91638,19,41
91639,19,39
91640,19,39
91641,19,41
91642,19,38
91643,19,38
91644,19,40
91645,19,40
91646,19,39
91647,19,37
91648,19,39
91649,19,38
91650,19,38
91651,19,39
91652,19,40
91653,19,40
91654,19,40
91655,19,36
91656,19,39
91657,19,39
91658,19,38
91659,19,38
91660,19,38
91661,19,39
91662,19,38
91663,19,41
91664,19,39
91665,19,40
91666,19,38
91667,19,40
91668,19,40
91669,19,41
91670,19,39
91671,19,40
91672,19,42
91673,19,38
91674,19,39
91675,19,40
91676,19,42
91677,19,38
91678,19,39
91679,19,40
91680,19,38
91681,19,39
91682,19,39
91683,19,42
91684,19,37
91685,19,40
91686,19,36
91687,19,40
91688,19,38
91689,19,39
91690,19,39
91691,20,38
91692,19,38
91693,19,39
91694,19,38
91695,19,37
91696,19,40
91697,19,40
91698,19,41
91699,19,39
91700,19,38
91701,19,38
91702,19,38
91703,19,36
91704,19,40
91705,19,40
91706,19,39
91707,19,36
91708,19,40
91709,19,38
91710,19,40
91711,19,40
91712,19,42
91713,19,39
91714,19,40
91715,19,40
91716,19,39
91717,19,38
91718,19,38
91719,19,39
91720,19,40
91721,19,39
91722,19,38
91723,19,38
91724,19,42
91725,19,40
91726,19,40
91727,19,42
91728,19,39
91729,19,39
91730,19,38
91731,19,39
91732,19,38
91733,19,40
91734,19,37
91735,19,38
91736,19,37
91737,19,38
91738,19,41
91739,19,39
91740,19,39
91741,19,39
91742,19,37
91743,19,39
91744,19,39
91745,19,39
91746,19,41
91747,19,40
91748,19,39
91749,19,38
91750,19,41
91751,19,38
91752,19,38
91753,19,40
91754,19,39
91755,19,40
91756,19,37
91757,19,38
91758,19,37
91759,19,39
91760,19,38
91761,19,39
91762,19,37
91763,19,39
91764,19,38
91765,19,40
91766,19,38
91767,20,40
91768,19,39
91769,19,39
91770,19,38
91771,19,38
91772,19,40
91773,19,40
91774,19,38
91775,19,40
91776,19,39
91777,19,39
91778,19,38
91779,19,41
91780,19,41
91781,20,40
91782,19,42
91783,19,39
91784,19,38
91785,19,39
91786,19,39
91787,19,37
91788,19,38
91789,19,37
91790,19,39
91791,19,38
91792,19,39
91793,19,40
91794,19,38
91795,19,37
91796,19,38
91797,19,40
91798,19,39
91799,19,37
91800,19,39
91801,19,40
91802,19,40
91803,19,41
91804,19,41
91805,19,38
91806,19,37
91807,19,38
91808,19,39
91809,19,39
91810,19,39
91811,19,39
91812,19,40
91813,19,39
91814,19,39
91815,19,39
91816,19,37
91817,19,38
91818,19,38
91819,19,40
91820,19,39
91821,19,40
91822,19,39
91823,19,39
91824,19,40
91825,19,37
91826,19,38
91827,19,39
91828,19,38
91829,19,39
91830,19,39
91831,19,39
91832,19,39
91833,19,39
91834,19,37
91835,19,39
91836,19,39
91837,19,39
91838,19,40
91839,19,39
91840,19,37
91841,19,39
91842,19,39
91843,19,38
91844,19,40
91845,19,41
91846,19,40
91847,19,38
91848,19,37
91849,19,38
91850,19,38
91851,19,38
91852,19,41
91853,19,38
91854,19,38
91855,19,39
91856,19,41
91857,19,39
91858,19,39
91859,19,38
91860,19,39
91861,19,38
91862,19,38
91863,19,40
91864,20,38
91865,19,39
91866,19,39
91867,19,40
91868,19,39
91869,19,40
91870,19,40
91871,19,39
91872,19,41
91873,19,41
91874,19,39
91875,19,40
91876,19,39
91877,19,41
91878,19,38
91879,19,37
91880,19,39
91881,19,37
91882,19,39
91883,19,38
91884,19,40
91885,19,39
91886,19,38
91887,19,39
91888,19,38
91889,19,38
91890,19,37
91891,19,37
91892,19,39
91893,19,36
91894,19,39
91895,19,38
91896,19,40
91897,19,38
91898,19,38
91899,19,39
91900,19,38
91901,19,41
91902,19,39
91903,19,38
91904,19,38
91905,19,37
91906,19,40
91907,19,38
91908,19,38
91909,19,39
91910,19,37
91911,19,36
91912,19,39
91913,19,38
91914,19,40
91915,19,41
91916,19,37
91917,19,39
91918,19,38
91919,19,40
91920,19,40
91921,19,40
91922,19,40
91923,19,40
91924,19,41
91925,19,38
91926,19,38
91927,19,39
91928,19,39
91929,19,36
91930,19,39
91931,19,40
91932,19,40
91933,19,40
91934,19,41
91935,19,41
91936,19,37
91937,19,39
91938,19,38
91939,19,40
91940,19,42
91941,19,39
91942,19,41
91943,19,38
91944,19,38
91945,19,39
91946,19,38
91947,19,39
91948,19,38
91949,19,41
91950,19,41
91951,19,40
91952,20,40
91953,19,38
91954,19,39
91955,19,41
91956,19,41
91957,19,38
91958,19,38
91959,19,40
91960,19,39
91961,19,38
91962,19,38
91963,19,37
91964,19,39
91965,19,39
91966,19,40
91967,19,39
91968,19,39
91969,19,39
91970,19,40
91971,19,40
91972,19,40
91973,19,37
91974,19,38
91975,19,39
91976,19,40
91977,19,40
91978,19,39
91979,19,39
91980,19,38
91981,19,39
91982,19,39
91983,19,41
91984,19,41
91985,19,42
91986,19,39
91987,19,40
91988,19,38
91989,19,39
91990,19,41
91991,19,41
91992,19,41
91993,19,37
91994,19,38
91995,19,40
91996,19,39
91997,20,38
91998,19,38
91999,19,39
92000,19,39
92001,19,40
92002,19,38
92003,19,40
92004,19,36
92005,20,39
92006,19,39
92007,19,40
92008,19,35
92009,19,38
92010,19,38
92011,19,41
92012,19,40
92013,19,39
92014,19,39
92015,19,38
92016,19,40
92017,19,40
92018,19,38
92019,19,40
92020,19,38
92021,19,40
92022,19,40
92023,19,40
92024,19,37
92025,19,37
92026,19,39
92027,19,39
92028,19,40
92029,19,38
92030,19,38
92031,19,37
92032,19,40
92033,19,41
92034,19,39
92035,19,40
92036,19,39
92037,19,37
92038,19,39
92039,19,38
92040,19,40
92041,19,40
92042,19,42
92043,19,39
92044,19,37
92045,19,39
92046,19,40
92047,19,41
92048,19,38
92049,20,38
92050,19,40
92051,19,40
92052,19,40
92053,19,39
92054,19,39
92055,19,39
92056,19,40
92057,19,39
92058,19,38
92059,19,36
92060,19,40
92061,19,38
92062,19,40
92063,19,40
92064,19,38
92065,19,39
92066,19,40
92067,19,43
92068,19,40
92069,19,38
92070,19,39
92071,19,39
92072,19,37
92073,19,39
92074,19,38
92075,19,38
92076,19,39
92077,19,39
92078,19,39
92079,19,39
92080,19,40
92081,19,40
92082,19,40
92083,19,38
92084,19,39
92085,19,41
92086,19,40
92087,19,38
92088,19,38
92089,19,40
92090,19,38
92091,19,39
92092,19,40
92093,19,39
92094,19,40
92095,19,40
92096,19,38
92097,19,39
92098,19,41
92099,19,40
92100,19,37
92101,19,38
92102,19,40
92103,19,39
92104,19,39
92105,19,38
92106,19,38
92107,19,38
92108,19,39
92109,19,40
92110,19,40
92111,19,40
92112,19,38
92113,19,39
92114,19,37
92115,19,40
92116,19,38
92117,19,40
92118,19,39
92119,19,40
92120,19,40
92121,19,38
92122,19,41
92123,19,39
92124,19,39
92125,19,39
92126,19,38
92127,19,38
92128,19,39
92129,19,39
92130,19,39
92131,19,40
92132,19,39
92133,19,39
92134,19,38
92135,19,40
92136,19,39
92137,19,39
92138,19,41
92139,19,39
92140,19,39
92141,19,39
92142,19,40
92143,19,40
92144,19,37
92145,19,40
92146,19,39
92147,19,40
92148,19,39
92149,19,40
92150,19,38
92151,19,38
92152,19,40
92153,19,38
92154,19,39
92155,19,38
92156,19,39
92157,19,40
92158,19,39
92159,19,41
92160,19,40
92161,19,40
92162,19,40
92163,19,41
92164,19,38
92165,19,42
92166,19,39
92167,19,40
92168,19,38
92169,19,42
92170,19,40
92171,19,38
92172,19,39
92173,19,39
92174,19,39
92175,19,41
92176,19,37
92177,19,39
92178,19,39
92179,19,40
92180,19,42
92181,19,40
92182,19,40
92183,19,39
92184,19,39
92185,19,40
92186,19,36
92187,19,40
92188,19,40
92189,20,38
92190,19,39
92191,19,39
92192,19,38
92193,19,38
92194,19,37
92195,19,39
92196,19,39
92197,19,39
92198,19,37
92199,19,38
92200,19,40
92201,19,38
92202,19,36
92203,19,41
92204,19,40
92205,19,39
92206,19,41
92207,19,37
92208,19,40
92209,19,39
92210,19,38
92211,19,38
92212,19,38
92213,19,39
92214,19,41
92215,19,37
92216,19,39
92217,19,40
92218,19,40
92219,19,40
92220,19,38
92221,19,43
92222,19,39
92223,19,40
92224,20,39
92225,19,41
92226,19,40
92227,19,39
92228,19,39
92229,19,39
92230,19,40
92231,19,37
92232,19,44
92233,19,40
92234,19,39
92235,19,38
92236,19,37
92237,19,41
92238,19,40
92239,19,39
92240,19,38
92241,19,40
92242,19,40
92243,19,39
92244,19,37
92245,19,38
92246,19,38
92247,19,38
92248,19,40
92249,19,39
92250,19,39
92251,19,42
92252,19,41
92253,19,39
92254,19,38
92255,20,38
92256,19,39
92257,19,40
92258,19,38
92259,19,39
92260,19,39
92261,19,37
92262,19,39
92263,19,39
92264,19,37
92265,19,37
92266,19,38
92267,19,39
92268,19,38
92269,19,38
92270,19,41
92271,19,37
92272,19,40
92273,19,37
92274,19,37
92275,19,37
92276,19,39
92277,19,43
92278,19,40
92279,19,40
92280,19,37
92281,19,41
92282,19,41
92283,19,39
92284,20,38
92285,19,39
92286,19,39
92287,19,38
92288,19,40
92289,19,41
92290,19,40
92291,19,39
92292,19,38
92293,19,39
92294,19,39
92295,19,39
92296,19,39
92297,19,40
92298,19,39
92299,19,39
92300,19,40
92301,19,39
92302,19,38
92303,19,40
92304,19,38
92305,19,41
92306,19,39
92307,19,37
92308,19,40
92309,19,40
92310,19,40
92311,19,38
92312,19,39
92313,19,39
92314,19,37
92315,19,39
92316,19,39
92317,19,37
92318,19,38
92319,19,38
92320,19,40
92321,19,38
92322,19,42
92323,19,38
92324,19,39
92325,19,40
92326,20,39
92327,19,39
92328,19,41
92329,19,39
92330,19,38
92331,19,39
92332,19,37
92333,19,39
92334,19,39
92335,19,39
92336,19,38
92337,19,38
92338,19,40
92339,19,38
92340,19,38
92341,19,38
92342,19,39
92343,19,38
92344,19,42
92345,19,40
92346,19,37
92347,19,39
92348,19,39
92349,19,37
92350,19,37
92351,19,39
92352,19,39
92353,19,39
92354,19,42
92355,19,38
92356,19,38
92357,19,39
92358,19,35
92359,19,38
92360,19,38
92361,19,38
92362,19,40
92363,19,40
92364,19,39
92365,19,40
92366,19,40
92367,19,38
92368,19,38
92369,19,39
92370,19,40
92371,19,39
92372,19,37
92373,19,39
92374,19,36
92375,19,38
92376,19,39
92377,19,39
92378,19,41
92379,19,40
92380,19,37
92381,19,40
92382,19,40
92383,19,40
92384,19,37
92385,19,39
92386,19,39
92387,19,39
92388,19,39
92389,19,38
92390,19,39
92391,19,39
92392,19,41
92393,19,39
92394,19,38
92395,19,41
92396,19,38
92397,19,39
92398,19,38
92399,19,40
92400,19,40
92401,19,41
92402,19,42
92403,19,40
92404,19,39
92405,19,38
92406,19,39
92407,19,39
92408,19,39
92409,19,37
92410,19,37
92411,19,41
92412,19,36
92413,19,40
92414,19,39
92415,19,38
92416,19,39
92417,19,40
92418,19,38
92419,19,39
92420,19,41
92421,19,37
92422,19,40
92423,19,39
92424,19,39
92425,19,42
92426,19,40
92427,19,41
92428,19,38
92429,19,37
92430,19,40
92431,19,40
92432,19,38
92433,19,41
92434,19,39
92435,19,39
92436,19,38
92437,19,39
92438,19,38
92439,19,40
92440,19,39
92441,19,40
92442,19,41
92443,19,39
92444,19,39
92445,19,42
92446,20,38
92447,19,37
92448,19,36
92449,19,39
92450,19,38
92451,19,40
92452,19,38
92453,19,40
92454,19,38
92455,19,38
92456,19,38
92457,19,41
92458,19,37
92459,19,40
92460,19,42
92461,19,40
92462,19,37
92463,19,40
92464,19,40
92465,19,39
92466,19,39
92467,19,37
92468,19,38
92469,19,38
92470,19,39
92471,19,40
92472,19,39
92473,19,39
92474,19,40
92475,19,40
92476,19,39
92477,19,40
92478,19,40
92479,19,40
92480,19,36
92481,19,39
92482,19,39
92483,19,38
92484,19,38
92485,19,40
92486,19,39
92487,19,39
92488,19,40
92489,19,39
92490,19,40
92491,19,39
92492,19,41
92493,19,37
92494,19,38
92495,19,38
92496,19,37
92497,19,40
92498,19,38
92499,19,40
92500,19,40
92501,19,36
92502,19,39
92503,19,41
92504,19,37
92505,19,39
92506,19,41
92507,19,39
92508,19,39
92509,19,40
92510,19,40
92511,19,40
92512,19,40
92513,19,38
92514,20,39
92515,19,39
92516,19,38
92517,19,39
92518,19,39
92519,19,38
92520,19,37
92521,19,38
92522,19,37
92523,19,41
92524,19,41
92525,19,39
92526,19,40
92527,19,38
92528,19,39
92529,19,39
92530,19,39
92531,19,41
92532,19,40
92533,19,40
92534,19,38
92535,19,38
92536,19,38
92537,19,37
92538,19,39
92539,19,38
92540,19,38
92541,19,37
92542,19,40
92543,19,39
92544,19,41
92545,19,39
92546,19,39
92547,19,40
92548,19,39
92549,19,38
92550,19,39
92551,19,38
92552,19,40
92553,19,40
92554,19,38
92555,19,38
92556,19,39
92557,19,39
92558,19,39
92559,19,39
92560,19,38
92561,19,39
92562,19,37
92563,19,37
92564,19,37
92565,19,37
92566,19,38
92567,19,40
92568,19,38
92569,19,38
92570,19,42
92571,19,39
92572,19,39
92573,19,43
92574,19,40
92575,19,38
92576,19,41
92577,19,40
92578,19,41
92579,19,39
92580,19,39
92581,19,39
92582,19,43
92583,19,37
92584,19,40
92585,19,38
92586,19,39
92587,19,38
92588,19,38
92589,19,41
92590,19,38
92591,19,41
92592,20,38
92593,19,40
92594,19,40
92595,19,39
92596,19,40
92597,20,38
92598,19,40
92599,19,39
92600,19,43
92601,20,39
92602,19,40
92603,19,38
92604,19,42
92605,19,38
92606,19,41
92607,19,43
92608,19,39
92609,19,39
92610,19,40
92611,19,38
92612,19,39
92613,19,41
92614,20,39
92615,19,39
92616,19,38
92617,19,41
92618,19,39
92619,19,39
92620,19,37
92621,19,43
92622,19,37
92623,19,38
92624,19,39
92625,19,37
92626,19,38
92627,19,37
92628,19,39
92629,19,41
92630,19,37
92631,19,38
92632,19,39
92633,19,38
92634,19,41
92635,19,40
92636,19,37
92637,19,38
92638,19,39
92639,19,39
92640,19,40
92641,19,37
92642,19,40
92643,19,38
92644,19,40
92645,19,40
92646,19,40
92647,19,37
92648,19,38
92649,19,40
92650,19,39
92651,19,38
92652,19,39
92653,19,38
92654,19,39
92655,19,36
92656,19,39
92657,19,40
92658,19,41
92659,19,39
92660,19,40
92661,19,39
92662,19,38
92663,19,39
92664,19,42
92665,19,39
92666,19,39
92667,19,37
92668,19,41
92669,19,39
92670,19,39
92671,19,38
92672,19,40
92673,19,40
92674,19,38
92675,19,38
92676,19,39
92677,19,39
92678,19,39
92679,19,39
92680,19,39
92681,19,37
92682,19,40
92683,19,41
92684,19,39
92685,19,38
92686,19,39
92687,19,38
92688,19,39
92689,19,40
92690,19,39
92691,19,40
92692,19,40
92693,19,38
92694,19,39
92695,19,39
92696,19,40
92697,19,37
92698,19,38
92699,19,37
92700,19,37
92701,19,38
92702,19,38
92703,19,39
92704,19,39
92705,19,38
92706,19,38
92707,19,37
92708,19,40
92709,19,38
92710,19,38
92711,19,39
92712,19,40
92713,20,39
92714,19,39
92715,19,40
92716,19,41
92717,19,37
92718,19,38
92719,19,40
92720,19,40
92721,19,41
92722,19,40
92723,19,37
92724,19,40
92725,19,40
92726,19,38
92727,19,39
92728,20,37
92729,19,38
92730,19,40
92731,19,39
92732,19,39
92733,19,38
92734,19,41
92735,19,40
92736,19,39
92737,19,38
92738,19,36
92739,19,40
92740,19,38
92741,19,39
92742,19,40
92743,19,40
92744,19,41
92745,19,40
92746,19,41
92747,19,40
92748,19,39
92749,19,38
92750,19,41
92751,19,39
92752,19,39
92753,19,40
92754,19,39
92755,19,39
92756,19,38
92757,19,41
92758,19,39
92759,19,37
92760,19,39
92761,19,37
92762,19,41
92763,19,41
92764,19,37
92765,19,38
92766,19,38
92767,19,40
92768,19,39
92769,19,37
92770,19,39
92771,19,38
92772,19,41
92773,19,39
92774,19,37
92775,19,38
92776,19,41
92777,19,38
92778,19,38
92779,19,42
92780,19,37
92781,19,38
92782,19,38
92783,19,38
92784,19,41
92785,19,41
92786,19,39
92787,19,41
92788,19,41
92789,19,40
92790,19,39
92791,19,38
92792,19,40
92793,19,38
92794,19,40
92795,19,38
92796,19,39
92797,19,37
92798,19,38
92799,19,38
92800,19,39
92801,19,39
92802,19,39
92803,19,40
92804,19,39
92805,19,39
92806,19,39
92807,19,39
92808,19,42
92809,19,40
92810,19,38
92811,19,38
92812,19,39
92813,19,38
92814,19,40
92815,19,39
92816,19,38
92817,19,38
92818,19,38
92819,19,37
92820,19,38
92821,19,39
92822,19,42
92823,19,40
92824,19,38
92825,19,39
92826,19,38
92827,19,38
92828,19,38
92829,19,41
92830,19,41
92831,19,40
92832,19,38
92833,19,39
92834,19,38
92835,19,38
92836,19,39
92837,19,40
92838,19,39
92839,19,40
92840,19,40
92841,19,40
92842,19,40
92843,19,38
92844,19,41
92845,19,40
92846,19,38
92847,19,39
92848,19,39
92849,19,39
92850,19,36
92851,19,39
92852,19,41
92853,19,39
92854,19,38
92855,19,39
92856,19,38
92857,19,38
92858,19,40
92859,19,38
92860,19,39
92861,19,38
92862,19,42
92863,19,39
92864,19,40
92865,19,39
92866,19,40
92867,19,38
92868,19,40
92869,19,37
92870,19,40
92871,19,38
92872,19,40
92873,19,39
92874,19,41
92875,19,38
92876,19,40
92877,19,38
92878,19,41
92879,19,39
92880,20,40
92881,19,39
92882,19,42
92883,19,40
92884,19,38
92885,19,38
92886,19,39
92887,19,39
92888,19,41
92889,19,39
92890,19,38
92891,19,39
92892,19,38
92893,19,39
92894,19,39
92895,19,39
92896,19,38
92897,19,38
92898,19,38
92899,19,36
92900,19,39
92901,19,40
92902,19,38
92903,19,38
92904,19,39
92905,19,38
92906,19,37
92907,19,38
92908,19,39
92909,19,35
92910,19,39
92911,19,37
92912,19,39
92913,19,40
92914,19,39
92915,19,38
92916,19,38
92917,19,39
92918,19,40
92919,19,40
92920,19,38
92921,19,38
92922,19,40
92923,19,38
92924,19,39
92925,19,37
92926,19,38
92927,19,40
92928,19,37
92929,19,37
92930,19,36
92931,19,39
92932,19,40
92933,19,39
92934,19,39
92935,19,39
92936,19,39
92937,19,42
92938,19,41
92939,19,39
92940,19,43
92941,19,41
92942,19,41
92943,19,37
92944,19,38
92945,19,42
92946,19,38
92947,19,39
92948,19,37
92949,19,42
92950,19,39
92951,19,37
92952,19,39
92953,19,38
92954,19,38
92955,19,37
92956,19,39
92957,19,39
92958,19,38
92959,19,38
92960,19,39
92961,19,41
92962,19,36
92963,19,39
92964,19,40
92965,19,38
92966,19,39
92967,19,39
92968,19,39
92969,19,38
92970,19,39
92971,19,40
92972,19,39
92973,19,38
92974,19,39
92975,19,40
92976,19,38
92977,19,40
92978,19,38
92979,19,38
92980,19,43
92981,19,39
92982,19,39
92983,19,40
92984,19,40
92985,19,38
92986,19,41
92987,19,40
92988,19,39
92989,19,37
92990,19,39
92991,19,40
92992,19,40
92993,19,37
92994,19,40
92995,20,39
92996,19,39
92997,19,39
92998,19,38
92999,19,39
93000,19,39
93001,19,38
93002,19,39
93003,19,39
93004,19,38
93005,19,38
93006,19,40
93007,19,37
93008,19,39
93009,19,38
93010,19,38
93011,19,39
93012,19,41
93013,19,38
93014,19,37
93015,19,39
93016,19,38
93017,19,39
93018,19,40
93019,19,37
93020,19,40
93021,19,39
93022,19,39
93023,19,40
93024,19,39
93025,19,42
93026,19,39
93027,19,39
93028,19,38
93029,19,39
93030,19,39
93031,19,39
93032,19,39
93033,19,40
93034,19,39
93035,19,39
93036,19,38
93037,19,40
93038,19,37
93039,19,37
93040,19,38
93041,19,40
93042,19,38
93043,19,38
93044,19,41
93045,20,39
93046,19,37
93047,19,39
93048,19,38
93049,19,39
93050,19,37
93051,19,38
93052,19,41
93053,19,37
93054,19,40
93055,19,39
93056,19,39
93057,19,38
93058,19,38
93059,19,40
93060,19,42
93061,19,42
93062,19,40
93063,19,39
93064,19,38
93065,19,38
93066,19,38
93067,19,40
93068,19,40
93069,19,40
93070,19,38
93071,19,40
93072,19,40
93073,19,40
93074,19,38
93075,19,38
93076,19,39
93077,19,38
93078,19,38
93079,19,38
93080,19,38
93081,19,39
93082,19,41
93083,19,39
93084,19,39
93085,19,37
93086,19,39
93087,19,38
93088,19,38
93089,19,39
93090,19,38
93091,19,37
93092,19,39
93093,19,40
93094,19,41
93095,19,40
93096,19,39
93097,19,39
93098,19,39
93099,19,39
93100,19,39
93101,20,39
93102,19,38
93103,19,42
93104,19,40
93105,19,38
93106,19,40
93107,19,40
93108,19,39
93109,19,36
93110,19,38
93111,19,38
93112,19,39
93113,19,41
93114,19,40
93115,19,37
93116,19,37
93117,19,39
93118,19,41
93119,19,38
93120,19,39
93121,19,38
93122,19,37
93123,19,39
93124,19,39
93125,19,38
93126,19,39
93127,19,41
93128,19,37
93129,19,41
93130,19,38
93131,19,40
93132,19,39
93133,19,39
93134,19,40
93135,19,40
93136,19,39
93137,19,39
93138,19,39
93139,19,38
93140,19,39
93141,19,43
93142,19,39
93143,19,37
93144,19,40
93145,19,42
93146,19,40
93147,19,42
93148,19,40
93149,19,39
93150,19,36
93151,19,38
93152,19,38
93153,19,39
93154,19,39
93155,19,40
93156,19,40
93157,19,38
93158,19,40
93159,19,38
93160,19,40
93161,19,37
93162,19,40
93163,19,37
93164,19,38
93165,19,37
93166,19,39
93167,19,41
93168,19,39
93169,19,38
93170,19,38
93171,19,40
93172,19,42
93173,19,40
93174,19,40
93175,19,41
93176,19,38
93177,19,39
93178,19,39
93179,19,38
93180,19,38
93181,19,39
93182,19,38
93183,19,40
93184,19,38
93185,19,39
93186,19,38
93187,19,40
93188,19,37
93189,19,39
93190,19,39
93191,19,38
93192,19,38
93193,19,38
93194,19,40
93195,19,41
93196,19,40
93197,19,38
93198,19,40
93199,19,40
93200,19,40
93201,19,39
93202,19,39
93203,19,41
93204,19,39
93205,19,42
93206,19,41
93207,19,38
93208,19,39
93209,19,37
93210,19,41
93211,19,40
93212,19,38
93213,19,40
93214,19,41
93215,19,38
93216,19,38
93217,19,37
93218,19,39
93219,19,38
93220,19,40
93221,19,40
93222,19,41
93223,19,38
93224,19,41
93225,19,38
93226,19,38
93227,19,38
93228,19,37
93229,19,38
93230,19,41
93231,19,40
93232,19,43
93233,19,41
93234,19,38
93235,19,41
93236,19,38
93237,19,41
93238,20,41
93239,19,38
93240,19,38
93241,19,40
93242,19,38
93243,19,40
93244,19,38
93245,19,39
93246,19,38
93247,19,39
93248,19,40
93249,19,39
93250,19,38
93251,19,38
93252,20,42
93253,19,37
93254,19,37
93255,19,41
93256,19,38
93257,19,38
93258,19,40
93259,19,40
93260,19,39
93261,19,40
93262,19,38
93263,19,39
93264,19,39
93265,19,39
93266,19,40
93267,19,41
93268,19,38
93269,19,37
93270,19,40
93271,19,38
93272,19,38
93273,19,37
93274,19,38
93275,19,39
93276,19,40
93277,19,38
93278,19,40
93279,19,40
93280,19,41
93281,19,41
93282,19,42
93283,19,39
93284,19,38
93285,19,39
93286,19,39
93287,19,41
93288,19,38
93289,19,41
93290,19,40
93291,19,38
93292,19,38
93293,19,38
93294,19,39
93295,19,40
93296,19,38
93297,19,41
93298,19,39
93299,19,38
93300,19,39
93301,19,39
93302,19,42
93303,19,39
93304,19,40
93305,19,39
93306,19,39
93307,19,40
93308,19,37
93309,19,38
93310,19,37
93311,19,40
93312,19,39
93313,19,37
93314,19,39
93315,19,38
93316,19,40
93317,19,40
93318,19,38
93319,19,38
93320,19,38
93321,19,37
93322,19,39
93323,19,39
93324,19,37
93325,19,38
93326,19,40
93327,19,40
93328,19,38
93329,19,36
93330,19,37
93331,19,38
93332,19,41
93333,19,39
93334,19,38
93335,19,37
93336,20,41
93337,19,39
93338,20,40
93339,19,39
93340,19,40
93341,19,38
93342,19,40
93343,19,39
93344,19,39
93345,19,38
93346,19,40
93347,19,39
93348,19,38
93349,19,41
93350,19,40
93351,19,40
93352,19,39
93353,19,42
93354,19,38
93355,19,39
93356,19,40
93357,19,39
93358,19,39
93359,19,37
93360,19,39
93361,19,38
93362,19,38
93363,19,38
93364,19,37
93365,19,39
93366,19,39
93367,19,41
93368,19,40
93369,20,38
93370,19,41
93371,19,41
93372,19,38
93373,19,39
93374,19,38
93375,19,38
93376,19,39
93377,19,38
93378,19,39
93379,19,38
93380,19,39
93381,19,39
93382,19,38
93383,19,39
93384,19,37
93385,19,39
93386,19,38
93387,19,38
93388,20,38
93389,19,39
93390,19,41
93391,19,39
93392,19,38
93393,19,37
93394,19,39
93395,19,37
93396,19,40
93397,19,38
93398,19,40
93399,19,37
93400,19,41
93401,19,38
93402,19,37
93403,19,40
93404,19,38
93405,19,38
93406,19,38
93407,19,38
93408,19,40
93409,19,40
93410,19,39
93411,19,39
93412,19,39
93413,19,39
93414,19,36
93415,19,40
93416,19,40
93417,19,38
93418,19,39
93419,19,37
93420,19,40
93421,19,39
93422,19,38
93423,19,39
93424,19,39
93425,19,39
93426,19,39
93427,19,42
93428,19,40
93429,19,37
93430,19,42
93431,19,39
93432,19,39
93433,19,39
93434,19,40
93435,19,41
93436,19,40
93437,19,40
93438,19,39
93439,19,39
93440,20,38
93441,19,39
93442,19,40
93443,19,41
93444,19,41
93445,19,40
93446,19,39
93447,19,38
93448,19,40
93449,20,40
93450,19,42
93451,19,40
93452,19,41
93453,19,40
93454,19,39
93455,19,40
93456,19,43
93457,19,39
93458,19,37
93459,19,38
93460,19,39
93461,19,38
93462,19,37
93463,19,40
93464,19,38
93465,19,40
93466,19,40
93467,19,39
93468,19,40
93469,19,40
93470,19,38
93471,19,40
93472,19,38
93473,19,38
93474,19,40
93475,19,38
93476,19,38
93477,20,39
93478,19,38
93479,19,39
93480,19,38
93481,19,42
93482,19,39
93483,19,42
93484,19,39
93485,19,38
93486,19,38
93487,19,38
93488,19,38
93489,19,41
93490,19,39
93491,19,39
93492,19,38
93493,19,39
93494,19,38
93495,19,38
93496,19,38
93497,19,40
93498,19,38
93499,19,38
93500,19,39
93501,19,40
93502,19,39
93503,19,38
93504,19,37
93505,19,39
93506,19,38
93507,19,38
93508,19,39
93509,19,39
93510,19,39
93511,19,39
93512,19,40
93513,19,37
93514,19,40
93515,19,39
93516,19,39
93517,19,40
93518,19,38
93519,19,40
93520,19,38
93521,19,36
93522,19,40
93523,19,39
93524,19,37
93525,19,40
93526,19,39
93527,19,37
93528,19,39
93529,19,38
93530,19,40
93531,19,36
93532,19,39
93533,19,39
93534,19,39
93535,19,41
93536,19,39
93537,19,37
93538,19,40
93539,19,38
93540,19,39
93541,19,39
93542,19,37
93543,19,38
93544,19,38
93545,19,37
93546,19,39
93547,19,40
93548,19,41
93549,19,40
93550,19,38
93551,19,39
93552,19,39
93553,20,40
93554,19,39
93555,19,40
93556,19,38
93557,19,37
93558,19,42
93559,19,39
93560,19,38
93561,19,38
93562,19,41
93563,19,38
93564,19,39
93565,19,39
93566,19,36
93567,19,39
93568,19,39
93569,19,39
93570,19,39
93571,19,39
93572,19,38
93573,19,38
93574,19,38
93575,19,37
93576,19,39
93577,19,37
93578,19,39
93579,19,39
93580,19,39
93581,19,37
93582,19,39
93583,19,41
93584,19,39
93585,19,38
93586,19,40
93587,19,38
93588,19,40
93589,19,38
93590,19,40
93591,19,37
93592,19,38
93593,19,39
93594,19,39
93595,19,38
93596,19,39
93597,19,39
93598,19,40
93599,19,38
93600,19,38
93601,19,40
93602,19,42
93603,19,40
93604,19,38
93605,19,39
93606,19,39
93607,19,39
93608,19,38
93609,19,40
93610,19,38
93611,19,38
93612,19,39
93613,19,42
93614,19,38
93615,19,38
93616,19,42
93617,19,39
93618,19,38
93619,19,38
93620,20,38
93621,19,41
93622,19,40
93623,19,36
93624,19,41
93625,19,37
93626,19,40
93627,19,40
93628,19,39
93629,19,38
93630,19,39
93631,19,39
93632,19,38
93633,19,37
93634,19,38
93635,19,41
93636,19,40
93637,19,38
93638,19,38
93639,19,38
93640,19,38
93641,19,40
93642,19,41
93643,19,39
93644,19,41
93645,19,39
93646,19,40
93647,19,39
93648,19,39
93649,19,37
93650,19,38
93651,19,37
93652,19,39
93653,19,39
93654,19,39
93655,19,38
93656,19,39
93657,19,40
93658,19,39
93659,19,39
93660,19,39
93661,19,39
93662,19,40
93663,19,39
93664,19,39
93665,19,41
93666,19,38
93667,19,39
93668,19,39
93669,19,40
93670,19,39
93671,19,39
93672,19,38
93673,19,39
93674,19,38
93675,19,38
93676,19,41
93677,19,39
93678,19,40
93679,19,40
93680,19,38
93681,19,38
93682,19,40
93683,19,40
93684,20,41
93685,19,40
93686,19,38
93687,19,40
93688,19,39
93689,19,40
93690,19,38
93691,19,38
93692,19,37
93693,19,40
93694,19,40
93695,19,41
93696,19,41
93697,19,38
93698,19,37
93699,19,39
93700,19,39
93701,19,41
93702,19,39
93703,19,40
93704,19,39
93705,19,38
93706,19,39
93707,19,38
93708,19,38
93709,19,37
93710,19,38
93711,19,40
93712,19,39
93713,19,39
93714,19,38
93715,19,42
93716,19,37
93717,19,38
93718,19,41
93719,19,38
93720,19,42
93721,19,38
93722,19,37
93723,19,39
93724,20,39
93725,19,39
93726,19,39
93727,19,39
93728,19,38
93729,19,37
93730,19,40
93731,19,40
93732,19,40
93733,19,39
93734,19,39
93735,19,38
93736,19,38
93737,19,40
93738,19,37
93739,19,40
93740,19,40
93741,19,41
93742,19,38
93743,19,40
93744,19,38
93745,19,38
93746,19,39
93747,19,40
93748,19,37
93749,19,40
93750,19,39
93751,19,39
93752,19,40
93753,19,38
93754,19,37
93755,19,38
93756,19,39
93757,19,37
93758,19,40
93759,19,39
93760,19,39
93761,19,38
93762,19,40
93763,19,37
93764,19,40
93765,19,39
93766,19,38
93767,19,39
93768,19,39
93769,19,40
93770,19,39
93771,19,39
93772,19,38
93773,19,38
93774,19,38
93775,20,37
93776,19,39
93777,19,37
93778,19,39
93779,19,39
93780,19,41
93781,19,38
93782,19,39
93783,19,39
93784,19,41
93785,19,38
93786,19,38
93787,19,39
93788,19,43
93789,19,40
93790,19,36
93791,19,38
93792,19,41
93793,19,38
93794,19,40
93795,19,41
93796,19,37
93797,19,41
93798,19,39
93799,19,41
93800,19,38
93801,19,39
93802,19,37
93803,19,38
93804,20,40
93805,19,38
93806,19,40
93807,19,40
93808,19,39
93809,19,40
93810,19,41
93811,19,38
93812,19,38
93813,19,40
93814,19,38
93815,19,38
93816,19,41
93817,19,39
93818,19,40
93819,19,41
93820,19,40
93821,19,39
93822,19,38
93823,19,39
93824,19,40
93825,19,40
93826,19,38
93827,19,39
93828,19,39
93829,19,39
93830,19,41
93831,19,39
93832,19,40
93833,19,39
93834,19,36
93835,19,41
93836,19,39
93837,19,38
93838,19,36
93839,19,40
93840,19,38
93841,19,37
93842,19,40
93843,19,39
93844,19,40
93845,19,41
93846,19,39
93847,19,40
93848,20,40
93849,19,39
93850,19,37
93851,19,38
93852,19,38
93853,19,40
93854,19,39
93855,19,39
93856,19,39
93857,19,39
93858,19,40
93859,19,40
93860,19,40
93861,19,38
93862,19,38
93863,19,38
93864,19,39
93865,19,41
93866,19,39
93867,19,39
93868,19,38
93869,19,40
93870,19,38
93871,19,39
93872,19,39
93873,19,40
93874,20,38
93875,19,38
93876,19,41
93877,19,39
93878,19,39
93879,19,39
93880,19,38
93881,19,38
93882,19,38
93883,19,38
93884,19,39
93885,19,39
93886,19,39
93887,19,38
93888,19,39
93889,19,38
93890,19,39
93891,19,41
93892,19,40
93893,19,40
93894,19,39
93895,19,40
93896,19,38
93897,19,38
93898,19,38
93899,19,39
93900,19,41
93901,19,41
93902,19,39
93903,19,39
93904,19,38
93905,19,39
93906,19,40
93907,19,40
93908,19,40
93909,19,39
93910,19,39
93911,19,38
93912,19,38
93913,19,40
93914,19,40
93915,19,39
93916,19,39
93917,19,38
93918,19,40
93919,19,40
93920,19,39
93921,19,40
93922,19,39
93923,19,39
93924,19,39
93925,19,39
93926,19,40
93927,19,39
93928,19,39
93929,19,38
93930,19,39
93931,19,38
93932,19,38
93933,19,37
93934,19,41
93935,19,40
93936,19,40
93937,19,38
93938,19,39
93939,19,41
93940,19,40
93941,19,37
93942,19,40
93943,19,39
93944,19,42
93945,19,39
93946,19,38
93947,19,39
93948,19,39
93949,19,38
93950,19,40
93951,19,39
93952,19,38
93953,19,39
93954,19,40
93955,19,39
93956,19,39
93957,19,40
93958,19,39
93959,19,38
93960,19,39
93961,20,39
93962,19,41
93963,19,38
93964,19,37
93965,19,40
93966,19,40
93967,19,38
93968,19,41
93969,19,41
93970,19,36
93971,19,39
93972,19,38
93973,19,39
93974,19,40
93975,19,38
93976,20,38
93977,19,41
93978,19,39
93979,19,40
93980,20,41
93981,19,39
93982,19,40
93983,19,38
93984,19,37
93985,19,38
93986,19,41
93987,19,41
93988,19,40
93989,20,41
93990,19,41
93991,19,39
93992,19,39
93993,19,38
93994,19,39
93995,19,39
93996,19,39
93997,19,41
93998,19,38
93999,19,39
94000,19,38
94001,19,39
94002,19,40
94003,19,39
94004,19,37
94005,19,41
94006,19,39
94007,19,40
94008,19,38
94009,19,38
94010,19,39
94011,19,39
94012,19,39
94013,19,40
94014,19,39
94015,19,42
94016,19,39
94017,19,40
94018,19,38
94019,19,40
94020,19,38
94021,20,39
94022,19,40
94023,19,39
94024,20,40
94025,19,41
94026,19,39
94027,19,38
94028,19,39
94029,19,38
94030,19,39
94031,19,40
94032,19,41
94033,19,40
94034,19,42
94035,19,40
94036,19,38
94037,19,37
94038,19,37
94039,19,39
94040,19,37
94041,19,40
94042,19,38
94043,19,39
94044,19,38
94045,19,40
94046,19,39
94047,19,38
94048,19,38
94049,19,37
94050,19,39
94051,19,38
94052,19,39
94053,19,38
94054,19,37
94055,19,39
94056,19,38
94057,19,38
94058,19,39
94059,19,39
94060,19,42
94061,19,40
94062,19,41
94063,19,40
94064,19,40
94065,19,37
94066,19,40
94067,19,37
94068,19,39
94069,20,40
94070,19,38
94071,20,42
94072,19,39
94073,19,39
94074,19,38
94075,19,39
94076,19,37
94077,19,41
94078,19,37
94079,19,40
94080,19,40
94081,19,40
94082,19,39
94083,19,40
94084,19,37
94085,19,39
94086,19,39
94087,19,39
94088,19,38
94089,19,39
94090,19,38
94091,19,39
94092,19,43
94093,19,40
94094,19,38
94095,19,39
94096,19,39
94097,19,38
94098,19,39
94099,19,39
94100,19,41
94101,19,38
94102,19,38
94103,19,38
94104,19,38
94105,19,38
94106,19,38
94107,19,38
94108,19,40
94109,19,40
94110,19,40
94111,19,38
94112,19,37
94113,20,38
94114,19,40
94115,19,39
94116,19,40
94117,19,39
94118,19,39
94119,19,41
94120,19,40
94121,19,37
94122,19,39
94123,19,38
94124,19,38
94125,19,41
94126,19,40
94127,19,40
94128,19,39
94129,19,41
94130,19,37
94131,19,38
94132,19,39
94133,19,39
94134,19,39
94135,19,38
94136,19,38
94137,19,41
94138,19,39
94139,19,39
94140,19,38
94141,19,39
94142,19,40
94143,19,38
94144,19,39
94145,19,41
94146,19,38
94147,19,40
94148,19,41
94149,19,38
94150,19,37
94151,19,37
94152,19,40
94153,19,40
94154,19,38
94155,19,39
94156,19,39
94157,19,38
94158,19,40
94159,19,39
94160,19,38
94161,19,38
94162,19,41
94163,19,39
94164,19,38
94165,19,39
94166,19,39
94167,19,41
94168,19,41
94169,19,37
94170,19,38
94171,19,41
94172,19,38
94173,20,39
94174,19,39
94175,20,39
94176,19,40
94177,19,38
94178,19,41
94179,19,39
94180,19,39
94181,19,40
94182,19,39
94183,19,40
94184,19,40
94185,19,39
94186,20,38
94187,19,40
94188,19,40
94189,19,39
94190,19,39
94191,19,38
94192,19,41
94193,19,38
94194,19,38
94195,19,38
94196,19,37
94197,19,40
94198,19,37
94199,19,38
94200,19,39
94201,19,40
94202,19,38
94203,19,40
94204,19,40
94205,19,39
94206,19,40
94207,19,37
94208,19,39
94209,19,41
94210,19,38
94211,19,38
94212,19,42
94213,19,38
94214,19,39
94215,20,40
94216,19,37
94217,20,40
94218,19,39
94219,19,38
94220,19,36
94221,19,39
94222,19,40
94223,19,37
94224,19,39
94225,19,38
94226,19,39
94227,19,39
94228,19,39
94229,19,41
94230,19,39
94231,19,38
94232,19,40
94233,19,38
94234,19,40
94235,19,40
94236,19,39
94237,19,40
94238,19,40
94239,19,38
94240,19,38
94241,19,38
94242,19,39
94243,19,39
94244,19,40
94245,19,38
94246,19,41
94247,19,40
94248,19,39
94249,19,40
94250,19,40
94251,19,39
94252,19,39
94253,19,40
94254,19,39
94255,19,38
94256,19,39
94257,19,39
94258,19,38
94259,19,38
94260,19,41
94261,19,38
94262,19,38
94263,19,41
94264,19,38
94265,19,37
94266,19,42
94267,19,39
94268,19,38
94269,19,40
94270,19,38
94271,19,37
94272,19,39
94273,19,37
94274,19,42
94275,19,37
94276,19,40
94277,19,39
94278,19,39
94279,19,39
94280,19,38
94281,19,39
94282,19,40
94283,19,45
94284,19,40
94285,19,38
94286,19,38
94287,19,38
94288,19,39
94289,19,39
94290,19,38
94291,19,39
94292,19,40
94293,19,38
94294,19,38
94295,19,40
94296,19,40
94297,19,39
94298,19,39
94299,19,40
94300,19,40
94301,19,39
94302,19,41
94303,19,41
94304,19,40
94305,19,39
94306,19,38
94307,19,40
94308,19,41
94309,19,38
94310,19,40
94311,20,39
94312,19,37
94313,19,40
94314,19,41
94315,19,39
94316,19,42
94317,19,38
94318,19,38
94319,19,38
94320,19,39
94321,19,42
94322,20,40
94323,19,38
94324,19,39
94325,19,40
94326,19,38
94327,19,38
94328,19,39
94329,19,39
94330,20,39
94331,19,39
94332,19,38
94333,19,40
94334,19,39
94335,19,37
94336,19,40
94337,19,39
94338,19,39
94339,19,39
94340,19,38
94341,19,38
94342,20,40
94343,19,39
94344,19,38
94345,19,37
94346,19,40
94347,19,40
94348,19,39
94349,19,39
94350,19,41
94351,19,39
94352,19,40
94353,19,38
94354,19,41
94355,19,38
94356,19,40
94357,19,37
94358,19,37
94359,19,40
94360,19,39
94361,19,39
94362,19,39
94363,19,39
94364,19,41
94365,19,38
94366,19,42
94367,19,41
94368,19,39
94369,19,39
94370,19,39
94371,19,38
94372,19,39
94373,19,39
94374,19,40
94375,19,40
94376,19,37
94377,19,40
94378,19,39
94379,19,38
94380,19,39
94381,19,40
94382,19,41
94383,19,40
94384,19,38
94385,19,37
94386,19,39
94387,19,41
94388,19,40
94389,20,39
94390,19,39
94391,19,40
94392,19,38
94393,19,39
94394,19,41
94395,20,37
94396,19,39
94397,19,39
94398,19,42
94399,19,39
94400,19,38
94401,19,39
94402,19,37
94403,19,38
94404,19,38
94405,19,39
94406,19,40
94407,19,40
94408,19,40
94409,19,39
94410,19,37
94411,19,39
94412,19,40
94413,19,39
94414,19,38
94415,19,39
94416,19,41
94417,19,39
94418,19,38
94419,19,38
94420,19,39
94421,19,39
94422,19,38
94423,19,38
94424,19,40
94425,19,36
94426,19,40
94427,19,42
94428,19,37
94429,19,38
94430,19,37
94431,19,40
94432,19,38
94433,19,42
94434,19,40
94435,19,42
94436,19,39
94437,19,40
94438,19,38
94439,19,38
94440,19,39
94441,19,38
94442,19,40
94443,19,41
94444,19,38
94445,19,42
94446,19,39
94447,19,38
94448,19,39
94449,19,39
94450,19,41
94451,19,40
94452,19,42
94453,19,40
94454,19,39
94455,19,39
94456,19,37
94457,19,39
94458,19,40
94459,19,41
94460,19,36
94461,19,39
94462,19,40
94463,19,38
94464,19,39
94465,19,38
94466,19,41
94467,19,39
94468,19,40
94469,19,39
94470,19,40
94471,19,38
94472,19,39
94473,19,39
94474,19,40
94475,19,39
94476,19,39
94477,19,39
94478,19,41
94479,20,36
94480,19,39
94481,19,37
94482,19,39
94483,19,41
94484,19,39
94485,19,41
94486,19,40
94487,19,41
94488,19,39
94489,19,41
94490,19,40
94491,19,39
94492,19,38
94493,19,41
94494,19,39
94495,19,37
94496,19,37
94497,19,39
94498,19,41
94499,19,39
94500,19,39
94501,19,39
94502,19,39
94503,19,43
94504,19,37
94505,19,38
94506,19,38
94507,19,37
94508,19,38
94509,20,40
94510,19,38
94511,19,39
94512,19,38
94513,19,39
94514,19,40
94515,19,41
94516,19,40
94517,19,37
94518,19,40
94519,19,38
94520,19,40
94521,19,38
94522,19,37
94523,19,39
94524,19,39
94525,19,43
94526,19,41
94527,19,39
94528,19,37
94529,20,40
94530,19,39
94531,19,37
94532,19,39
94533,19,41
94534,19,40
94535,19,38
94536,19,39
94537,20,41
94538,19,39
94539,19,39
94540,19,40
94541,19,37
94542,19,41
94543,19,39
94544,19,40
94545,19,39
94546,19,42
94547,19,40
94548,19,40
94549,19,38
94550,19,39
94551,19,39
94552,19,43
94553,19,39
94554,19,39
94555,19,38
94556,19,41
94557,19,39
94558,19,38
94559,19,38
94560,19,39
94561,19,38
94562,19,41
94563,19,41
94564,19,41
94565,19,40
94566,19,37
94567,19,38
94568,19,42
94569,19,36
94570,19,40
94571,19,40
94572,19,38
94573,19,37
94574,19,38
94575,19,39
94576,19,38
94577,19,41
94578,19,38
94579,19,39
94580,19,37
94581,19,39
94582,19,39
94583,19,37
94584,19,39
94585,19,38
94586,19,39
94587,19,41
94588,19,40
94589,19,39
94590,19,39
94591,19,43
94592,19,39
94593,19,38
94594,19,40
94595,19,41
94596,19,39
94597,19,38
94598,19,39
94599,19,40
94600,19,39
94601,19,39
94602,19,40
94603,19,40
94604,19,38
94605,19,39
94606,19,43
94607,19,37
94608,19,39
94609,19,38
94610,19,39
94611,19,40
94612,19,39
94613,19,38
94614,19,38
94615,19,40
94616,19,38
94617,19,41
94618,19,40
94619,19,39
94620,19,40
94621,20,38
94622,20,40
94623,19,39
94624,19,41
94625,19,39
94626,20,39
94627,19,37
94628,19,39
94629,19,38
94630,19,38
94631,19,40
94632,19,38
94633,19,40
94634,19,40
94635,19,39
94636,20,39
94637,19,39
94638,19,38
94639,19,40
94640,20,38
94641,19,39
94642,19,39
94643,19,39
94644,19,37
94645,19,38
94646,19,37
94647,19,40
94648,19,40
94649,19,40
94650,19,37
94651,19,42
94652,19,39
94653,19,40
94654,19,39
94655,19,38
94656,19,40
94657,19,38
94658,19,38
94659,19,38
94660,19,40
94661,19,38
94662,19,38
94663,19,38
94664,19,39
94665,19,38
94666,19,38
94667,19,39
94668,19,38
94669,19,39
94670,19,40
94671,19,39
94672,19,38
94673,19,42
94674,19,39
94675,19,39
94676,19,38
94677,19,39
94678,19,39
94679,19,39
94680,20,41
94681,19,39
94682,19,40
94683,19,38
94684,19,40
94685,19,40
94686,19,39
94687,19,40
94688,19,37
94689,19,39
94690,19,38
94691,19,38
94692,19,38
94693,19,38
94694,19,39
94695,19,40
94696,19,38
94697,19,40
94698,19,38
94699,19,41
94700,19,40
94701,19,37
94702,19,38
94703,19,40
94704,19,38
94705,19,40
94706,19,39
94707,19,37
94708,19,39
94709,19,39
94710,19,40
94711,19,38
94712,19,38
94713,19,38
94714,19,39
94715,19,39
94716,19,40
94717,19,40
94718,19,41
94719,19,39
94720,19,38
94721,19,38
94722,19,38
94723,19,42
94724,19,40
94725,19,40
94726,19,39
94727,19,40
94728,19,37
94729,19,39
94730,19,38
94731,19,39
94732,19,39
94733,19,39
94734,19,38
94735,19,38
94736,19,39
94737,19,38
94738,19,38
94739,19,38
94740,19,37
94741,19,37
94742,19,41
94743,19,39
94744,19,39
94745,19,38
94746,19,41
94747,20,39
94748,19,40
94749,19,40
94750,19,40
94751,19,39
94752,19,38
94753,19,38
94754,19,39
94755,20,40
94756,19,39
94757,19,39
94758,19,38
94759,19,39
94760,19,39
94761,19,38
94762,19,38
94763,19,40
94764,19,38
94765,19,40
94766,19,40
94767,19,40
94768,19,39
94769,19,41
94770,19,39
94771,19,39
94772,19,38
94773,19,38
94774,19,39
94775,19,39
94776,19,40
94777,19,40
94778,19,38
94779,19,39
94780,19,38
94781,19,39
94782,20,39
94783,19,39
94784,19,39
94785,19,37
94786,19,41
94787,19,40
94788,19,40
94789,19,37
94790,19,41
94791,19,40
94792,19,39
94793,19,38
94794,19,37
94795,19,39
94796,19,39
94797,19,40
94798,19,41
94799,19,38
94800,19,37
94801,19,38
94802,19,39
94803,19,39
94804,19,38
94805,19,39
94806,19,40
94807,19,39
94808,19,38
94809,19,38
94810,19,39
94811,19,41
94812,19,39
94813,19,39
94814,19,39
94815,19,39
94816,19,40
94817,19,39
94818,19,39
94819,19,42
94820,19,41
94821,19,37
94822,19,39
94823,19,40
94824,19,39
94825,19,38
94826,19,38
94827,19,39
94828,19,39
94829,19,39
94830,19,39
94831,19,38
94832,20,40
94833,19,39
94834,19,39
94835,19,38
94836,19,40
94837,19,41
94838,19,38
94839,19,37
94840,19,40
94841,19,40
94842,19,41
94843,20,41
94844,19,40
94845,19,42
94846,19,37
94847,19,40
94848,19,39
94849,19,40
94850,19,41
94851,20,39
94852,20,40
94853,19,37
94854,19,40
94855,19,41
94856,19,38
94857,19,39
94858,19,39
94859,19,38
94860,19,43
94861,19,40
94862,19,37
94863,19,38
94864,19,41
94865,19,40
94866,19,39
94867,19,40
94868,19,37
94869,19,39
94870,19,38
94871,19,37
94872,19,41
94873,19,38
94874,19,40
94875,19,38
94876,19,38
94877,19,38
94878,19,39
94879,19,38
94880,19,39
94881,19,38
94882,19,42
94883,19,38
94884,19,39
94885,19,39
94886,19,38
94887,19,38
94888,19,42
94889,19,38
94890,19,40
94891,19,37
94892,19,38
94893,19,38
94894,19,39
94895,19,42
94896,19,39
94897,19,38
94898,19,40
94899,19,37
94900,19,40
94901,19,37
94902,19,39
94903,19,40
94904,19,40
94905,20,37
94906,19,39
94907,19,42
94908,19,40
94909,19,39
94910,19,40
94911,19,39
94912,19,38
94913,19,43
94914,19,39
94915,19,39
94916,20,37
94917,19,38
94918,19,39
94919,19,39
94920,19,37
94921,20,39
94922,19,38
94923,19,39
94924,19,38
94925,19,41
94926,19,39
94927,19,40
94928,19,42
94929,19,39
94930,19,39
94931,19,39
94932,19,38
94933,19,39
94934,19,40
94935,19,38
94936,19,39
94937,20,39
94938,19,38
94939,19,39
94940,19,39
94941,19,40
94942,19,37
94943,19,41
94944,19,38
94945,19,39
94946,19,39
94947,19,42
94948,20,41
94949,19,39
94950,19,38
94951,19,37
94952,19,39
94953,19,39
94954,20,39
94955,19,40
94956,19,39
94957,19,39
94958,20,37
94959,19,38
94960,19,40
94961,19,39
94962,19,41
94963,19,39
94964,19,38
94965,19,40
94966,19,41
94967,19,39
94968,19,40
94969,19,43
94970,19,37
94971,19,38
94972,19,39
94973,19,39
94974,19,39
94975,19,38
94976,19,38
94977,19,40
94978,19,40
94979,19,37
94980,19,40
94981,19,38
94982,19,41
94983,19,40
94984,19,41
94985,19,39
94986,19,39
94987,19,40
94988,19,39
94989,19,39
94990,19,39
94991,19,40
94992,20,39
94993,19,39
94994,19,39
94995,19,39
94996,19,41
94997,19,41
94998,19,38
94999,19,38
95000,19,40
95001,19,39
95002,19,38
95003,19,39
95004,19,38
95005,20,39
95006,19,38
95007,19,39
95008,19,39
95009,20,38
95010,19,38
95011,19,42
95012,19,39
95013,19,39
95014,19,39
95015,19,40
95016,19,41
95017,19,39
95018,19,41
95019,19,41
95020,19,39
95021,19,38
95022,19,40
95023,19,41
95024,19,43
95025,19,39
95026,19,38
95027,19,39
95028,19,39
95029,19,38
95030,19,38
95031,19,42
95032,19,39
95033,19,40
95034,19,39
95035,19,38
95036,19,40
95037,20,39
95038,19,39
95039,19,38
95040,19,40
95041,19,38
95042,19,40
95043,19,39
95044,19,39
95045,19,38
95046,19,40
95047,19,39
95048,19,38
95049,19,40
95050,19,39
95051,19,39
95052,19,40
95053,19,38
95054,19,40
95055,19,40
95056,19,40
95057,19,39
95058,19,42
95059,19,40
95060,19,38
95061,19,39
95062,19,41
95063,19,39
95064,19,39
95065,19,41
95066,19,39
95067,19,39
95068,19,38
95069,20,40
95070,19,42
95071,19,40
95072,19,39
95073,19,37
95074,19,40
95075,19,37
95076,19,40
95077,19,39
95078,19,39
95079,19,38
95080,19,37
95081,19,42
95082,19,39
95083,19,41
95084,19,39
95085,19,39
95086,19,38
95087,19,40
95088,19,38
95089,19,37
95090,19,38
95091,19,39
95092,19,40
95093,19,41
95094,19,38
95095,19,41
95096,19,38
95097,19,40
95098,19,39
95099,19,38
95100,19,37
95101,19,40
95102,19,38
95103,19,39
95104,20,40
95105,19,38
95106,19,38
95107,19,38
95108,19,37
95109,19,41
95110,19,39
95111,19,38
95112,19,40
95113,19,38
95114,19,37
95115,20,38
95116,19,40
95117,19,38
95118,19,39
95119,19,39
95120,19,40
95121,20,37
95122,19,38
95123,19,39
95124,19,39
95125,19,40
95126,19,40
95127,19,38
95128,19,40
95129,19,43
95130,20,40
95131,19,39
95132,19,40
95133,19,38
95134,19,39
95135,19,39
95136,19,41
95137,19,40
95138,19,39
95139,19,39
95140,19,38
95141,19,37
95142,19,38
95143,19,40
95144,19,38
95145,19,38
95146,19,40
95147,19,38
95148,19,40
95149,19,39
95150,19,39
95151,19,39
95152,19,39
95153,19,39
95154,19,39
95155,19,38
95156,19,37
95157,19,39
95158,19,38
95159,19,42
95160,19,38
95161,19,40
95162,19,38
95163,19,38
95164,19,38
95165,19,38
95166,19,37
95167,19,38
95168,19,37
95169,19,40
95170,19,39
95171,19,39
95172,19,40
95173,19,40
95174,19,42
95175,19,37
95176,19,39
95177,19,42
95178,19,38
95179,19,40
95180,19,38
95181,19,40
95182,19,37
95183,20,38
95184,19,41
95185,19,41
95186,19,38
95187,20,39
95188,19,38
95189,19,37
95190,19,39
95191,19,40
95192,19,39
95193,19,39
95194,19,39
95195,19,37
95196,19,37
95197,19,37
95198,19,38
95199,19,41
95200,19,39
95201,19,42
95202,19,39
95203,19,38
95204,19,40
95205,19,39
95206,19,40
95207,19,38
95208,19,39
95209,19,38
95210,19,39
95211,19,41
95212,19,38
95213,19,37
95214,19,39
95215,19,39
95216,19,38
95217,19,38
95218,19,38
95219,19,40
95220,19,41
95221,19,39
95222,19,41
95223,19,40
95224,19,42
95225,19,38
95226,19,39
95227,19,39
95228,19,39
95229,19,38
95230,19,38
95231,19,40
95232,19,38
95233,19,41
95234,19,39
95235,19,41
95236,19,39
95237,19,41
95238,19,41
95239,19,40
95240,19,37
95241,19,38
95242,19,39
95243,19,40
95244,19,38
95245,19,38
95246,19,39
95247,19,39
95248,19,39
95249,19,41
95250,19,38
95251,19,38
95252,19,38
95253,19,39
95254,19,38
95255,19,40
95256,19,40
95257,19,39
95258,19,40
95259,19,39
95260,19,41
95261,19,44
95262,19,38
95263,19,39
95264,19,40
95265,19,38
95266,19,39
95267,19,38
95268,19,38
95269,19,38
95270,19,39
95271,19,41
95272,19,39
95273,19,39
95274,19,37
95275,19,39
95276,19,36
95277,19,38
95278,19,40
95279,20,39
95280,19,39
95281,19,38
95282,19,39
95283,19,37
95284,19,42
95285,19,39
95286,19,38
95287,19,37
95288,19,38
95289,19,36
95290,19,40
95291,19,39
95292,19,37
95293,19,38
95294,19,38
95295,19,41
95296,19,38
95297,19,40
95298,19,39
95299,19,38
95300,19,37
95301,19,36
95302,19,38
95303,19,39
95304,19,39
95305,19,38
95306,19,41
95307,19,41
95308,19,41
95309,19,39
95310,19,40
95311,19,38
95312,19,38
95313,19,37
95314,20,38
95315,19,41
95316,19,40
95317,19,38
95318,19,39
95319,19,40
95320,19,38
95321,19,39
95322,19,40
95323,19,39
95324,19,42
95325,20,39
95326,19,37
95327,19,39
95328,19,40
95329,19,39
95330,19,40
95331,19,39
95332,19,38
95333,19,38
95334,19,39
95335,19,40
95336,19,38
95337,19,38
95338,19,38
95339,19,39
95340,20,38
95341,19,38
95342,19,41
95343,19,40
95344,19,38
95345,19,37
95346,19,38
95347,19,38
95348,19,41
95349,19,39
95350,19,40
95351,19,38
95352,19,38
95353,19,38
95354,19,40
95355,19,37
95356,19,40
95357,19,39
95358,19,44
95359,19,43
95360,19,39
95361,19,41
95362,19,37
95363,19,42
95364,19,41
95365,19,41
95366,19,40
95367,20,41
95368,19,39
95369,19,37
95370,19,38
95371,19,39
95372,19,39
95373,19,38
95374,19,38
95375,20,39
95376,19,39
95377,19,39
95378,19,38
95379,19,39
95380,19,38
95381,19,38
95382,19,38
95383,19,41
95384,19,38
95385,19,40
95386,19,40
95387,19,41
95388,19,40
95389,19,38
95390,19,39
95391,19,41
95392,19,38
95393,19,38
95394,19,39
95395,19,39
95396,19,40
95397,19,40
95398,19,38
95399,19,41
95400,19,38
95401,19,40
95402,19,41
95403,19,39
95404,19,41
95405,19,40
95406,19,40
95407,19,39
95408,19,39
95409,19,39
95410,19,39
95411,19,39
95412,19,39
95413,19,39
95414,19,39
95415,19,38
95416,19,40
95417,19,38
95418,19,38
95419,19,40
95420,19,38
95421,19,39
95422,19,39
95423,19,40
95424,19,37
95425,19,37
95426,19,41
95427,19,40
95428,19,38
95429,19,38
95430,19,39
95431,19,41
95432,20,38
95433,19,39
95434,19,39
95435,19,36
95436,19,40
95437,19,39
95438,19,38
95439,20,38
95440,19,41
95441,19,40
95442,19,38
95443,20,38
95444,19,37
95445,19,40
95446,19,38
95447,19,40
95448,19,37
95449,19,41
95450,19,38
95451,19,39
95452,19,37
95453,19,38
95454,19,42
95455,19,39
95456,19,39
95457,19,38
95458,19,40
95459,19,39
95460,19,37
95461,19,40
95462,19,39
95463,19,40
95464,19,37
95465,19,39
95466,20,40
95467,20,39
95468,19,40
95469,19,37
95470,19,40
95471,19,37
95472,19,42
95473,19,39
95474,19,37
95475,19,42
95476,19,40
95477,20,36
95478,19,36
95479,19,38
95480,19,38
95481,19,40
95482,19,37
95483,19,41
95484,19,37
95485,19,39
95486,19,39
95487,19,39
95488,19,40
95489,19,39
95490,19,38
95491,19,39
95492,19,40
95493,19,39
95494,19,40
95495,19,39
95496,19,38
95497,19,40
95498,19,41
95499,19,38
95500,19,39
95501,19,38
95502,19,40
95503,19,39
95504,19,38
95505,19,39
95506,19,38
95507,19,37
95508,19,39
95509,19,39
95510,19,38
95511,19,37
95512,19,40
95513,19,38
95514,19,38
95515,19,39
95516,19,42
95517,19,38
95518,19,39
95519,19,42
95520,19,39
95521,19,39
95522,19,40
95523,19,39
95524,19,38
95525,19,40
95526,19,38
95527,19,41
95528,19,40
95529,19,38
95530,19,38
95531,19,39
95532,19,40
95533,19,39
95534,19,37
95535,19,37
95536,20,40
95537,19,38
95538,19,41
95539,19,38
95540,19,37
95541,19,40
95542,19,38
95543,19,40
95544,19,41
95545,19,36
95546,19,39
95547,19,40
95548,19,40
95549,19,39
95550,19,37
95551,19,39
95552,19,42
95553,19,38
95554,19,40
95555,19,42
95556,19,38
95557,19,39
95558,19,40
95559,19,40
95560,19,37
95561,19,38
95562,19,39
95563,19,38
95564,19,44
95565,19,39
95566,19,39
95567,19,40
95568,19,38
95569,19,43
95570,19,39
95571,19,39
95572,19,38
95573,19,40
95574,19,39
95575,19,37
95576,19,39
95577,19,41
95578,19,38
95579,19,39
95580,19,39
95581,19,39
95582,19,38
95583,19,38
95584,19,38
95585,19,38
95586,20,41
95587,19,38
95588,20,41
95589,19,40
95590,19,37
95591,19,41
95592,19,42
95593,19,40
95594,19,39
95595,19,39
95596,19,40
95597,19,39
95598,19,39
95599,19,43
95600,19,37
95601,19,40
95602,19,41
95603,19,38
95604,19,38
95605,19,38
95606,19,39
95607,19,40
95608,19,37
95609,20,37
95610,19,37
95611,19,37
95612,19,40
95613,19,40
95614,19,41
95615,19,39
95616,19,39
95617,19,38
95618,19,39
95619,19,38
95620,19,40
95621,19,41
95622,19,39
95623,19,40
95624,19,40
95625,20,42
95626,19,39
95627,19,40
95628,19,40
95629,19,40
95630,19,39
95631,19,39
95632,19,37
95633,19,42
95634,19,39
95635,19,38
95636,19,38
95637,19,39
95638,19,39
95639,20,37
95640,19,39
95641,19,38
95642,20,41
95643,19,39
95644,19,39
95645,19,41
95646,19,38
95647,19,38
95648,19,39
95649,19,40
95650,19,39
95651,20,38
95652,19,39
95653,19,40
95654,19,39
95655,19,40
95656,19,38
95657,19,40
95658,19,38
95659,19,39
95660,19,38
95661,19,39
95662,19,39
95663,19,39
95664,20,39
95665,19,39
95666,19,38
95667,19,40
95668,19,39
95669,19,40
95670,19,39
95671,19,41
95672,19,39
95673,19,38
95674,19,39
95675,19,41
95676,19,40
95677,19,42
95678,19,38
95679,19,37
95680,19,40
95681,19,37
95682,19,39
95683,19,39
95684,19,37
95685,19,39
95686,19,39
95687,19,40
95688,19,40
95689,19,39
95690,19,40
95691,19,43
95692,19,38
95693,20,40
95694,19,38
95695,19,39
95696,19,40
95697,19,39
95698,19,45
95699,19,40
95700,19,40
95701,19,39
95702,19,38
95703,19,40
95704,19,38
95705,19,40
95706,19,39
95707,19,38
95708,19,39
95709,19,39
95710,19,39
95711,19,41
95712,19,39
95713,19,39
95714,19,38
95715,19,39
95716,19,38
95717,19,39
95718,19,39
95719,19,40
95720,19,41
95721,19,37
95722,19,38
95723,19,40
95724,19,40
95725,19,40
95726,19,41
95727,19,39
95728,19,40
95729,19,39
95730,19,38
95731,19,38
95732,19,36
95733,19,39
95734,19,39
95735,19,40
95736,19,38
95737,19,40
95738,19,39
95739,19,39
95740,19,41
95741,19,40
95742,19,39
95743,19,37
95744,19,40
95745,19,40
95746,19,40
95747,19,39
95748,19,38
95749,19,39
95750,19,39
95751,19,38
95752,19,40
95753,19,40
95754,19,38
95755,19,39
95756,19,39
95757,19,38
95758,19,41
95759,19,40
95760,19,38
95761,20,39
95762,19,39
95763,19,38
95764,19,38
95765,19,40
95766,19,38
95767,19,38
95768,19,39
95769,19,39
95770,19,37
95771,19,41
95772,19,40
95773,20,40
95774,19,38
95775,19,39
95776,19,40
95777,20,40
95778,19,39
95779,19,38
95780,19,39
95781,19,39
95782,19,38
95783,19,38
95784,20,38
95785,19,40
95786,19,39
95787,19,40
95788,19,38
95789,19,39
95790,19,40
95791,19,40
95792,19,40
95793,19,38
95794,19,39
95795,19,40
95796,19,38
95797,19,39
95798,19,38
95799,19,38
95800,19,40
95801,19,40
95802,19,40
95803,19,40
95804,19,41
95805,19,39
95806,19,38
95807,20,39
95808,19,39
95809,19,38
95810,19,38
95811,19,39
95812,19,37
95813,19,38
95814,19,39
95815,19,38
95816,19,37
95817,19,39
95818,19,38
95819,19,40
95820,19,40
95821,19,40
95822,19,41
95823,19,39
95824,19,40
95825,19,39
95826,19,39
95827,19,39
95828,19,43
95829,19,36
95830,19,38
95831,19,39
95832,19,37
95833,19,39
95834,19,40
95835,19,38
95836,19,38
95837,19,38
95838,19,40
95839,19,39
95840,19,37
95841,19,39
95842,19,38
95843,19,38
95844,20,38
95845,19,38
95846,19,39
95847,19,42
95848,19,40
95849,20,40
95850,19,39
95851,19,41
95852,19,40
95853,19,41
95854,19,39
95855,19,40
95856,19,39
95857,19,39
95858,19,40
95859,19,38
95860,19,40
95861,19,38
95862,19,39
95863,19,39
95864,19,39
95865,19,39
95866,19,38
95867,19,38
95868,19,39
95869,19,40
95870,19,39
95871,19,39
95872,19,40
95873,19,39
95874,20,38
95875,19,39
95876,19,40
95877,19,38
95878,19,41
95879,19,40
95880,19,39
95881,19,37
95882,19,40
95883,19,39
95884,19,39
95885,19,38
95886,19,41
95887,19,38
95888,19,39
95889,19,40
95890,19,39
95891,20,38
95892,19,37
95893,19,40
95894,19,41
95895,19,40
95896,19,38
95897,19,39
95898,19,38
95899,19,38
95900,19,39
95901,19,38
95902,19,38
95903,19,41
95904,20,39
95905,19,38
95906,19,38
95907,19,40
95908,19,38
95909,19,39
95910,19,39
95911,19,39
95912,19,40
95913,20,38
95914,19,37
95915,19,39
95916,19,37
95917,19,39
95918,19,40
95919,19,39
95920,19,40
95921,19,39
95922,19,38
95923,19,39
95924,19,39
95925,19,41
95926,19,38
95927,19,39
95928,19,39
95929,19,38
95930,19,42
95931,19,39
95932,19,41
95933,19,37
95934,19,38
95935,19,38
95936,19,38
95937,19,40
95938,19,39
95939,19,40
95940,20,40
95941,19,39
95942,19,41
95943,20,38
95944,19,39
95945,19,40
95946,19,41
95947,19,39
95948,19,38
95949,19,38
95950,19,40
95951,19,39
95952,19,38
95953,19,41
95954,19,37
95955,19,40
95956,19,38
95957,19,39
95958,19,39
95959,19,42
95960,20,38
95961,19,41
95962,19,38
95963,19,38
95964,19,40
95965,19,43
95966,19,36
95967,19,36
95968,19,39
95969,19,38
95970,19,38
95971,19,39
95972,19,40
95973,19,40
95974,19,39
95975,19,38
95976,19,38
95977,19,37
95978,19,38
95979,19,39
95980,19,40
95981,19,38
95982,19,38
95983,19,40
95984,19,39
95985,19,39
95986,19,38
95987,19,39
95988,19,39
95989,19,39
95990,19,40
95991,19,40
95992,19,38
95993,19,38
95994,19,38
95995,19,40
95996,19,40
95997,19,39
95998,19,39
95999,19,38
96000,19,40
96001,19,38
96002,19,43
96003,19,38
96004,19,41
96005,19,41
96006,19,38
96007,19,39
96008,19,38
96009,19,39
96010,19,39
96011,19,39
96012,19,39
96013,19,37
96014,19,36
96015,19,38
96016,19,40
96017,19,40
96018,19,39
96019,19,38
96020,19,38
96021,19,42
96022,19,40
96023,19,38
96024,19,40
96025,19,38
96026,19,38
96027,19,40
96028,19,39
96029,19,38
96030,19,38
96031,19,39
96032,19,38
96033,19,39
96034,19,37
96035,19,41
96036,19,38
96037,20,38
96038,19,41
96039,20,41
96040,19,39
96041,19,40
96042,19,40
96043,19,37
96044,19,42
96045,19,40
96046,20,37
96047,19,37
96048,19,40
96049,20,40
96050,19,38
96051,19,39
96052,19,37
96053,19,38
96054,20,38
96055,19,40
96056,19,40
96057,19,37
96058,19,39
96059,19,39
96060,19,41
96061,19,40
96062,19,41
96063,19,40
96064,19,37
96065,19,37
96066,19,42
96067,19,38
96068,19,38
96069,19,39
96070,19,38
96071,19,38
96072,19,39
96073,19,40
96074,19,37
96075,19,39
96076,19,38
96077,19,40
96078,19,39
96079,19,40
96080,19,39
96081,19,40
96082,19,40
96083,19,37
96084,19,39
96085,19,40
96086,19,40
96087,20,39
96088,19,40
96089,19,39
96090,19,40
96091,19,40
96092,19,38
96093,19,39
96094,19,37
96095,19,37
96096,19,38
96097,19,40
96098,19,39
96099,19,39
96100,19,41
96101,19,39
96102,19,40
96103,20,43
96104,19,40
96105,19,40
96106,19,38
96107,19,37
96108,19,39
96109,19,40
96110,19,39
96111,19,39
96112,19,39
96113,19,39
96114,19,41
96115,19,38
96116,19,37
96117,19,38
96118,19,39
96119,19,38
96120,19,39
96121,19,39
96122,19,38
96123,19,41
96124,19,41
96125,19,39
96126,19,41
96127,19,39
96128,19,39
96129,19,37
96130,19,38
96131,19,38
96132,19,38
96133,19,38
96134,19,40
96135,19,41
96136,19,38
96137,20,38
96138,19,38
96139,19,39
96140,19,38
96141,19,38
96142,19,38
96143,19,38
96144,19,41
96145,19,39
96146,19,38
96147,19,40
96148,19,37
96149,19,40
96150,19,39
96151,19,39
96152,19,40
96153,19,40
96154,19,38
96155,19,41
96156,19,37
96157,19,39
96158,19,38
96159,19,41
96160,19,38
96161,19,38
96162,19,38
96163,19,40
96164,19,37
96165,19,40
96166,19,41
96167,19,41
96168,19,40
96169,19,38
96170,19,38
96171,19,38
96172,19,42
96173,19,40
96174,19,41
96175,19,38
96176,19,38
96177,19,39
96178,19,39
96179,19,40
96180,19,41
96181,19,38
96182,19,38
96183,20,42
96184,19,38
96185,19,40
96186,19,41
96187,19,37
96188,19,40
96189,19,39
96190,19,39
96191,19,37
96192,19,39
96193,19,39
96194,19,37
96195,19,38
96196,19,38
96197,19,39
96198,19,37
96199,19,39
96200,19,39
96201,19,41
96202,19,39
96203,19,38
96204,19,39
96205,19,38
96206,19,38
96207,19,39
96208,20,40
96209,19,41
96210,19,39
96211,19,39
96212,20,37
96213,19,38
96214,19,38
96215,19,37
96216,19,38
96217,19,37
96218,19,39
96219,19,39
96220,20,38
96221,19,39
96222,19,40
96223,19,39
96224,19,39
96225,19,37
96226,19,39
96227,19,40
96228,19,39
96229,20,40
96230,19,39
96231,19,39
96232,19,40
96233,19,40
96234,19,41
96235,19,39
96236,20,41
96237,19,39
96238,19,38
96239,19,40
96240,19,36
96241,19,39
96242,19,39
96243,20,38
96244,19,40
96245,19,39
96246,20,38
96247,19,36
96248,19,37
96249,19,40
96250,19,39
96251,19,41
96252,19,39
96253,19,41
96254,19,39
96255,19,40
96256,19,39
96257,19,41
96258,19,41
96259,19,39
96260,19,39
96261,19,39
96262,19,40
96263,19,39
96264,19,40
96265,19,38
96266,19,38
96267,19,38
96268,19,39
96269,19,38
96270,19,39
96271,19,38
96272,19,41
96273,19,39
96274,19,38
96275,19,39
96276,19,40
96277,19,37
96278,19,39
96279,19,41
96280,19,39
96281,19,41
96282,19,40
96283,19,39
96284,19,36
96285,19,39
96286,19,38
96287,20,38
96288,19,37
96289,19,38
96290,19,38
96291,19,39
96292,19,38
96293,19,38
96294,19,39
96295,19,36
96296,19,41
96297,19,37
96298,19,40
96299,19,37
96300,19,39
96301,19,39
96302,19,39
96303,19,42
96304,19,37
96305,19,39
96306,19,42
96307,19,38
96308,19,40
96309,19,39
96310,19,40
96311,19,40
96312,19,38
96313,19,38
96314,19,39
96315,19,40
96316,19,38
96317,19,38
96318,19,40
96319,19,38
96320,19,40
96321,19,37
96322,19,37
96323,19,40
96324,19,38
96325,19,39
96326,19,39
96327,19,38
96328,19,37
96329,19,37
96330,19,39
96331,19,37
96332,19,38
96333,19,39
96334,19,40
96335,19,40
96336,19,38
96337,19,40
96338,19,38
96339,19,39
96340,20,41
96341,19,39
96342,19,37
96343,19,38
96344,19,37
96345,19,40
96346,19,39
96347,19,38
96348,19,39
96349,19,38
96350,19,39
96351,19,39
96352,19,38
96353,19,41
96354,19,40
96355,19,41
96356,19,42
96357,19,40
96358,19,39
96359,19,38
96360,19,38
96361,20,39
96362,19,40
96363,19,40
96364,19,40
96365,19,40
96366,19,41
96367,19,41
96368,20,38
96369,20,40
96370,19,44
96371,19,40
96372,19,42
96373,19,41
96374,19,40
96375,19,40
96376,20,40
96377,19,39
96378,19,39
96379,19,38
96380,20,37
96381,19,41
96382,19,39
96383,19,39
96384,19,39
96385,19,37
96386,19,40
96387,19,39
96388,19,37
96389,19,38
96390,19,39
96391,19,39
96392,19,40
96393,19,40
96394,19,39
96395,19,38
96396,19,40
96397,19,39
96398,19,39
96399,19,38
96400,19,39
96401,19,40
96402,19,37
96403,19,37
96404,19,40
96405,19,37
96406,19,38
96407,19,38
96408,19,38
96409,19,39
96410,19,39
96411,19,40
96412,19,38
96413,19,38
96414,19,39
96415,19,39
96416,20,40
96417,19,41
96418,19,40
96419,20,40
96420,19,39
96421,19,38
96422,19,39
96423,19,39
96424,19,37
96425,19,39
96426,19,40
96427,19,38
96428,19,38
96429,19,37
96430,19,38
96431,19,39
96432,20,39
96433,19,39
96434,19,40
96435,20,40
96436,19,39
96437,19,38
96438,19,40
96439,19,38
96440,19,38
96441,19,38
96442,19,40
96443,20,41
96444,19,38
96445,19,39
96446,19,40
96447,19,40
96448,19,41
96449,19,39
96450,19,40
96451,19,39
96452,19,39
96453,19,40
96454,19,37
96455,19,39
96456,19,38
96457,20,40
96458,19,40
96459,19,37
96460,19,39
96461,19,38
96462,19,37
96463,19,41
96464,19,36
96465,19,40
96466,19,39
96467,19,40
96468,19,38
96469,19,39
96470,19,39
96471,19,41
96472,19,40
96473,19,38
96474,19,38
96475,19,38
96476,19,40
96477,19,39
96478,19,36
96479,19,38
96480,19,40
96481,19,37
96482,19,39
96483,19,40
96484,19,38
96485,19,38
96486,19,42
96487,19,38
96488,19,40
96489,19,37
96490,19,40
96491,19,38
96492,19,39
96493,19,38
96494,19,38
96495,19,39
96496,19,39
96497,19,38
96498,19,40
96499,19,38
96500,19,41
96501,19,43
96502,19,40
96503,19,39
96504,19,39
96505,19,39
96506,19,40
96507,19,39
96508,19,39
96509,19,41
96510,19,39
96511,19,42
96512,19,38
96513,19,39
96514,19,39
96515,19,41
96516,19,38
96517,19,37
96518,19,38
96519,20,41
96520,19,40
96521,19,40
96522,19,39
96523,19,37
96524,19,39
96525,19,40
96526,19,41
96527,19,40
96528,19,39
96529,19,39
96530,19,39
96531,19,40
96532,19,37
96533,19,39
96534,19,39
96535,19,38
96536,19,39
96537,19,41
96538,20,39
96539,19,40
96540,19,39
96541,19,38
96542,19,37
96543,19,38
96544,19,40
96545,19,38
96546,19,37
96547,19,40
96548,19,41
96549,19,39
96550,19,41
96551,19,38
96552,19,40
96553,19,39
96554,19,39
96555,19,38
96556,19,37
96557,19,42
96558,19,40
96559,19,40
96560,19,40
96561,19,40
96562,19,39
96563,19,39
96564,19,39
96565,19,41
96566,19,39
96567,19,39
96568,19,39
96569,19,40
96570,19,37
96571,19,39
96572,19,39
96573,19,39
96574,19,39
96575,19,40
96576,19,40
96577,19,40
96578,19,38
96579,19,39
96580,19,38
96581,19,39
96582,19,37
96583,19,38
96584,19,39
96585,19,38
96586,19,38
96587,19,38
96588,19,39
96589,19,38
96590,19,38
96591,19,38
96592,19,41
96593,19,39
96594,19,39
96595,19,42
96596,19,41
96597,19,43
96598,19,40
96599,19,41
96600,19,38
96601,19,39
96602,19,38
96603,19,40
96604,19,40
96605,19,41
96606,19,38
96607,19,41
96608,19,39
96609,19,42
96610,19,38
96611,19,38
96612,19,40
96613,19,38
96614,19,39
96615,19,39
96616,19,39
96617,19,39
96618,19,41
96619,19,40
96620,19,44
96621,19,39
96622,19,41
96623,19,36
96624,19,38
96625,19,40
96626,20,38
96627,19,40
96628,19,40
96629,19,39
96630,19,38
96631,19,42
96632,19,39
96633,19,37
96634,19,39
96635,19,39
96636,20,40
96637,19,40
96638,19,40
96639,19,39
96640,19,41
96641,19,40
96642,19,39
96643,19,39
96644,19,38
96645,19,38
96646,19,39
96647,19,40
96648,19,38
96649,19,39
96650,19,40
96651,19,38
96652,19,38
96653,19,41
96654,19,39
96655,19,39
96656,19,38
96657,20,40
96658,19,40
96659,19,38
96660,19,40
96661,19,40
96662,19,38
96663,19,38
96664,19,39
96665,19,36
96666,19,40
96667,19,41
96668,19,39
96669,19,38
96670,20,38
96671,19,38
96672,19,38
96673,19,38
96674,19,37
96675,19,38
96676,19,42
96677,19,39
96678,19,41
96679,19,38
96680,19,37
96681,19,38
96682,19,38
96683,19,39
96684,19,39
96685,19,39
96686,19,39
96687,19,40
96688,19,39
96689,19,39
96690,19,39
96691,19,39
96692,19,39
96693,19,37
96694,19,40
96695,19,39
96696,19,37
96697,19,39
96698,19,40
96699,19,41
96700,19,40
96701,19,38
96702,19,38
96703,19,37
96704,19,40
96705,19,38
96706,19,40
96707,19,38
96708,19,38
96709,20,42
96710,19,38
96711,19,40
96712,19,39
96713,19,39
96714,19,38
96715,19,38
96716,19,40
96717,19,39
96718,19,37
96719,19,38
96720,19,40
96721,19,40
96722,19,39
96723,19,37
96724,19,39
96725,20,39
96726,19,41
96727,19,40
96728,19,39
96729,19,41
96730,19,41
96731,20,38
96732,19,38
96733,19,40
96734,19,40
96735,19,39
96736,19,38
96737,19,39
96738,19,39
96739,19,38
96740,19,40
96741,19,39
96742,20,38
96743,19,38
96744,19,43
96745,19,42
96746,20,39
96747,19,40
96748,19,39
96749,19,41
96750,19,40
96751,19,39
96752,19,38
96753,19,39
96754,19,38
96755,19,40
96756,19,38
96757,19,38
96758,19,38
96759,19,38
96760,19,39
96761,19,38
96762,19,41
96763,19,39
96764,19,39
96765,19,41
96766,19,43
96767,19,39
96768,20,38
96769,19,39
96770,19,41
96771,19,40
96772,19,39
96773,19,38
96774,19,37
96775,19,40
96776,19,40
96777,19,37
96778,19,41
96779,19,38
96780,19,39
96781,19,42
96782,19,39
96783,20,38
96784,20,37
96785,19,36
96786,19,41
96787,19,38
96788,19,38
96789,19,39
96790,19,39
96791,19,41
96792,19,39
96793,19,39
96794,19,38
96795,19,42
96796,19,40
96797,19,40
96798,19,39
96799,19,40
96800,19,40
96801,20,37
96802,19,39
96803,19,40
96804,19,37
96805,19,39
96806,19,39
96807,19,40
96808,19,40
96809,19,37
96810,20,40
96811,19,40
96812,20,40
96813,19,40
96814,19,39
96815,19,40
96816,19,39
96817,19,38
96818,19,39
96819,19,39
96820,19,40
96821,19,39
96822,19,40
96823,19,38
96824,19,39
96825,19,38
96826,19,40
96827,19,40
96828,19,40
96829,19,40
96830,19,38
96831,19,39
96832,20,40
96833,19,40
96834,20,39
96835,19,41
96836,19,39
96837,19,40
96838,19,39
96839,19,38
96840,19,39
96841,19,39
96842,19,41
96843,19,39
96844,19,39
96845,19,38
96846,19,39
96847,19,40
96848,19,37
96849,19,41
96850,19,39
96851,19,39
96852,19,39
96853,19,38
96854,19,39
96855,19,39
96856,19,39
96857,19,37
96858,19,38
96859,19,39
96860,19,38
96861,19,39
96862,20,40
96863,19,39
96864,19,39
96865,19,36
96866,19,38
96867,19,38
96868,19,41
96869,20,40
96870,19,38
96871,19,40
96872,19,42
96873,19,40
96874,19,40
96875,19,40
96876,19,38
96877,19,41
96878,19,41
96879,19,40
96880,19,39
96881,19,39
96882,19,38
96883,19,39
96884,19,40
96885,20,41
96886,19,40
96887,19,38
96888,19,42
96889,19,41
96890,19,40
96891,19,39
96892,19,36
96893,19,39
96894,19,39
96895,19,39
96896,19,39
96897,19,40
96898,19,39
96899,19,38
96900,19,40
96901,19,37
96902,19,40
96903,19,38
96904,19,41
96905,19,39
96906,19,38
96907,19,39
96908,19,39
96909,19,40
96910,19,41
96911,19,41
96912,19,41
96913,19,39
96914,19,39
96915,19,40
96916,19,39
96917,19,38
96918,19,38
96919,19,38
96920,19,39
96921,19,38
96922,19,37
96923,19,40
96924,19,41
96925,19,39
96926,19,38
96927,19,39
96928,19,39
96929,19,40
96930,19,40
96931,19,41
96932,19,40
96933,19,42
96934,19,41
96935,19,40
96936,19,40
96937,19,41
96938,19,42
96939,19,40
96940,19,39
96941,19,39
96942,19,39
96943,19,42
96944,19,40
96945,19,41
96946,19,37
96947,19,41
96948,19,39
96949,19,41
96950,19,39
96951,19,39
96952,19,37
96953,20,39
96954,19,39
96955,19,37
96956,19,38
96957,19,38
96958,19,40
96959,19,39
96960,19,37
96961,19,41
96962,19,41
96963,19,41
96964,19,40
96965,19,39
96966,19,40
96967,19,39
96968,19,38
96969,19,38
96970,19,40
96971,19,38
96972,19,39
96973,19,38
96974,19,38
96975,19,38
96976,19,39
96977,19,39
96978,19,43
96979,20,39
96980,19,40
96981,19,37
96982,19,40
96983,19,38
96984,19,38
96985,19,39
96986,19,39
96987,19,39
96988,19,41
96989,19,38
96990,19,40
96991,19,40
96992,19,38
96993,19,39
96994,19,38
96995,19,40
96996,19,38
96997,19,37
96998,19,39
96999,19,40
97000,19,39
97001,19,38
97002,19,38
97003,19,38
97004,19,41
97005,19,38
97006,20,38
97007,20,39
97008,20,42
97009,19,39
97010,19,38
97011,19,39
97012,19,39
97013,20,38
97014,19,39
97015,19,37
97016,19,39
97017,19,39
97018,19,39
97019,19,38
97020,19,41
97021,19,40
97022,19,39
97023,19,38
97024,19,40
97025,19,37
97026,19,40
97027,20,39
97028,19,38
97029,19,39
97030,19,40
97031,19,38
97032,19,41
97033,20,38
97034,19,39
97035,19,37
97036,19,39
97037,19,38
97038,19,40
97039,19,39
97040,19,39
97041,19,40
97042,20,41
97043,19,40
97044,19,40
97045,19,40
97046,19,41
97047,20,42
97048,19,38
97049,19,40
97050,19,41
97051,19,37
97052,19,39
97053,19,38
97054,19,38
97055,19,40
97056,19,43
97057,19,37
97058,19,39
97059,19,38
97060,19,39
97061,19,40
97062,19,40
97063,19,37
97064,19,40
97065,20,38
97066,20,37
97067,19,38
97068,19,40
97069,19,37
97070,19,39
97071,19,43
97072,19,39
97073,19,39
97074,19,40
97075,19,40
97076,19,41
97077,19,39
97078,19,39
97079,19,38
97080,19,39
97081,19,40
97082,19,41
97083,19,38
97084,19,39
97085,19,40
97086,19,37
97087,19,38
97088,19,38
97089,19,39
97090,19,40
97091,19,37
97092,19,41
97093,19,41
97094,19,41
97095,19,40
97096,19,40
97097,19,39
97098,19,39
97099,19,40
97100,19,40
97101,19,38
97102,19,41
97103,19,39
97104,19,40
97105,19,39
97106,19,38
97107,19,40
97108,19,40
97109,20,38
97110,19,38
97111,19,38
97112,19,40
97113,19,38
97114,19,39
97115,19,43
97116,19,38
97117,19,40
97118,19,38
97119,19,39
97120,19,44
97121,19,38
97122,19,39
97123,19,40
97124,19,38
97125,19,38
97126,19,37
97127,19,39
97128,19,37
97129,19,39
97130,19,39
97131,19,41
97132,20,41
97133,19,38
97134,19,38
97135,19,37
97136,19,39
97137,19,41
97138,19,40
97139,19,40
97140,19,39
97141,19,38
97142,20,38
97143,20,40
97144,19,40
97145,19,40
97146,19,39
97147,19,40
97148,19,37
97149,19,40
97150,19,37
97151,19,40
97152,20,39
97153,19,40
97154,19,39
97155,19,40
97156,19,41
97157,19,39
97158,19,38
97159,19,39
97160,20,39
97161,19,38
97162,19,39
97163,19,38
97164,19,41
97165,19,38
97166,19,39
97167,19,37
97168,19,37
97169,19,39
97170,19,37
97171,19,39
97172,19,40
97173,19,40
97174,19,38
97175,19,36
97176,19,40
97177,19,39
97178,19,40
97179,20,39
97180,19,39
97181,19,40
97182,19,39
97183,19,38
97184,19,40
97185,19,39
97186,20,38
97187,19,40
97188,19,40
97189,20,38
97190,19,40
97191,19,39
97192,19,41
97193,19,38
97194,19,39
97195,19,39
97196,19,39
97197,20,40
97198,20,40
97199,19,38
97200,19,38
97201,19,36
97202,19,40
97203,19,39
97204,19,39
97205,19,39
97206,20,37
97207,20,38
97208,20,38
97209,19,38
97210,19,40
97211,19,38
97212,19,40
97213,19,41
97214,19,39
97215,19,37
97216,19,40
97217,19,38
97218,19,40
97219,19,41
97220,19,39
97221,19,39
97222,19,40
97223,20,40
97224,19,38
97225,19,41
97226,19,39
97227,19,36
97228,19,39
97229,19,38
97230,19,39
97231,19,38
97232,19,42
97233,19,40
97234,19,39
97235,19,41
97236,19,39
97237,19,40
97238,19,37
97239,19,39
97240,19,37
97241,19,37
97242,19,39
97243,19,38
97244,19,39
97245,19,39
97246,19,39
97247,19,40
97248,19,41
97249,20,39
97250,19,39
97251,20,38
97252,19,39
97253,19,38
97254,19,41
97255,19,37
97256,19,38
97257,19,38
97258,19,38
97259,20,38
97260,19,40
97261,19,39
97262,20,39
97263,19,41
97264,19,39
97265,19,39
97266,19,38
97267,19,39
97268,19,39
97269,19,39
97270,19,39
97271,20,38
97272,19,38
97273,19,40
97274,19,41
97275,19,40
97276,19,38
97277,19,39
97278,19,40
97279,19,42
97280,19,39
97281,19,39
97282,19,37
97283,19,40
97284,19,38
97285,19,38
97286,19,38
97287,19,40
97288,19,40
97289,19,39
97290,19,40
97291,19,40
97292,19,39
97293,19,39
97294,19,40
97295,19,38
97296,19,37
97297,19,38
97298,19,40
97299,19,37
97300,19,39
97301,19,38
97302,19,39
97303,19,38
97304,19,39
97305,19,39
97306,19,38
97307,19,39
97308,19,38
97309,19,39
97310,19,38
97311,19,41
97312,20,40
97313,19,40
97314,19,39
97315,19,42
97316,19,37
97317,19,41
97318,20,39
97319,19,39
97320,19,38
97321,19,39
97322,19,40
97323,19,40
97324,19,37
97325,19,38
97326,19,37
97327,19,38
97328,19,37
97329,20,41
97330,19,39
97331,19,40
97332,19,38
97333,19,40
97334,19,40
97335,19,39
97336,19,38
97337,19,40
97338,19,39
97339,19,39
97340,19,37
97341,19,41
97342,19,39
97343,19,39
97344,19,38
97345,19,39
97346,19,39
97347,19,38
97348,19,38
97349,19,41
97350,19,42
97351,19,39
97352,19,38
97353,19,38
97354,20,40
97355,20,39
97356,19,40
97357,19,38
97358,19,42
97359,19,38
97360,19,39
97361,19,39
97362,19,40
97363,19,38
97364,19,41
97365,19,40
97366,19,41
97367,19,39
97368,19,41
97369,19,40
97370,19,39
97371,20,39
97372,20,40
97373,19,38
97374,19,38
97375,19,38
97376,19,38
97377,19,38
97378,19,39
97379,19,41
97380,19,40
97381,19,42
97382,19,40
97383,19,39
97384,19,39
97385,20,41
97386,19,37
97387,19,39
97388,19,39
97389,19,39
97390,19,39
97391,20,41
97392,19,40
97393,19,37
97394,19,38
97395,19,40
97396,19,38
97397,19,39
97398,19,41
97399,19,38
97400,19,38
97401,19,40
97402,19,38
97403,19,38
97404,19,39
97405,19,41
97406,19,39
97407,19,40
97408,19,39
97409,19,39
97410,19,40
97411,19,40
97412,19,37
97413,19,41
97414,19,39
97415,19,37
97416,19,40
97417,19,37
97418,19,39
97419,19,39
97420,19,39
97421,19,42
97422,19,39
97423,19,41
97424,19,40
97425,19,40
97426,19,38
97427,19,39
97428,19,38
97429,19,41
97430,20,41
97431,19,38
97432,19,40
97433,19,37
97434,19,38
97435,19,41
97436,19,39
97437,19,38
97438,19,39
97439,19,38
97440,19,40
97441,19,40
97442,19,42
97443,19,40
97444,19,39
97445,19,37
97446,19,39
97447,19,39
97448,19,40
97449,19,41
97450,19,38
97451,19,39
97452,19,38
97453,19,37
97454,19,41
97455,19,39
97456,19,37
97457,19,39
97458,19,40
97459,19,37
97460,19,39
97461,19,39
97462,19,39
97463,19,37
97464,19,38
97465,19,43
97466,19,39
97467,19,37
97468,19,41
97469,19,39
97470,19,39
97471,19,39
97472,19,39
97473,19,36
97474,19,39
97475,19,39
97476,19,40
97477,19,42
97478,19,37
97479,19,39
97480,19,38
97481,19,38
97482,19,37
97483,19,41
97484,19,39
97485,19,39
97486,19,37
97487,19,41
97488,19,39
97489,20,38
97490,20,40
97491,19,40
97492,19,37
97493,19,38
97494,19,39
97495,19,38
97496,19,38
97497,19,39
97498,19,40
97499,19,38
97500,19,42
97501,19,39
97502,19,42
97503,19,41
97504,19,40
97505,19,41
97506,19,37
97507,19,40
97508,20,39
97509,19,40
97510,19,42
97511,19,40
97512,19,39
97513,19,38
97514,19,40
97515,19,37
97516,19,38
97517,19,41
97518,19,36
97519,19,39
97520,19,38
97521,19,40
97522,19,39
97523,19,40
97524,19,37
97525,19,38
97526,19,39
97527,19,38
97528,19,38
97529,19,41
97530,19,39
97531,19,38
97532,19,39
97533,19,39
97534,19,39
97535,19,38
97536,19,40
97537,19,41
97538,19,38
97539,19,37
97540,19,38
97541,19,39
97542,19,39
97543,20,39
97544,20,38
97545,20,38
97546,19,38
97547,19,39
97548,19,38
97549,19,39
97550,20,38
97551,19,39
97552,19,39
97553,19,39
97554,19,39
97555,19,40
97556,19,39
97557,19,40
97558,19,39
97559,19,40
97560,20,40
97561,20,39
97562,19,38
97563,19,37
97564,19,41
97565,19,37
97566,19,39
97567,19,40
97568,19,39
97569,20,37
97570,19,40
97571,19,38
97572,19,37
97573,19,40
97574,19,40
97575,20,38
97576,19,39
97577,19,38
97578,20,39
97579,19,39
97580,20,39
97581,19,39
97582,19,40
97583,19,40
97584,19,37
97585,19,41
97586,19,40
97587,19,40
97588,19,39
97589,19,40
97590,19,40
97591,19,39
97592,19,37
97593,19,39
97594,20,40
97595,19,39
97596,19,39
97597,19,39
97598,19,39
97599,19,39
97600,19,37
97601,19,40
97602,19,37
97603,20,39
97604,19,39
97605,20,39
97606,19,39
97607,19,39
97608,19,37
97609,20,40
97610,19,40
97611,19,40
97612,19,40
97613,19,39
97614,19,38
97615,19,38
97616,19,39
97617,19,40
97618,19,37
97619,19,40
97620,19,40
97621,19,39
97622,19,37
97623,19,38
97624,19,40
97625,19,39
97626,19,38
97627,19,39
97628,19,40
97629,19,38
97630,19,37
97631,19,37
97632,19,40
97633,19,40
97634,19,40
97635,19,39
97636,19,38
97637,19,39
97638,19,38
97639,19,38
97640,19,39
97641,19,39
97642,20,39
97643,19,42
97644,19,38
97645,19,40
97646,19,40
97647,19,40
97648,19,39
97649,19,37
97650,19,39
97651,19,37
97652,19,41
97653,19,40
97654,19,39
97655,19,38
97656,20,39
97657,19,39
97658,19,39
97659,19,39
97660,19,38
97661,19,40
97662,19,41
97663,19,37
97664,20,41
97665,19,39
97666,19,39
97667,19,38
97668,19,40
97669,19,42
97670,19,39
97671,19,39
97672,19,39
97673,19,37
97674,19,42
97675,19,39
97676,19,38
97677,19,42
97678,19,38
97679,19,38
97680,19,39
97681,19,39
97682,19,41
97683,19,38
97684,19,40
97685,19,38
97686,19,38
97687,19,37
97688,19,40
97689,19,39
97690,19,40
97691,19,38
97692,19,41
97693,20,41
97694,19,39
97695,19,40
97696,19,38
97697,19,39
97698,19,40
97699,19,40
97700,20,39
97701,19,39
97702,19,42
97703,19,38
97704,19,37
97705,19,39
97706,20,41
97707,19,40
97708,19,38
97709,20,38
97710,19,40
97711,20,41
97712,19,39
97713,19,38
97714,19,41
97715,19,41
97716,19,37
97717,19,39
97718,19,38
97719,19,41
97720,19,39
97721,19,39
97722,19,38
97723,19,38
97724,19,40
97725,19,39
97726,19,38
97727,20,39
97728,19,40
97729,19,43
97730,19,42
97731,19,39
97732,19,40
97733,19,40
97734,19,41
97735,20,38
97736,19,41
97737,19,39
97738,19,39
97739,19,40
97740,19,40
97741,19,39
97742,19,36
97743,19,38
97744,19,38
97745,19,40
97746,19,39
97747,19,40
97748,19,40
97749,19,38
97750,19,39
97751,19,39
97752,19,36
97753,19,40
97754,19,39
97755,19,38
97756,19,39
97757,19,40
97758,19,39
97759,20,38
97760,19,41
97761,20,39
97762,19,38
97763,19,39
97764,19,41
97765,19,40
97766,19,38
97767,19,40
97768,19,39
97769,19,42
97770,19,41
97771,19,38
97772,19,41
97773,19,36
97774,19,40
97775,19,38
97776,19,39
97777,19,39
97778,19,39
97779,19,39
97780,19,38
97781,19,39
97782,19,41
97783,19,39
97784,19,38
97785,19,40
97786,19,40
97787,19,40
97788,19,40
97789,19,38
97790,19,37
97791,19,37
97792,19,38
97793,19,40
97794,19,37
97795,19,40
97796,19,37
97797,19,37
97798,19,39
97799,19,41
97800,19,42
97801,19,37
97802,19,40
97803,19,40
97804,19,40
97805,19,39
97806,20,38
97807,19,42
97808,19,39
97809,19,39
97810,19,41
97811,19,38
97812,19,39
97813,19,41
97814,19,39
97815,19,40
97816,19,40
97817,19,38
97818,19,37
97819,19,41
97820,19,40
97821,19,38
97822,19,38
97823,19,40
97824,19,38
97825,19,40
97826,19,38
97827,19,37
97828,19,40
97829,19,39
97830,20,39
97831,19,39
97832,19,41
97833,19,39
97834,19,38
97835,19,38
97836,19,42
97837,19,40
97838,19,40
97839,19,40
97840,19,39
97841,19,41
97842,19,40
97843,19,40
97844,19,40
97845,19,39
97846,19,39
97847,19,41
97848,19,42
97849,19,42
97850,19,41
97851,19,41
97852,19,38
97853,19,41
97854,19,40
97855,19,38
97856,19,39
97857,19,39
97858,19,37
97859,19,38
97860,19,39
97861,19,40
97862,19,41
97863,19,39
97864,19,39
97865,19,38
97866,19,38
97867,19,38
97868,19,39
97869,19,37
97870,19,41
97871,19,40
97872,19,40
97873,19,40
97874,19,41
97875,19,40
97876,19,39
97877,19,41
97878,19,38
97879,19,39
97880,19,41
97881,19,39
97882,20,39
97883,19,39
97884,19,40
97885,20,40
97886,19,39
97887,19,40
97888,19,39
97889,19,41
97890,19,39
97891,19,39
97892,19,39
97893,19,39
97894,19,39
97895,20,38
97896,19,40
97897,19,41
97898,19,39
97899,19,41
97900,19,38
97901,19,40
97902,19,41
97903,19,40
97904,19,40
97905,20,41
97906,19,39
97907,19,39
97908,19,40
97909,19,39
97910,19,39
97911,19,40
97912,19,40
97913,19,41
97914,19,42
97915,19,39
97916,19,40
97917,19,38
97918,19,39
97919,19,40
97920,19,39
97921,19,40
97922,19,38
97923,19,40
97924,19,39
97925,19,40
97926,19,40
97927,19,39
97928,19,38
97929,19,38
97930,19,41
97931,19,40
97932,19,39
97933,19,40
97934,20,38
97935,19,38
97936,20,38
97937,19,39
97938,19,39
97939,19,39
97940,19,39
97941,19,39
97942,19,39
97943,19,40
97944,19,40
97945,20,39
97946,19,40
97947,20,38
97948,19,40
97949,19,38
97950,19,40
97951,19,40
97952,19,40
97953,19,40
97954,19,40
97955,19,38
97956,19,39
97957,19,40
97958,19,38
97959,19,39
97960,19,39
97961,19,40
97962,19,39
97963,19,39
97964,19,37
97965,19,38
97966,19,39
97967,19,40
97968,20,39
97969,19,40
97970,19,41
97971,19,39
97972,19,37
97973,19,39
97974,19,39
97975,19,39
97976,19,39
97977,19,38
97978,19,40
97979,19,39
97980,19,39
97981,19,37
97982,19,39
97983,19,39
97984,19,41
97985,19,41
97986,20,40
97987,19,39
97988,19,37
97989,19,37
97990,19,38
97991,19,38
97992,19,40
97993,19,39
97994,19,41
97995,20,40
97996,19,39
97997,20,39
97998,19,38
97999,20,38
98000,19,40
98001,19,38
98002,19,40
98003,19,40
98004,19,40
98005,19,38
98006,19,40
98007,19,40
98008,19,38
98009,19,41
98010,19,43
98011,19,38
98012,19,40
98013,19,41
98014,20,38
98015,19,39
98016,19,39
98017,19,39
98018,19,38
98019,20,40
98020,19,39
98021,19,38
98022,19,39
98023,19,39
98024,19,36
98025,20,39
98026,19,40
98027,19,36
98028,19,39
98029,19,39
98030,19,40
98031,19,39
98032,19,41
98033,19,40
98034,19,41
98035,20,37
98036,19,39
98037,19,39
98038,19,41
98039,19,37
98040,19,40
98041,19,38
98042,19,37
98043,19,38
98044,19,40
98045,19,39
98046,19,41
98047,19,40
98048,20,37
98049,19,39
98050,19,41
98051,19,39
98052,19,38
98053,19,39
98054,19,39
98055,19,40
98056,19,41
98057,19,39
98058,19,39
98059,20,39
98060,19,39
98061,19,39
98062,19,38
98063,19,38
98064,19,40
98065,19,40
98066,19,38
98067,20,39
98068,19,39
98069,19,40
98070,19,38
98071,19,39
98072,19,38
98073,19,41
98074,19,40
98075,19,39
98076,19,39
98077,19,40
98078,19,40
98079,19,40
98080,19,39
98081,20,41
98082,19,38
98083,19,39
98084,19,38
98085,19,40
98086,19,41
98087,19,39
98088,19,38
98089,19,42
98090,19,38
98091,19,40
98092,19,38
98093,19,39
98094,19,37
98095,19,39
98096,19,40
98097,19,42
98098,19,42
98099,20,37
98100,19,37
98101,19,38
98102,19,38
98103,19,40
98104,19,39
98105,19,37
98106,19,40
98107,19,37
98108,19,40
98109,19,38
98110,19,39
98111,20,38
98112,20,37
98113,19,40
98114,19,39
98115,19,40
98116,20,39
98117,19,38
98118,19,38
98119,19,38
98120,19,38
98121,19,37
98122,19,39
98123,19,40
98124,19,41
98125,20,38
98126,19,39
98127,19,39
98128,20,39
98129,19,38
98130,20,38
98131,19,41
98132,19,40
98133,19,41
98134,19,39
98135,19,39
98136,20,40
98137,19,39
98138,19,39
98139,19,40
98140,19,39
98141,19,39
98142,19,40
98143,19,40
98144,19,39
98145,19,40
98146,19,38
98147,19,39
98148,19,39
98149,19,40
98150,19,42
98151,20,38
98152,19,39
98153,19,39
98154,19,38
98155,19,40
98156,19,40
98157,19,37
98158,19,41
98159,19,39
98160,19,40
98161,19,39
98162,19,40
98163,19,38
98164,19,38
98165,19,39
98166,19,40
98167,19,41
98168,19,40
98169,19,40
98170,19,38
98171,19,39
98172,19,39
98173,19,40
98174,19,40
98175,19,39
98176,19,40
98177,20,38
98178,19,37
98179,19,38
98180,19,38
98181,19,40
98182,19,38
98183,19,39
98184,19,39
98185,19,40
98186,19,39
98187,19,39
98188,19,39
98189,19,41
98190,19,39
98191,19,39
98192,19,39
98193,19,39
98194,19,39
98195,19,42
98196,19,38
98197,19,39
98198,19,39
98199,19,43
98200,19,39
98201,19,40
98202,19,39
98203,19,41
98204,19,39
98205,19,41
98206,19,38
98207,19,37
98208,19,41
98209,19,39
98210,19,40
98211,19,39
98212,19,39
98213,19,41
98214,19,38
98215,19,38
98216,19,41
98217,19,38
98218,19,40
98219,20,41
98220,19,39
98221,19,40
98222,19,39
98223,19,40
98224,19,39
98225,19,40
98226,19,39
98227,19,37
98228,19,41
98229,19,40
98230,20,38
98231,19,40
98232,19,39
98233,19,40
98234,19,39
98235,19,40
98236,19,39
98237,19,41
98238,19,41
98239,19,38
98240,19,41
98241,20,41
98242,19,40
98243,19,40
98244,19,40
98245,19,39
98246,19,41
98247,19,39
98248,19,39
98249,20,38
98250,19,40
98251,19,38
98252,19,39
98253,19,39
98254,19,41
98255,19,38
98256,19,38
98257,19,40
98258,19,41
98259,20,39
98260,19,39
98261,19,40
98262,19,40
98263,19,38
98264,19,39
98265,19,41
98266,19,40
98267,19,40
98268,19,39
98269,19,42
98270,19,39
98271,19,40
98272,19,39
98273,19,39
98274,19,39
98275,19,39
98276,19,40
98277,19,39
98278,19,39
98279,19,38
98280,20,39
98281,19,40
98282,19,37
98283,19,40
98284,19,41
98285,19,37
98286,19,40
98287,19,39
98288,19,38
98289,20,39
98290,19,42
98291,19,43
98292,20,42
98293,19,40
98294,19,40
98295,19,38
98296,19,40
98297,19,40
98298,19,39
98299,19,38
98300,19,40
98301,19,39
98302,19,38
98303,19,39
98304,19,40
98305,19,41
98306,19,38
98307,19,39
98308,19,40
98309,19,40
98310,19,41
98311,19,38
98312,19,39
98313,19,40
98314,19,38
98315,19,40
98316,19,38
98317,19,40
98318,19,39
98319,19,39
98320,19,41
98321,19,39
98322,19,38
98323,19,39
98324,20,37
98325,19,38
98326,19,40
98327,19,38
98328,19,40
98329,19,41
98330,19,38
98331,19,39
98332,19,38
98333,19,38
98334,19,42
98335,19,40
98336,19,38
98337,20,40
98338,19,40
98339,20,38
98340,19,37
98341,19,40
98342,19,38
98343,19,39
98344,19,40
98345,19,39
98346,20,39
98347,19,39
98348,19,37
98349,19,40
98350,19,37
98351,19,42
98352,19,38
98353,19,37
98354,19,38
98355,19,40
98356,19,38
98357,19,38
98358,19,36
98359,19,38
98360,19,38
98361,19,40
98362,20,42
98363,19,38
98364,19,38
98365,19,39
98366,19,39
98367,19,39
98368,19,38
98369,19,38
98370,20,40
98371,19,38
98372,19,43
98373,19,37
98374,19,40
98375,19,39
98376,19,39
98377,19,39
98378,20,41
98379,19,38
98380,19,41
98381,19,40
98382,19,40
98383,19,38
98384,19,38
98385,19,38
98386,19,39
98387,19,39
98388,19,36
98389,19,39
98390,19,40
98391,20,37
98392,19,38
98393,19,37
98394,19,39
98395,19,38
98396,19,37
98397,19,39
98398,19,39
98399,19,38
98400,19,39
98401,19,42
98402,19,38
98403,20,41
98404,19,38
98405,19,41
98406,19,41
98407,19,39
98408,19,39
98409,19,38
98410,19,38
98411,19,39
98412,19,41
98413,19,39
98414,19,39
98415,19,38
98416,19,39
98417,19,40
98418,19,38
98419,19,39
98420,19,39
98421,19,39
98422,19,40
98423,19,38
98424,19,38
98425,19,41
98426,20,40
98427,19,42
98428,19,40
98429,19,38
98430,20,40
98431,19,39
98432,19,40
98433,19,39
98434,19,40
98435,19,40
98436,20,41
98437,19,37
98438,19,39
98439,19,39
98440,20,38
98441,19,40
98442,19,41
98443,19,38
98444,19,39
98445,19,39
98446,19,40
98447,19,40
98448,19,39
98449,19,40
98450,19,42
98451,19,40
98452,19,38
98453,20,40
98454,19,40
98455,19,38
98456,19,41
98457,20,38
98458,19,37
98459,19,41
98460,19,38
98461,19,40
98462,19,41
98463,19,39
98464,19,41
98465,19,38
98466,19,38
98467,19,38
98468,19,38
98469,19,40
98470,19,40
98471,19,37
98472,19,41
98473,19,39
98474,20,39
98475,19,39
98476,19,37
98477,19,39
98478,19,42
98479,19,38
98480,19,40
98481,19,40
98482,19,39
98483,19,39
98484,19,42
98485,19,40
98486,19,40
98487,19,39
98488,19,38
98489,19,44
98490,19,40
98491,19,40
98492,19,40
98493,19,37
98494,19,39
98495,19,41
98496,19,40
98497,19,41
98498,19,37
98499,19,39
98500,19,44
98501,19,38
98502,19,38
98503,19,40
98504,19,38
98505,20,38
98506,19,39
98507,19,37
98508,19,40
98509,19,36
98510,19,40
98511,19,39
98512,19,37
98513,19,37
98514,20,37
98515,19,40
98516,19,39
98517,19,39
98518,20,38
98519,19,39
98520,19,38
98521,20,41
98522,19,39
98523,19,39
98524,19,39
98525,19,38
98526,19,39
98527,19,40
98528,20,41
98529,19,42
98530,19,37
98531,19,38
98532,19,39
98533,19,39
98534,19,39
98535,19,40
98536,19,39
98537,19,41
98538,19,39
98539,19,37
98540,19,39
98541,19,42
98542,19,40
98543,19,39
98544,20,40
98545,19,40
98546,20,38
98547,19,39
98548,19,38
98549,19,39
98550,19,41
98551,19,41
98552,19,38
98553,19,38
98554,19,41
98555,19,39
98556,19,41
98557,19,40
98558,19,38
98559,20,37
98560,19,39
98561,19,41
98562,19,40
98563,19,39
98564,19,41
98565,19,40
98566,19,41
98567,19,41
98568,19,38
98569,20,39
98570,19,40
98571,19,41
98572,19,39
98573,19,39
98574,20,38
98575,19,39
98576,19,38
98577,19,41
98578,19,40
98579,19,40
98580,19,41
98581,19,38
98582,19,38
98583,19,39
98584,19,38
98585,20,38
98586,19,38
98587,19,38
98588,19,38
98589,20,39
98590,19,40
98591,19,39
98592,20,41
98593,19,39
98594,20,39
98595,19,39
98596,19,40
98597,20,38
98598,19,38
98599,19,41
98600,19,39
98601,19,38
98602,19,38
98603,19,39
98604,19,39
98605,20,40
98606,19,39
98607,19,40
98608,19,39
98609,20,38
98610,19,39
98611,19,40
98612,19,38
98613,19,39
98614,19,38
98615,19,38
98616,19,41
98617,19,39
98618,19,38
98619,20,38
98620,19,39
98621,19,40
98622,19,42
98623,19,38
98624,19,38
98625,19,39
98626,19,39
98627,20,38
98628,19,39
98629,19,39
98630,20,38
98631,19,38
98632,19,39
98633,19,37
98634,19,41
98635,20,38
98636,19,40
98637,19,39
98638,20,41
98639,19,40
98640,19,40
98641,19,37
98642,19,37
98643,19,40
98644,19,39
98645,19,40
98646,19,39
98647,19,40
98648,19,40
98649,19,39
98650,19,40
98651,19,39
98652,19,38
98653,19,37
98654,20,40
98655,19,41
98656,19,39
98657,19,39
98658,19,38
98659,19,39
98660,20,39
98661,19,39
98662,19,41
98663,19,40
98664,19,37
98665,19,39
98666,19,41
98667,19,38
98668,19,39
98669,19,40
98670,19,39
98671,19,37
98672,19,40
98673,19,38
98674,19,39
98675,20,41
98676,20,40
98677,19,40
98678,19,39
98679,19,40
98680,19,39
98681,20,40
98682,19,41
98683,20,38
98684,19,40
98685,19,41
98686,19,39
98687,19,38
98688,19,38
98689,19,41
98690,20,42
98691,20,40
98692,19,39
98693,19,40
98694,19,42
98695,19,38
98696,20,40
98697,19,41
98698,19,39
98699,20,39
98700,19,40
98701,19,43
98702,19,40
98703,19,37
98704,19,38
98705,19,39
98706,19,38
98707,19,40
98708,19,42
98709,19,39
98710,19,39
98711,20,39
98712,19,40
98713,19,39
98714,19,39
98715,19,38
98716,19,41
98717,19,38
98718,19,39
98719,19,39
98720,19,40
98721,20,40
98722,19,41
98723,19,40
98724,19,39
98725,19,39
98726,19,41
98727,19,39
98728,19,39
98729,19,38
98730,20,41
98731,19,40
98732,19,39
98733,19,40
98734,19,38
98735,19,39
98736,19,39
98737,19,41
98738,19,40
98739,19,37
98740,19,40
98741,19,40
98742,19,38
98743,19,40
98744,19,38
98745,19,38
98746,19,38
98747,19,39
98748,19,40
98749,19,40
98750,19,38
98751,19,40
98752,19,40
98753,19,41
98754,19,40
98755,19,37
98756,19,39
98757,20,39
98758,20,40
98759,20,39
98760,19,39
98761,19,40
98762,19,38
98763,19,38
98764,20,39
98765,19,40
98766,19,40
98767,19,40
98768,19,38
98769,19,39
98770,19,40
98771,19,40
98772,19,38
98773,19,39
98774,19,39
98775,19,38
98776,20,40
98777,19,41
98778,19,38
98779,19,39
98780,19,40
98781,19,42
98782,19,39
98783,19,41
98784,19,40
98785,19,40
98786,20,40
98787,19,40
98788,19,39
98789,19,39
98790,19,42
98791,19,38
98792,19,38
98793,19,39
98794,19,40
98795,19,40
98796,19,41
98797,20,38
98798,20,39
98799,19,41
98800,19,39
98801,19,38
98802,19,41
98803,19,37
98804,19,38
98805,20,39
98806,19,38
98807,20,40
98808,19,39
98809,19,39
98810,20,40
98811,19,40
98812,19,40
98813,19,39
98814,19,40
98815,19,39
98816,19,39
98817,19,38
98818,19,40
98819,19,42
98820,20,40
98821,19,41
98822,20,39
98823,19,39
98824,19,40
98825,19,43
98826,19,39
98827,20,38
98828,19,40
98829,19,41
98830,19,37
98831,19,38
98832,19,39
98833,19,41
98834,19,37
98835,19,38
98836,19,38
98837,20,39
98838,19,38
98839,20,41
98840,19,37
98841,19,39
98842,20,40
98843,19,39
98844,19,37
98845,19,40
98846,19,41
98847,19,40
98848,19,38
98849,19,39
98850,19,37
98851,19,38
98852,19,37
98853,19,38
98854,19,40
98855,19,40
98856,19,38
98857,19,40
98858,20,39
98859,19,43
98860,19,39
98861,19,38
98862,19,39
98863,19,38
98864,19,41
98865,20,39
98866,19,40
98867,20,39
98868,19,40
98869,19,39
98870,19,39
98871,19,39
98872,19,38
98873,19,40
98874,19,39
98875,19,38
98876,19,39
98877,19,38
98878,19,39
98879,19,39
98880,19,38
98881,19,39
98882,20,38
98883,19,38
98884,19,38
98885,19,38
98886,19,39
98887,19,39
98888,20,40
98889,19,40
98890,19,40
98891,19,40
98892,19,42
98893,19,40
98894,20,40
98895,19,41
98896,19,40
98897,19,39
98898,19,42
98899,19,39
98900,20,41
98901,19,39
98902,19,41
98903,20,41
98904,20,42
98905,19,38
98906,19,40
98907,19,40
98908,19,39
98909,19,40
98910,19,40
98911,19,38
98912,19,40
98913,19,40
98914,19,38
98915,19,37
98916,19,41
98917,19,38
98918,19,37
98919,19,38
98920,19,40
98921,19,39
98922,19,38
98923,19,41
98924,20,41
98925,19,40
98926,19,38
98927,19,43
98928,20,37
98929,19,41
98930,19,41
98931,19,38
98932,19,38
98933,20,39
98934,19,40
98935,20,40
98936,20,40
98937,19,39
98938,19,39
98939,19,41
98940,19,39
98941,19,38
98942,19,39
98943,19,40
98944,19,40
98945,19,40
98946,19,38
98947,19,40
98948,19,40
98949,19,39
98950,19,41
98951,19,37
98952,19,38
98953,19,38
98954,19,38
98955,19,37
98956,19,41
98957,19,39
98958,19,38
98959,19,39
98960,19,39
98961,20,38
98962,19,38
98963,19,41
98964,20,39
98965,20,39
98966,19,37
98967,19,40
98968,19,37
98969,19,42
98970,19,43
98971,19,40
98972,19,41
98973,19,39
98974,20,38
98975,19,38
98976,19,40
98977,19,40
98978,19,40
98979,19,36
98980,19,40
98981,20,41
98982,19,41
98983,19,39
98984,19,38
98985,19,39
98986,19,39
98987,19,41
98988,19,39
98989,19,40
98990,19,40
98991,19,40
98992,19,40
98993,20,38
98994,19,40
98995,19,39
98996,20,37
98997,19,41
98998,19,37
98999,19,41
99000,19,39
99001,19,40
99002,19,40
99003,20,38
99004,19,40
99005,19,41
99006,19,40
99007,20,40
99008,20,41
99009,19,39
99010,19,39
99011,19,39
99012,19,37
99013,19,37
99014,19,40
99015,19,37
99016,19,38
99017,19,40
99018,19,41
99019,20,37
99020,19,42
99021,19,40
99022,19,40
99023,20,39
99024,20,39
99025,19,38
99026,19,41
99027,19,39
99028,19,38
99029,19,37
99030,20,40
99031,19,38
99032,20,40
99033,19,40
99034,19,39
99035,19,38
99036,19,39
99037,19,38
99038,19,44
99039,19,39
99040,19,40
99041,19,41
99042,19,38
99043,19,41
99044,19,38
99045,19,40
99046,19,39
99047,19,42
99048,19,39
99049,19,40
99050,19,39
99051,20,40
99052,19,37
99053,19,40
99054,19,40
99055,19,38
99056,19,38
99057,20,38
99058,19,36
99059,20,39
99060,19,40
99061,19,42
99062,19,38
99063,19,38
99064,19,38
99065,19,41
99066,20,41
99067,19,40
99068,19,39
99069,19,40
99070,20,39
99071,19,44
99072,19,39
99073,19,41
99074,19,39
99075,19,38
99076,19,37
99077,19,40
99078,19,38
99079,20,38
99080,20,39
99081,20,39
99082,19,41
99083,20,39
99084,19,39
99085,19,38
99086,19,41
99087,19,42
99088,19,39
99089,19,39
99090,20,41
99091,19,39
99092,19,40
99093,19,41
99094,19,39
99095,19,40
99096,19,39
99097,19,39
99098,19,39
99099,20,42
99100,19,38
99101,19,41
99102,19,40
99103,20,39
99104,19,38
99105,19,39
99106,20,39
99107,19,40
99108,20,40
99109,19,39
99110,19,39
99111,20,41
99112,19,40
99113,19,40
99114,19,39
99115,19,40
99116,19,37
99117,19,41
99118,19,38
99119,19,40
99120,19,39
99121,19,41
99122,19,38
99123,19,39
99124,19,39
99125,19,39
99126,19,39
99127,20,38
99128,19,40
99129,19,38
99130,19,39
99131,19,39
99132,19,39
99133,19,38
99134,19,37
99135,20,39
99136,19,41
99137,19,41
99138,19,38
99139,19,38
99140,19,41
99141,19,39
99142,19,40
99143,19,37
99144,20,38
99145,19,39
99146,19,40
99147,19,41
99148,19,41
99149,19,40
99150,19,39
99151,19,39
99152,19,41
99153,19,39
99154,19,38
99155,19,39
99156,19,42
99157,19,39
99158,19,40
99159,19,40
99160,19,38
99161,19,40
99162,19,39
99163,20,40
99164,19,39
99165,19,41
99166,19,37
99167,19,39
99168,20,39
99169,19,40
99170,20,40
99171,19,40
99172,19,40
99173,19,40
99174,20,40
99175,19,37
99176,19,38
99177,19,38
99178,19,41
99179,19,42
99180,19,40
99181,19,38
99182,20,39
99183,19,40
99184,19,41
99185,19,39
99186,19,38
99187,19,40
99188,20,39
99189,19,39
99190,19,39
99191,19,39
99192,19,39
99193,19,39
99194,19,39
99195,19,39
99196,19,38
99197,19,39
99198,20,39
99199,19,39
99200,20,40
99201,19,39
99202,19,40
99203,19,40
99204,19,38
99205,19,38
99206,19,39
99207,20,39
99208,19,42
99209,19,39
99210,19,37
99211,19,37
99212,19,41
99213,19,38
99214,19,37
99215,19,39
99216,20,39
99217,19,39
99218,19,39
99219,20,40
99220,20,39
99221,19,41
99222,19,39
99223,19,38
99224,19,40
99225,19,39
99226,19,40
99227,19,40
99228,19,40
99229,20,40
99230,20,40
99231,20,40
99232,19,38
99233,19,39
99234,19,39
99235,19,41
99236,19,38
99237,19,38
99238,19,39
99239,19,42
99240,19,38
99241,20,39
99242,19,38
99243,20,41
99244,19,38
99245,19,40
99246,19,37
99247,20,41
99248,19,39
99249,19,40
99250,19,39
99251,19,40
99252,19,39
99253,19,39
99254,19,38
99255,19,40
99256,19,40
99257,19,38
99258,19,40
99259,19,38
99260,19,41
99261,19,39
99262,19,39
99263,19,39
99264,19,40
99265,19,40
99266,19,38
99267,19,36
99268,19,40
99269,19,40
99270,19,39
99271,19,41
99272,19,40
99273,19,38
99274,19,39
99275,19,38
99276,20,39
99277,20,40
99278,19,40
99279,19,40
99280,19,39
99281,19,39
99282,19,42
99283,19,41
99284,19,38
99285,19,40
99286,20,39
99287,19,40
99288,19,42
99289,19,40
99290,19,38
99291,19,40
99292,19,38
99293,19,41
99294,19,39
99295,19,39
99296,19,40
99297,19,38
99298,20,38
99299,19,40
99300,20,39
99301,19,38
99302,19,37
99303,19,38
99304,20,39
99305,19,42
99306,19,40
99307,19,40
99308,19,38
99309,20,39
99310,19,39
99311,20,39
99312,19,41
99313,19,39
99314,19,39
99315,19,38
99316,19,40
99317,19,40
99318,19,40
99319,19,39
99320,20,39
99321,19,40
99322,19,42
99323,19,42
99324,19,41
99325,19,37
99326,19,41
99327,19,39
99328,19,40
99329,19,39
99330,19,41
99331,19,39
99332,19,41
99333,19,39
99334,19,40
99335,19,40
99336,20,39
99337,19,40
99338,19,40
99339,19,39
99340,19,39
99341,19,37
99342,20,39
99343,19,39
99344,19,40
99345,19,40
99346,19,38
99347,20,40
99348,19,39
99349,20,40
99350,19,40
99351,19,40
99352,19,39
99353,20,38
99354,19,39
99355,19,40
99356,19,40
99357,19,40
99358,19,40
99359,20,38
99360,20,39
99361,19,41
99362,19,40
99363,20,40
99364,19,39
99365,19,39
99366,19,42
99367,19,40
99368,19,39
99369,19,43
99370,19,39
99371,19,38
99372,19,40
99373,19,41
99374,20,39
99375,19,39
99376,20,39
99377,19,40
99378,19,38
99379,19,40
99380,20,40
99381,19,39
99382,19,38
99383,19,39
99384,19,39
99385,19,39
99386,19,38
99387,19,37
99388,19,39
99389,19,37
99390,19,40
99391,20,41
99392,19,40
99393,20,42
99394,19,39
99395,19,40
99396,19,38
99397,19,37
99398,19,38
99399,20,38
99400,19,38
99401,19,39
99402,19,40
99403,19,40
99404,19,38
99405,19,39
99406,19,37
99407,19,39
99408,20,40
99409,19,40
99410,19,39
99411,19,40
99412,20,38
99413,19,40
99414,19,39
99415,20,37
99416,19,38
99417,19,39
99418,19,38
99419,19,41
99420,20,38
99421,20,41
99422,19,39
99423,19,39
99424,19,38
99425,19,39
99426,19,37
99427,19,39
99428,19,38
99429,19,40
99430,19,39
99431,19,40
99432,19,38
99433,19,40
99434,19,41
99435,19,39
99436,19,38
99437,19,40
99438,19,43
99439,19,45
99440,19,39
99441,19,40
99442,19,41
99443,19,39
99444,20,40
99445,19,38
99446,19,40
99447,19,39
99448,19,40
99449,19,39
99450,20,39
99451,19,43
99452,20,41
99453,19,39
99454,19,40
99455,20,37
99456,19,40
99457,19,40
99458,19,39
99459,19,39
99460,19,40
99461,20,40
99462,19,39
99463,19,37
99464,19,39
99465,20,39
99466,19,39
99467,19,38
99468,19,38
99469,19,39
99470,19,39
99471,19,40
99472,19,37
99473,19,39
99474,19,40
99475,19,41
99476,19,42
99477,19,38
99478,19,42
99479,19,39
99480,19,41
99481,19,39
99482,19,39
99483,20,40
99484,19,39
99485,19,40
99486,19,39
99487,19,39
99488,19,39
99489,19,39
99490,19,40
99491,19,41
99492,19,40
99493,19,39
99494,19,37
99495,19,38
99496,19,42
99497,20,41
99498,19,40
99499,19,39
99500,19,39
99501,19,41
99502,19,40
99503,19,38
99504,20,38
99505,19,39
99506,19,39
99507,19,39
99508,19,41
99509,19,38
99510,19,39
99511,19,39
99512,19,39
99513,19,38
99514,19,39
99515,19,40
99516,19,40
99517,19,41
99518,19,37
99519,19,38
99520,19,38
99521,19,40
99522,19,40
99523,19,41
99524,19,38
99525,19,42
99526,19,39
99527,19,39
99528,19,41
99529,19,41
99530,19,38
99531,19,39
99532,19,37
99533,20,37
99534,19,39
99535,19,40
99536,19,39
99537,19,39
99538,20,38
99539,19,37
99540,19,38
99541,19,39
99542,19,39
99543,19,40
99544,20,40
99545,19,40
99546,19,42
99547,19,39
99548,19,40
99549,19,40
99550,19,39
99551,20,41
99552,19,40
99553,19,39
99554,19,37
99555,19,38
99556,20,39
99557,19,39
99558,20,41
99559,19,39
99560,19,38
99561,19,37
99562,19,39
99563,19,39
99564,19,42
99565,20,41
99566,19,40
99567,20,38
99568,19,39
99569,19,40
99570,19,40
99571,19,39
99572,19,39
99573,19,40
99574,19,40
99575,19,41
99576,19,38
99577,19,40
99578,19,37
99579,20,39
99580,19,40
99581,19,40
99582,19,40
99583,19,40
99584,19,39
99585,19,40
99586,19,38
99587,19,40
99588,19,39
99589,20,38
99590,19,39
99591,19,38
99592,19,41
99593,20,38
99594,19,41
99595,19,37
99596,19,39
99597,19,39
99598,19,39
99599,19,39
99600,19,40
99601,19,37
99602,19,41
99603,19,38
99604,19,39
99605,19,40
99606,19,40
99607,19,38
99608,19,40
99609,19,39
99610,20,40
99611,19,40
99612,19,38
99613,19,40
99614,19,38
99615,19,40
99616,19,38
99617,19,38
99618,19,40
99619,20,41
99620,19,39
99621,19,40
99622,19,42
99623,19,40
99624,19,38
99625,19,38
99626,19,40
99627,19,39
99628,20,40
99629,19,39
99630,20,39
99631,19,41
99632,20,40
99633,20,39
99634,19,39
99635,20,38
99636,19,39
99637,19,38
99638,19,40
99639,19,40
99640,19,41
99641,20,42
99642,19,39
99643,20,40
99644,20,41
99645,20,41
99646,19,39
99647,19,40
99648,20,39
99649,19,40
99650,19,37
99651,19,39
99652,19,40
99653,19,39
99654,19,42
99655,20,40
99656,19,38
99657,19,39
99658,19,39
99659,19,39
99660,20,38
99661,19,38
99662,20,41
99663,19,40
99664,19,39
99665,19,39
99666,19,42
99667,19,40
99668,19,41
99669,19,40
99670,19,40
99671,19,39
99672,19,38
99673,20,38
99674,19,37
99675,19,37
99676,20,38
99677,20,42
99678,19,38
99679,19,38
99680,19,40
99681,19,38
99682,19,41
99683,20,39
99684,19,39
99685,19,40
99686,20,40
99687,19,40
99688,19,39
99689,19,39
99690,20,40
99691,19,41
99692,19,39
99693,19,41
99694,19,38
99695,19,40
99696,19,39
99697,19,38
99698,19,38
99699,19,40
99700,19,40
99701,19,39
99702,19,38
99703,19,39
99704,19,39
99705,19,41
99706,19,39
99707,19,39
99708,19,39
99709,19,39
99710,19,40
99711,19,39
99712,19,40
99713,19,39
99714,19,40
99715,20,40
99716,20,39
99717,19,40
99718,19,39
99719,19,38
99720,19,40
99721,19,38
99722,19,39
99723,19,40
99724,20,38
99725,19,39
99726,20,40
99727,19,40
99728,19,39
99729,19,40
99730,19,38
99731,19,38
99732,19,38
99733,19,41
99734,19,38
99735,19,38
99736,20,39
99737,19,38
99738,19,39
99739,19,40
99740,19,38
99741,19,39
99742,20,39
99743,19,36
99744,19,38
99745,19,38
99746,19,39
99747,19,40
99748,19,39
99749,19,39
99750,19,41
99751,19,41
99752,19,38
99753,19,40
99754,19,38
99755,19,37
99756,19,39
99757,19,40
99758,19,38
99759,19,40
99760,19,39
99761,19,39
99762,19,39
99763,19,39
99764,19,38
99765,19,39
99766,19,39
99767,19,40
99768,20,38
99769,19,42
99770,20,40
99771,19,36
99772,19,39
99773,19,39
99774,19,39
99775,19,38
99776,19,38
99777,20,38
99778,19,39
99779,19,41
99780,19,40
99781,20,39
99782,19,39
99783,19,42
99784,19,42
99785,19,40
99786,19,41
99787,19,41
99788,19,38
99789,19,37
99790,19,39
99791,19,41
99792,19,41
99793,20,40
99794,20,40
99795,20,38
99796,19,40
99797,19,38
99798,19,39
99799,19,40
99800,19,39
99801,19,38
99802,19,41
99803,19,37
99804,20,40
99805,19,38
99806,19,38
99807,19,37
99808,20,38
99809,19,38
99810,19,40
99811,19,38
99812,19,40
99813,19,40
99814,19,38
99815,19,40
99816,19,40
99817,19,38
99818,19,38
99819,19,38
99820,19,40
99821,19,41
99822,19,39
99823,19,39
99824,19,41
99825,19,40
99826,19,40
99827,19,37
99828,19,40
99829,19,39
99830,20,41
99831,19,38
99832,19,40
99833,19,38
99834,19,38
99835,19,38
99836,19,37
99837,19,39
99838,19,43
99839,19,40
99840,19,39
99841,20,38
99842,19,42
99843,19,38
99844,19,38
99845,19,40
99846,19,40
99847,20,39
99848,19,39
99849,19,38
99850,19,39
99851,20,38
99852,19,40
99853,19,39
99854,19,38
99855,19,39
99856,19,40
99857,20,41
99858,19,40
99859,19,40
99860,19,41
99861,19,40
99862,20,41
99863,19,42
99864,19,39
99865,19,39
99866,19,39
99867,19,41
99868,19,38
99869,19,40
99870,19,40
99871,20,38
99872,19,41
99873,19,39
99874,19,38
99875,19,40
99876,19,38
99877,20,39
99878,19,40
99879,19,39
99880,20,39
99881,19,40
99882,19,43
99883,19,38
99884,19,39
99885,19,43
99886,19,39
99887,19,40
99888,19,41
99889,19,41
99890,20,39
99891,19,39
99892,19,38
99893,19,38
99894,19,40
99895,19,39
99896,19,37
99897,19,39
99898,19,38
99899,19,39
99900,19,38
99901,19,36
99902,19,40
99903,20,39
99904,19,40
99905,20,40
99906,20,40
99907,19,42
99908,19,39
99909,19,40
99910,19,39
99911,19,40
99912,19,40
99913,19,38
99914,19,40
99915,19,40
99916,20,37
99917,19,39
99918,19,38
99919,19,39
99920,19,41
99921,20,39
99922,20,37
99923,19,41
99924,19,41
99925,20,39
99926,19,38
99927,19,40
99928,19,42
99929,20,41
99930,19,40
99931,19,40
99932,19,38
99933,19,39
99934,19,38
99935,19,41
99936,19,40
99937,20,41
99938,20,38
99939,19,41
99940,19,40
99941,19,39
99942,19,38
99943,19,41
99944,19,39
99945,19,38
99946,20,39
99947,20,39
99948,19,39
99949,19,38
99950,19,40
99951,19,39
99952,19,40
99953,19,40
99954,19,39
99955,19,42
99956,19,39
99957,19,40
99958,19,39
99959,19,37
99960,19,41
99961,19,40
99962,19,39
99963,19,41
99964,20,40
99965,19,36
99966,19,39
99967,19,38
99968,20,42
99969,19,40
99970,19,40
99971,19,42
99972,20,38
99973,19,38
99974,19,40
99975,20,39
99976,19,38
99977,19,39
99978,19,41
99979,19,38
99980,19,40
99981,19,37
99982,19,40
99983,19,40
99984,20,39
99985,19,40
99986,19,40
99987,19,38
99988,19,39
99989,19,40
99990,19,38
99991,19,39
99992,19,39
99993,20,40
99994,19,41
99995,19,38
99996,19,38
99997,19,40
99998,20,40
99999,19,41
100000,19,41
